 AtanackovicxBogoboj_SRP18520BogobojADvaIdola-L2_1 BaruncyicxKosta_SRP18791KostaBPastirKralj-L2_1 CxipikoIvo_SRP19041IvoCZaKruhom-L2_1 CxipikoIvo_SRP19090IvoCPauci-L2_1 CxorovicxSvetozar_SRP19051SvetozarCZenidbaPK-L2_1 CxorovicxSvetozar_SRP19132SvetozarCJarani-L2_1 CxorovicxSvetozar_SRP19192SvetozarCUcelijama-L2_1 DimitrijevicxKelena_SRP19012JelenaDDjulMarika-L2_1 DimitrijevicxKelena_SRP19070JelenaDFatiSultan-L2_1 DimitrijevicxKelena_SRP19120JelenaD-Nove-L2_1 DinicxSreten_SRP19091SretenDPreporodjaj-L2_1 DomanovicxRadojeM_SRP19025RadojeDStradija-L2_1 DxordxevicxVladan_SRP18631VladanDjKocinaKrajna-L2_1 DxordxevicxVladan_SRP18690GmundenskoJezero-L2_1 DxordxevicxVladan_SRP19131VladanDjUFront-L2_1 DxoricxNikolaV_SRP18821NikolaVDjKavaljerLaza-L2_1 DxuricxDusxan_SRP18962DusanDjKonacDelo-L2_1 DxuricyicxMladenSt_SRP19141MladenDjKadSumeTalasi-L2_1 GavrilovicxAndra_SRP18930AndraGPrveZrtve-L2_1 GavrilovicxAndra_SRP18964AndraGDespotovaVlastela-L2_1 GavrilovicxDraga_SRP18840DraginjaGIzUcitZivota-L2_1 GavrilovicxDraga_SRP18870DraginjaGBabadevojka-L2_1 GavrilovicxDraga_SRP18890DraginjaGDevRoman-L2_1 GlisxicxMilovan_SRP18751MilivanGGlavaSecera-L2_1 IgnxatovicxKakov_SRP18590JakovIDjuradjB-L2_1 IgnxatovicxKakov_SRP18620JednaZenidba-L2_1 IgnxatovicxKakov_SRP18630JakovIMilanN-L2_1 IgnxatovicxKakov_SRP18750JakovIVasaRespekt-L2_1 IlicxDragutinK_SRP19040DragutinIDjera-L2_1 IlicxDragutinK_SRP19061DragutinIHadziDisa-L2_1 KaksxicxDxura_SRP18740DjuraJSeljaci-L2_1 KaksxicxDxura_SRP18760DjuraJCicaTima-L2_1 KankovicxMilica_SRP19180MilicaJPreSrece-L2_1 KanxicxVelislav_SRP18992VelislavJLutajuceDuse-L2_1 KaraRadovanovicxPavle_SRP19002KrvaviZlocin-L2_1 KevticxaStevanaK_SRP18911StevanJJDanica-L2_1 KezdicxKostaD_SRP19062KostaJZlocinSvekrve-L2_1 KomarcyicxLazar_SRP18800DragocenaOgrlica-L2_1 KomarcyicxLazar_SRP18871LazarKMojKocijas-L2_1 KomarcyicxLazar_SRP18934LazarK1RazorenUm-L2_1 KosticxTadijaP_SRP18960TadijaKGospodaSeljaci-L2_1 KosticxTadijaP_SRP19030PrvoVeselje-L2_1 KovicyicxZxivojin_SRP18935RobinjicaZlata-L2_1 LazarevicxLazaK_SRP18980LazaLSvabica-L2_1 MamuzicxStevan_SRP18961StevanMNejednakaBracacorr20201221-L2_1 MarkovicxAdamovPavle_SRP18881PavleMADuhVremena-L2_1 MatavulxSimo_SRP18922SimoMBakonja-L2_1 MatijasxicxStevanM_SRP18970StevanMatGroficaAgnesa-L2_1 MihajlovicBranko_SRP18780BrankoMPredZoru-L2_1 MijatovicxCyedomilx_SRP18910CyedomirMIkonija-L2_1 MijatovicxCyedomilx_SRP18920RajkoOdRasine-L2_1 MijatovicxCyedomilx_SRP18990MijatovicCyKnezGradoje-L2_1 MilicxevicxMilanDx_SRP18790MilanDjMJurmusaFatima-L2_1 MilicxevicxMilanDx_SRP18810MilanDjMDesetPara-L2_1 MilicxevicxMilanDx_SRP18860MilanDjMOmerCelebija-L2_1 MilicxevicxVelxkoM_SRP19121VeljkoMBespuce-L2_1 MiodragovicxKovan_SRP19102JovanMRadisa-L2_1 Nepoznat_SRP18923NNBeogradskeTajne-L2_1 NovakovicxStojan_SRP19130StojanNKaludjerHajduk-L2_1 NusxicxBranislav_SRP19021BranislavNOpstinskoDet-L2_1 NusxicxBranislav_SRP19201BranislavN1915-L2_1 PetrovicxBosxkoSt_SRP19080ModernoRoblje-L2_1 PetrovicxKosta_SRP18965KostaPNeimarisaKrajem-L2_1 PopovicxPanta_SRP18691PantaPKakavJeKo-L2_1 PopovicxStevanV_SRP18882StevanVPSumarevaCerka-L2_1 PopovicxSxapcyaninMilorad_SRP18880SapcaninSanjalo-L2_1 PopovicxTodorLx_SRP19010TodorPGila-L2_1 RadovicxDimitrije_SRP18942DimitijeR-Sinovac-L2_1 RadulovicxPera_SRP18752PeraRBezOcaMajke-L2_1 RankovicxDragutinaK_SRP19023DragutinRSlavko-L2_1 RankovicxSvetolik_SRP18971SvetolikRGorskiCar-L2_1 RankovicxSvetolik_SRP18993SvetolikRSeoskaUciteljica-L2_1 RankovicxSvetolik_SRP19000SvetolikRPoruseniIdeali-L2_1 RogicxDusxan_SRP18921DusanRSrbinHrvatica-L2_1 SavicxBozxa_SRP19031BozaSDveSestre-L2_1 SekulicxIsidora_SRP19190IsidoraSDjakon-L2_1 SremacStevan_SRP18941StevanSPopViraPopSpira-L2_1 SremacStevan_SRP18950StevanSIvakovaSlava-L2_1 SremacStevan_SRP19071StevanSZonaZ-L2_1 SretenovicxMihailo_SRP18940MihailoSRadeticaMara-L2_1 StankovicxBorisav_SRP18991BorisavSUvelaRuza-L2_1 StankovicxBorisav_SRP19022BorisavSPokojnikovaZena-L2_1 StankovicxBorisav_SRP19101BorisavSNecistaKrv-L2_1 SuboticxKamenko_SRP19203KamenkoSLegijaSmrti-L2_1 SuboticxKovan_SRP18730JovanSKaludjer-L2_1 SvetolikVladimir_SRP18951VladimirSKaznjenoNeverstvo-L2_1 SxisxkovicxDragomir_SRP19200DragomirSJedanOd-L2_1 TaletovPeraS_SRP19060PeraTNovac-L2_1 TasicxDimitrijeS_SRP19024MickoHarambasa-L2_1 TodorovicxPera_SRP18892PeraTodSilazakSPrestola-L2_1 TodorovicxPera_SRP18933PeraTodSmrtKaradjordja-L2_1 TomicxKasxa_SRP18966JasaTNazareni-L2_1 TutunovicxRadojicaV_SRP19001MilanovoSkolovanje-L2_1 UskokovicxMilutin_SRP19100MilutinUDosljaci-L2_1 UskokovicxMilutin_SRP19110MilutinUPotroseneReci-L2_1 UskokovicxMilutin_SRP19140MilutinUCedomirIlic-L2_1 VeselinovicxKankoM_SRP18891JankoVBorci-L2_1 VeselinovicxKankoM_SRP18932JankoVSeljanka-L2_1 VeselinovicxKankoM_SRP18963HajdukStanko-L2_1 VuleticxVukasovicxVid_SRP19011VidVVCarDubrovnik-L2_1
AtanackovicxBogoboj_SRP18520BogobojADvaIdola-L2_1 0.0 46.08348031766599 64.01453596399699 63.24828413997528 63.45288844936355 65.17994378436741 66.07080461448197 62.86288935078904 64.01355107703517 56.26207760736809 57.99719515952045 59.20454516711435 48.05721626108265 51.020399854127064 51.4562556955538 56.31129450213313 52.06057990673719 58.31158031312234 56.53825430225182 57.09553118497966 51.12061360573965 54.58065253447727 52.10557362874255 63.6354484764662 51.91715881112422 53.918837640112244 51.84273348052205 54.27230490515374 61.238768306622624 56.54092926354419 57.048727474791015 51.35461877581162 53.74366354898551 54.462264576926955 51.30392333767985 53.85319733224157 55.93095725217033 45.72760797067353 46.69901393982504 48.656079378750206 61.781697713078174 61.24997453457717 50.00688625563822 53.54330536506489 58.50951245040311 63.089428423374095 62.773613047807885 51.781773908871656 57.08164399215019 55.49877520449988 54.777550409657316 56.51689080304224 60.58804268701421 54.28351666099208 58.68391869125775 60.306247791950604 59.224930319264324 55.672948389508704 54.06107853006308 61.57720922305426 59.75474686791031 57.66534901376406 61.44592384422161 50.40825943994175 57.6905410394579 65.27156843696805 65.42818872985036 52.31434920935057 49.45643998851778 54.392553603275545 63.671854924145286 64.8146327925327 67.25337553367675 49.71980174714151 60.62226468794453 60.12042635185982 62.121967703777074 65.14117400216571 63.91887367300622 54.668825318370104 60.71557373753789 61.901733027397306 63.04678691763777 55.12869711979209 50.35655192029715 53.16655275427086 63.01818781313798 56.46041442208843 54.98477024357009 55.42213962018371 56.88627946634538 58.48879710862696 53.99554122883582 54.15462191128904 57.384756490886566 59.64326209347057 55.648821364382506 55.86818851723674 54.427965315725324 57.325226154076304
BaruncyicxKosta_SRP18791KostaBPastirKralj-L2_1 46.08348031766599 0.0 62.62838373602431 61.45920162761078 69.02937022264227 67.07388192884038 65.99105197319933 63.46720209340942 62.00437725250947 68.74571728664532 59.62888060928624 47.931485142612914 52.49610775868088 47.43918835915243 48.74848157135639 60.77554643679307 45.47887890212757 49.50960337390621 44.61661428049676 47.240606476187665 52.98328166548672 59.24605418454572 56.09876927822421 69.71031015825628 40.23563935465425 62.145192166385094 57.7451339717634 52.679546394662296 58.45094753981347 53.97339255990367 63.4793358641404 56.53368794276841 65.98032655299785 52.309057922410894 59.20697021901564 45.766646637267584 40.79146804601464 44.480919161898605 52.33479756653308 58.72198868960778 62.32531870435862 68.4888445806673 52.111007151142516 65.84245086380099 67.33053853368612 61.076872926319076 63.68459259823561 52.059718586122266 55.992364432846685 48.58724835893887 53.88076008008397 49.581750548753746 54.54424675520753 61.244343171625694 52.50447318436196 57.219793700434195 56.92675613935504 42.868621622382555 42.73623882392504 62.04250333115452 48.44132942562433 46.10948222454527 55.3816912818125 47.471107937300395 53.65450488214166 61.178116323085064 71.27872771011276 56.067943096719816 52.84730633996324 66.16154422610408 69.94957010089796 72.37066724584689 64.82003721188151 55.30572765081896 59.711931650383704 54.10080825086561 66.14786546076205 68.70270076135579 63.90965217578518 61.21909734671897 66.21368095696073 66.4029229043239 61.907242684889 44.005665855704386 44.06678509462307 47.294569536723024 64.10485053032815 61.79616304612563 50.38202398410493 51.33722746607644 45.91135017671608 61.11094532972755 63.76471752620889 53.32252565279614 55.35854400407099 54.42677241533012 66.85778612165372 67.92091270566625 66.58822477983502 47.8684744350925
CxipikoIvo_SRP19041IvoCZaKruhom-L2_1 64.01453596399699 62.62838373602431 0.0 34.44405640045892 42.16958186054594 43.6029655737346 39.81341593364561 51.642326356134205 52.283279132202985 58.26687470216199 59.56953476302637 57.32326726968225 59.057930905403936 61.19782196547298 63.07190359320644 64.38103493525959 59.55028594118592 59.203945927784865 55.420781897511894 55.36291037888824 59.173734477156614 60.84940441966088 63.062964374730086 49.971215599878285 59.88916723263558 58.703822401088736 60.666418383320064 60.345292787751085 53.353786210644174 59.69901452523721 55.3639992281431 62.709074767514096 65.52383822611738 60.120320207001434 66.45819586608862 64.45469846314563 62.49895530361494 64.05095559960687 63.21870107907927 62.630346215696584 49.822397292062334 51.53730138545814 59.81773810521717 57.74918884396417 59.42948853068911 58.96268540655188 50.03610039103053 64.90668929121975 62.34391195840634 54.066395156642926 56.05696117153367 55.69673764569238 57.85640741114054 57.25915757360744 55.75599325192802 47.368138206032384 63.82400360916123 63.34579711879611 62.27358506099945 57.48031377399729 53.68256397851587 59.293781814366895 44.717989657844974 62.221180102500455 57.745605829151025 55.00354358946461 54.37811920749515 51.699973292137656 62.929397140925175 60.70432672577468 52.3819635988143 53.22706525727801 51.96395082640046 58.47482980859159 63.5682852778455 58.612746202738066 55.85075798655649 57.312736690559525 54.77952360192803 56.07529582688089 52.24735132549251 57.33330371801558 58.11258781793889 61.06021803675068 56.8436832022506 61.16736132439405 59.85938650889134 59.910034334850494 60.514485629068126 61.12011822084887 64.37109297997205 59.95794732248025 53.45852751648048 60.27274860691282 57.06392992864887 54.57209847509017 52.01057351653922 52.289589250879075 51.44064905347262 55.19102414772178
CxipikoIvo_SRP19090IvoCPauci-L2_1 63.24828413997528 61.45920162761078 34.44405640045892 0.0 44.77079063880861 45.33314800813404 42.510617099262184 47.344180261196975 46.82304650015486 55.42663560596639 57.30732326509576 60.455231054356794 63.308228067679224 63.620848117599984 64.98166633756331 66.50776224464443 62.221561537638514 64.74923985061494 56.74157122353063 57.86204486130816 62.26561333023025 59.99776943820566 59.787306214719685 47.66464171562563 55.64740494606607 58.38639187747341 58.136628759138205 54.115604147139656 54.41765612654406 57.64642496632997 51.95359473218324 60.808455257340896 68.7894789410762 58.058428040315526 63.19073732247352 62.767987051948246 56.48588098753534 66.16846344377292 62.16160631310263 61.14227112790517 44.90993512740797 49.80339386869561 59.70595523870047 59.76976061976217 57.18030222829981 52.48273816556432 49.15027030619616 68.77285270180853 65.79454401675666 52.55955605027521 54.20346354326047 53.44206671921204 51.219578560841725 54.202733721155276 50.58851664859654 52.67564523383423 64.29469312625903 68.34318751754132 61.48184573773392 57.19906316473717 59.02104282457697 63.391750831429334 45.57043121587611 58.580719498890375 59.869720233634894 53.21699143013073 53.36886720361345 56.777334499646095 63.968702975815646 63.187799648153025 51.53524748838961 55.0875044540444 52.83623172464269 57.24078285093995 63.25407196991508 59.08507278799339 55.803800343668385 50.50152863458025 54.527339775488336 54.97913005943513 50.22809079289557 52.54612315944017 55.25701893587297 61.36113682847473 56.697415247722624 65.88802608927205 59.10124904838917 62.379370262694465 66.33371020335015 66.16194552458865 66.6384925585644 57.055304747305335 56.607847183012666 65.38934187872873 61.88656136463212 58.50251427647447 52.14528823027694 52.59634651713648 53.0994064735163 56.76411341393641
CxorovicxSvetozar_SRP19051SvetozarCZenidbaPK-L2_1 63.45288844936355 69.02937022264227 42.16958186054594 44.77079063880861 0.0 31.134428552285804 28.343403079563796 52.394507921896995 56.713995853599684 56.72367155519237 54.32434861732999 63.366756829758884 65.74428761086976 68.14908839619987 65.58063950327634 62.00514576105316 66.53556489441091 67.40877398985002 62.163783713380475 63.77784259252475 59.84585962593997 60.52717248649053 62.625690506734855 43.24336069473375 63.747855936511776 55.095512301562415 60.10764134414075 64.52225136884708 53.862469534701304 59.99650424677619 54.04300128893539 59.988181723969646 60.90382959086 59.59872982353613 58.30025499611391 67.43410360400698 68.29703315562432 62.74314547281977 59.933674667629894 58.27357571434224 44.45183162448632 45.925142601219804 59.54894483235313 50.94303709608403 53.975750885895465 57.86432662328934 48.77296071594282 64.78966056491217 58.97430196408258 59.371238093492074 56.528578767771954 57.31631440119784 59.096381517338855 59.48602984545611 58.256911732024435 55.24105540370205 61.19757348312967 68.62715469907474 67.72927668231304 56.14450814813534 62.38879037339952 63.4941495471051 45.954391469179356 65.51733640406243 64.65276032768087 56.195022821670335 56.01467477047031 50.099172911091635 63.42707374294474 51.13042211114422 48.78846043934694 50.63038043219022 51.66818959651063 46.73598750038265 58.472587056173936 66.82015641735883 49.68415819324625 49.13436922914225 52.50466710342868 53.62545160562443 49.98038722214654 58.1597449313437 59.58314887915414 63.239672637773666 58.42034183766878 64.86945007297817 58.89079185798355 55.683849673630164 63.675793187352284 62.648936801728865 64.8405660576989 56.11113313764819 49.85554718615634 64.50570286850224 62.12247645693393 61.91898857220701 44.00771911398223 43.39599367995251 44.49880771662354 62.88772190800547
CxorovicxSvetozar_SRP19132SvetozarCJarani-L2_1 65.17994378436741 67.07388192884038 43.6029655737346 45.33314800813404 31.134428552285804 0.0 23.538935803980813 52.75575753071346 54.29977199527904 56.18289359560418 61.464552878695855 62.74203211415716 62.92919685660086 63.971782468754306 68.6820125740493 60.48750250042002 64.78262641215339 64.66447250637313 64.42275584536955 59.593998373390285 60.87995292267351 59.222336075720015 62.2579639847048 48.14527768670194 66.05352595014676 59.86711015107831 59.84748960220935 62.907379565548425 55.558894711532545 58.75653209173332 58.059836267823144 62.71278058328364 58.77041749395979 60.12186968238566 64.19285297249465 67.40357286718232 65.1498639669372 66.93937436092126 64.51611266995837 60.07919943680625 51.57584370497051 46.92011391867747 61.362555716959015 49.5287222591208 58.94768723118177 62.156225441549815 53.732528438887535 67.94791281031905 60.99757449534339 58.025431005208354 55.558184141175595 58.24379620317331 60.74487380057793 59.13256661380153 56.24732574121001 47.120566278923405 58.90115104029463 64.63164024437886 65.17406996934743 57.33828621413944 56.192126818456444 62.27503931573775 50.431198643849044 66.60212173385685 64.25327578179073 57.0223946259475 48.46672370746798 50.63301679634189 62.821132019310205 52.27319910056079 49.33639111545766 48.01183162021083 50.225017524045285 54.88337748761707 57.755004660061395 61.36905809716716 54.008953407845674 53.08344641658092 51.20944995312394 57.764142705963856 40.06887967791513 46.87683751183117 49.74603045367857 65.87358771519966 63.60338886208249 63.727761650016724 54.7602773477903 53.23651261917989 61.312162440656635 61.11886434506736 62.28810404428834 59.1377032803035 51.383848860479 63.20164056475827 60.9948014924061 59.0490927532627 52.92972167916788 51.203366678386004 49.96403931451553 63.87605224397117
CxorovicxSvetozar_SRP19192SvetozarCUcelijama-L2_1 66.07080461448197 65.99105197319933 39.81341593364561 42.510617099262184 28.343403079563796 23.538935803980813 0.0 49.77942733098906 52.56000822031651 58.514696281254366 58.14790330429777 60.23899944730094 63.270309756615966 64.83400501948502 67.7713762039841 64.10899270633794 62.79767768442521 62.30151707210962 58.82043966824127 57.445708004469786 62.518893203885796 64.09079816561238 65.25874013636914 45.730003212917346 62.82732851962713 59.29880870978457 64.03678375900984 64.38334048807418 51.71738327805485 60.176200105406075 56.05340166049925 62.56985991944566 63.994543703331786 61.91296369121024 65.00885399185763 67.37781195035816 66.68842108619512 64.42584947580438 62.35179114309167 61.61115547866016 47.1344079931586 47.31836527730235 61.08603899183887 54.35713847856487 60.662714889270184 59.71668624572396 50.743196468503555 67.49159640957663 61.57024333104826 54.3309100528681 53.927513187562475 55.03338865377577 56.972757897545186 60.4626765608174 56.833116879505006 49.18739665970165 62.98694091242487 66.49835698071654 64.97506876783274 57.77804626768737 56.71227803254244 60.49805581358974 44.285560508959875 68.46770247679335 63.696198960569625 54.06250044786954 52.45376017339368 51.425055566511055 66.18972807365873 55.13163183917528 48.555663166909746 49.249413557222724 46.77052609066744 51.79362426523296 60.337310011074905 62.83363510690748 54.695245103530034 53.56206463519843 52.694528999265174 57.404220771951984 45.72205173123064 55.197825737192765 55.43922597588987 63.2458420939198 61.05936059867579 62.567559998608004 59.44280629000055 55.44497575843038 60.777430290949006 61.61894836526736 63.78268385027013 59.957304920508044 53.344339225896306 63.68644811355478 60.355628332945614 58.65995140591886 50.31681461337039 49.605611239843824 47.74846062109388 59.239857668129126
DimitrijevicxKelena_SRP19012JelenaDDjulMarika-L2_1 62.86288935078904 63.46720209340942 51.642326356134205 47.344180261196975 52.394507921896995 52.75575753071346 49.77942733098906 0.0 39.45297541083167 48.37962349985323 56.04783018258586 63.6106743688937 64.2241844702928 65.37657681073728 63.93691162588787 66.99627529630557 65.58985165133382 66.37770923070391 61.634303931858746 62.117796631222554 63.5111959934694 59.35066662342397 61.58303924429467 45.71663654529226 54.74951814501779 53.63892294747666 54.39197697929598 51.70407506605293 62.27956731916571 61.73389242259411 47.865722491524934 53.36553040174171 63.04647203338976 58.9702264752705 57.00652539874714 65.76631772957455 58.89619401380949 60.087870083639444 56.92464783096726 57.7407353287218 41.95887560388549 50.93643192517711 60.31734037316862 57.63369194647177 52.470706741354796 54.52942300014971 44.99026430645074 65.99747955692568 66.61835365209362 54.699583886978864 57.485327474131125 57.02623265859146 49.447984402561666 51.714337934488334 50.939321615514615 61.67408539485862 60.59018838479619 68.17844162438853 60.31088072894454 56.70224527957652 64.69923675315377 67.02498172907883 51.64744999988574 56.48058262934029 62.5879382161859 51.70142711831605 57.42587929880371 64.69218744844571 63.483865558889796 61.14091394789851 56.19418718497583 57.436432481539555 56.13646961686127 54.97530990682863 64.45688016030343 58.4944970054583 52.42824431012991 37.179318129568614 46.250133292067055 50.71584498323917 52.86118686115386 52.6118423412723 55.22405087364369 60.91377275860606 57.7971963384589 67.43736834964018 58.93382674510864 60.99118131732944 65.6297880616022 63.286382426219284 65.00792329904888 60.075898437348414 58.00587728482753 64.18248255220938 59.247908856619084 58.99667841743607 49.71515490691211 46.778490957172245 52.49339536556143 53.385397060539994
DimitrijevicxKelena_SRP19070JelenaDFatiSultan-L2_1 64.01355107703517 62.00437725250947 52.283279132202985 46.82304650015486 56.713995853599684 54.29977199527904 52.56000822031651 39.45297541083167 0.0 39.42199208537428 63.40716512085588 57.79641437418049 61.023872223546796 60.15984905951482 63.686493320564544 64.99829512873356 62.561112603495914 54.79387320867462 55.69737615789987 56.49012378924052 66.93862835325343 59.17973576668915 61.64171185311508 54.245027457624595 55.94864882535081 61.46206529909997 61.384826657204876 50.45776334050876 54.864879963384155 60.75672236837334 50.86924969318036 56.6247594959328 66.64000848878452 57.78336371845384 65.65146592851264 61.03733888904004 52.57087495934937 63.852804287234996 62.960962119271734 62.5252419990646 47.788517047965605 57.401422274585094 58.437472803427156 61.54012523797387 58.93020770115771 56.09383314108723 47.33084546487144 65.70787593264987 69.64930326610605 49.39908353937454 57.6630881301924 55.02644897052066 47.37662190563986 56.22116097284586 49.23449811432688 52.7476480040791 61.70179152905623 59.849167551881514 56.83227505193163 58.603935331738455 56.873686168353686 63.00658134255703 47.874601263390645 56.800230178050214 59.914087257061176 47.31913401344302 58.22956127642443 60.2264074334516 64.09749356784941 67.28281890496862 58.106387363204554 55.837039571787315 50.233418371665245 59.78335288296614 59.21638404131313 49.926048425233816 59.707715810435225 50.485224695542875 52.665053907605085 57.28102327087181 51.185003731854316 50.30182352908 51.02434519688043 59.77901958679002 59.60606580320368 66.33357904733249 60.767651735285746 55.5963604513296 65.4402079605686 59.062729669612 62.787883591224286 58.81230869793645 64.05637165203756 58.24542586876178 52.38710094481473 51.96230099504812 61.24610950342769 56.05020330729768 58.748083215968215 50.56937241426813
DimitrijevicxKelena_SRP19120JelenaD-Nove-L2_1 56.26207760736809 68.74571728664532 58.26687470216199 55.42663560596639 56.72367155519237 56.18289359560418 58.514696281254366 48.37962349985323 39.42199208537428 0.0 59.098170648244036 62.87621024200854 59.27223758987174 62.94052005758224 60.417483846788805 58.24361001865485 65.51661568125157 61.14549867336115 64.76228181964127 63.57296390129056 62.08058001168806 52.42443851120584 54.56862745129756 57.29096289511702 61.21790229096083 56.548377481582726 55.6693872187508 54.56883144513113 60.362215574232295 60.150043260795655 57.36363593966509 54.4916135711719 45.94843316683046 54.86509412429554 54.51113300038696 62.40537246301905 60.1729031789779 61.331609244495795 59.69880077075008 55.89689441103145 54.906880904158555 52.49957942963278 56.394965081284944 48.34758390350561 55.921322699878594 56.94358543361917 54.001022290696746 58.73577241716395 63.30776637219867 59.3024265078703 61.36306511447881 63.025540875000985 55.510596595673 54.02768118086779 56.0695409538282 53.40006327158475 58.06099133262714 63.21076529401535 59.88028806602377 58.68328020464408 63.55337662549622 66.12627063100186 57.18799100569398 58.10635369679255 62.07833357775003 55.393100495442596 53.9131321524819 59.397444563350106 57.66447550102448 54.188085822248624 56.47976450564436 54.36868816658799 55.9869328622562 56.60234923085838 54.5006939144216 54.52121779933785 59.925893766512765 52.97360199909359 55.349670363862344 55.27158420385554 49.564170643942106 45.51581685735888 51.154365735231764 62.7055878077425 62.29766166573009 66.75246927990209 53.067322889473274 51.95494569989315 67.03812738293274 61.37956099937122 62.96325242431369 53.74643744016675 57.86599045958007 53.17786094589047 52.566250530484595 52.47468115682885 55.12511468754948 51.900760264038745 54.24031425834091 59.90144596879403
DinicxSreten_SRP19091SretenDPreporodjaj-L2_1 57.99719515952045 59.62888060928624 59.56953476302637 57.30732326509576 54.32434861732999 61.464552878695855 58.14790330429777 56.04783018258586 63.40716512085588 59.098170648244036 0.0 53.14490735497658 55.9048453220951 54.67673162529104 50.942457903500774 62.36244708394602 58.48744737072673 62.28309077866877 60.154784920827794 60.050928894513234 57.77373651812753 61.53158673714814 59.97969546512244 50.21663432800297 62.33597052069475 58.76133788865281 61.13189072625465 61.484809408572936 57.38975373676736 53.77044498302972 61.304738035125276 63.47079922846007 52.83016682054446 45.003533591473115 50.0042969781885 60.52656288346739 56.12266267673708 57.58577422181633 55.665335508267646 61.938013572236656 53.21240763543507 43.278726430903156 61.40722048395728 58.752163147972475 59.117035839290885 53.61406463584407 53.90856486199638 57.64130934647067 54.05149268460668 58.10745115301745 55.88842654628561 52.90462765009607 54.35607993049234 49.118201252709625 59.646421731448896 59.8777289233944 48.34797442742817 62.01995047295053 55.982999181454865 47.23256033586196 56.00544752519734 56.25440171600144 56.792524181969995 56.38407534773013 56.474806857792444 63.7596562847183 57.06459345114363 57.60469420196541 61.49743282271303 57.78456134777456 49.899532128437336 56.097599866086355 59.47961215529204 55.04509274299775 62.38029844861082 64.13906157631678 50.61774137866842 49.63001220675852 54.677966950033365 59.69614378998313 62.48175431536163 63.64509439682731 63.2807748947898 58.026539009593584 56.487083987063485 58.27703277105402 54.16752948586833 58.073656544551795 57.514513321828865 60.50296293022932 57.81057155772842 51.468552253768486 51.222448815884995 57.1823674528382 61.48802283389903 62.223500088128894 49.62250400225412 48.41285990191441 50.38189478330004 59.50313447155138
DomanovicxRadojeM_SRP19025RadojeDStradija-L2_1 59.20454516711435 47.931485142612914 57.32326726968225 60.455231054356794 63.366756829758884 62.74203211415716 60.23899944730094 63.6106743688937 57.79641437418049 62.87621024200854 53.14490735497658 0.0 53.762066526393795 45.88502746171544 41.16868264916362 62.58810840014089 49.59792675754114 44.89941591462751 52.099154215705205 50.994457951560356 55.35058944100538 60.099502260316406 59.63125133571305 58.86003765642534 61.87986454683223 63.57191492533903 63.84684090123314 59.84006883155359 61.55229177546587 58.14834663692259 62.046304538622636 59.46856510941579 61.21015726319746 53.7250726799908 64.47621166577149 50.53644159669599 48.280989385727544 47.25851351550428 55.00191336402057 63.23146884300817 55.838455471059085 62.64455304667247 60.89024703535891 64.05703780877731 68.36577061051435 60.529663861322106 56.23242218550063 50.87424617554884 52.43186805785487 52.665199611175055 56.05131073390144 51.086481791347765 55.95928618021313 50.57378067162503 55.852976702800255 55.27171234054974 53.76230792811705 46.344925760344566 51.7904578278613 49.8039951594459 48.675031687877684 46.86121700998986 59.549343352091505 58.0637519874962 53.665198784458546 53.65960357546514 61.53368786700782 57.79471335513842 61.1229490849537 65.47795422093786 62.20723619227768 58.73608147839022 52.099342976585675 64.09635360712682 63.51908701648842 52.828407720712185 57.650988277037 62.12457681379089 59.63223269834505 67.26765300933181 63.498450582621636 66.24095286099329 62.19934159074341 53.62715790551147 52.31989431633458 50.45173858204161 59.07756358719283 59.6391875237416 51.315276098439675 47.814592335939494 56.098132906342386 61.414679884394154 57.57611596405923 52.41591211069331 53.06799770633313 50.16102960256163 62.44050023627854 66.45956267109608 67.46789679270606 49.08322688454515
DxordxevicxVladan_SRP18631VladanDjKocinaKrajna-L2_1 48.05721626108265 52.49610775868088 59.057930905403936 63.308228067679224 65.74428761086976 62.92919685660086 63.270309756615966 64.2241844702928 61.023872223546796 59.27223758987174 55.9048453220951 53.762066526393795 0.0 38.18140571025551 48.840468387073415 52.208093583775245 49.485355016448885 52.481662905361944 52.70286952667039 50.803258328929104 51.79199899173685 60.56276332963793 58.606702040594975 62.24096504402488 55.00163827274841 60.36360801932573 59.8405095375113 59.068394243002984 53.00142701010071 53.85342994518326 60.28508814833551 58.21691220638824 54.689377509039076 57.980985498809034 58.17002879093441 54.254462772947925 59.5914018882268 56.464831101439955 54.50936752424553 54.20168736035616 69.42771767373837 63.480002344955906 54.28909308465683 60.708895639892745 64.15380257465094 56.188541018657205 62.16139579218075 55.23558913581158 57.750665460877386 50.22513247541113 48.32752776879458 47.2503571822611 57.945971827559994 56.361431893160976 58.12124426085276 56.68533221621016 59.29394878840602 47.67115926426687 54.65601069046977 58.11671097097822 55.12832832900807 52.89934857592257 61.74940093153331 53.95093090672393 51.217064433442765 60.27026457498345 52.40234626461244 51.87087652940874 45.16433315384509 60.21671453068883 54.5196775548999 55.37885799468681 57.38378118814046 60.31586303958987 59.30203254110562 59.720027101827334 60.93595125289119 65.32815166256039 59.76135852411088 61.069324266027884 62.749017549198655 59.401462402012335 58.57632472552697 57.24029343714083 60.033292935452835 53.690003693200936 61.62115308330918 62.42187812678226 46.60631559015816 53.98100550837098 49.01836235180299 60.01293352188331 58.296878840834836 57.30029449794833 60.845022862706244 60.80818226969618 63.87779616710141 62.78812803958286 56.93922974611735 55.90346337090465
DxordxevicxVladan_SRP18690GmundenskoJezero-L2_1 51.020399854127064 47.43918835915243 61.19782196547298 63.620848117599984 68.14908839619987 63.971782468754306 64.83400501948502 65.37657681073728 60.15984905951482 62.94052005758224 54.67673162529104 45.88502746171544 38.18140571025551 0.0 39.007273580376776 54.97802823812244 47.051094172957775 44.96435624593383 50.3359784378721 44.786021080015075 54.20798388805451 65.80980901483595 64.71313068828042 65.44668954288237 59.14324378481266 66.96050028846199 66.0369260504065 59.81075263242232 55.34060622690315 52.398804571127165 64.98628550010345 60.97801659433786 60.48880848257156 52.56606319557073 62.755842542603204 51.36519615738957 49.77777944107268 52.65667009395073 55.57974387025088 58.835337490434966 65.63165524621263 62.21260589374647 56.79918110425798 63.221570498838126 73.47644331930367 57.98826858047822 62.38740754093204 53.04382243362859 58.672165243958325 43.662860413735416 44.08368418336724 44.890845048770906 55.30206225656766 56.83840356491217 57.038923297937544 50.25254182037682 54.0999577707486 42.83050514907873 48.794101932393886 55.50730833358659 45.95306508340179 49.152236000530294 61.126742596589075 56.173014669175025 48.524998404672424 57.70966637299665 57.182558966059105 55.01599459880219 52.45059717314616 67.4079241884942 59.69411733851198 59.892723869916395 56.11416210417658 65.39584261154303 63.53656348560643 52.97150068043296 60.98406300528371 67.45920642261572 62.373794851536886 68.95923811244872 64.4936773447638 66.00763670547501 58.94196884811423 55.63988926393269 55.441948629722944 48.53392371663096 61.947743973358506 59.260291571541934 45.650893330124894 48.18678943861001 49.43781054354433 64.71711191064318 58.624961346348194 50.28300253834127 50.966383412020456 53.846744518708114 68.43442124447955 68.52334684295997 64.4237906252238 50.47820882835183
DxordxevicxVladan_SRP19131VladanDjUFront-L2_1 51.4562556955538 48.74848157135639 63.07190359320644 64.98166633756331 65.58063950327634 68.6820125740493 67.7713762039841 63.93691162588787 63.686493320564544 60.417483846788805 50.942457903500774 41.16868264916362 48.840468387073415 39.007273580376776 0.0 58.11863080056572 48.417859263618325 47.183050379974404 52.7671292018788 52.306657277528295 54.57824101021853 62.735005764124914 60.096322952992566 63.59800149704841 59.01642030243014 61.56291145103889 62.396043598200755 59.84560895456616 60.85699966377663 54.48102821535589 65.8625262338385 57.69739391506409 57.03090204312981 52.79904864423419 58.59963920499455 50.4090024712423 50.568849452539936 46.020288769064116 52.86191370837119 59.90974492637287 59.7279388071497 61.82630759987215 57.42109910913831 58.604385598226145 69.33092824731571 60.34652810919972 60.66606692351563 48.06528046968905 54.99882372829421 49.17310115036443 48.16296002774163 49.11316369253312 54.734099394605515 52.603948899622935 57.2476969678545 55.05092160380584 57.3148145795496 48.55903461603726 51.34847930595465 53.926784971531916 51.372654600818294 50.141853369435815 62.797171317235936 56.29224369827862 49.40712464858976 58.556380661173066 61.73076323479572 57.900499912544404 57.475792525596695 62.62126408206959 62.19770783651087 62.1406781538084 58.456169925039546 60.36789525135802 62.375470372473 55.83231740017133 60.46914206696245 64.4168754520378 64.72936682437195 65.62073847888912 66.14782092412698 67.77543285829958 63.922241223999414 51.94312115241044 52.426345689453036 46.624616911298546 56.44261356600159 56.80721763572507 48.04976540784684 49.04713812124602 55.19989107153109 64.40355685762925 57.278308989195615 47.74847633088256 49.79170354096173 50.405479071083846 61.13758329777276 63.02935494524431 64.66023384180855 52.32349730304258
DxoricxNikolaV_SRP18821NikolaVDjKavaljerLaza-L2_1 56.31129450213313 60.77554643679307 64.38103493525959 66.50776224464443 62.00514576105316 60.48750250042002 64.10899270633794 66.99627529630557 64.99829512873356 58.24361001865485 62.36244708394602 62.58810840014089 52.208093583775245 54.97802823812244 58.11863080056572 0.0 54.76149891804732 52.44135431641058 58.09120152320442 56.35982619628201 48.999976291204526 49.61185971295983 47.38772866110052 65.22501391458432 56.490005235945056 53.59246166307517 51.731773112164234 55.537485168956145 53.11611250032525 51.545246855880855 59.66025576240373 54.17988259265238 48.23445666804329 59.375763251932554 50.91918525854635 51.135002317201 59.79463103264024 59.40036303698587 58.66402537766999 55.80683071314571 69.74098460831055 61.61231617836889 55.90557069244447 52.4014189415102 52.22112179376219 52.00735292140985 64.50352738018753 51.5750638066704 44.90518340138275 64.76127047443 61.08338188458613 64.4347962692656 63.96644942321708 62.35839075874032 62.18926758071704 59.46464689545173 54.161588594449626 53.861782669805024 57.519803583527946 60.126619885985555 60.78843210871052 51.05893381845835 66.9827498010426 56.81664731683147 52.446943324587124 58.309652362079355 50.3107923114901 59.41795200568614 47.03549657944377 45.31987738131192 55.75021001065261 52.74997048295577 57.55096055114253 57.61095038164958 47.75771427562122 54.45914417180854 58.104241948456114 62.99718251813282 57.182547478061466 56.52591409975134 61.50541595669148 53.58667465692864 51.74705522099515 56.064496963499664 59.63462821884431 51.789959048796014 50.861431644130356 55.94107549076295 53.28621590288314 53.807292401642016 51.79926149384304 51.61783608222222 59.957867027579155 54.3464476156868 58.24029933338047 58.50546525443126 64.39908934840845 64.95817126815126 61.42749803436545 62.501986607147266
DxuricxDusxan_SRP18962DusanDjKonacDelo-L2_1 52.06057990673719 45.47887890212757 59.55028594118592 62.221561537638514 66.53556489441091 64.78262641215339 62.79767768442521 65.58985165133382 62.561112603495914 65.51661568125157 58.48744737072673 49.59792675754114 49.485355016448885 47.051094172957775 48.417859263618325 54.76149891804732 0.0 51.672373531405114 52.94324083189796 49.02397370574943 50.3139879618587 56.875383506777155 57.160593696635935 67.27158226020296 52.433838262464675 60.299729275893 58.22736169092257 53.77011651132458 55.21694217099587 52.90533270952872 61.643552586433145 57.78043529803324 59.63825189494616 52.952767878766906 58.38449561559353 50.995660774669965 51.295709416436374 52.0790657178489 58.27120294144373 61.98103410222341 66.32814974783072 63.49236027149971 50.15056383063713 66.36341160725596 64.4628499695152 62.270723831548594 62.180009509327576 54.08035573392823 59.76144976151247 48.749619908510056 53.691368025691176 52.262327897115036 57.822392517465225 59.69864512883323 60.77509134988762 55.632571692137894 54.5777759283525 48.104050480810635 49.03445395927497 58.38677679979078 50.50653129835422 50.436202585297195 59.55237121548544 49.388602861574604 47.55327312271494 59.07788787011329 64.75298100390076 48.06022139218046 52.82517242333678 65.72783223956033 66.76310352716249 64.9795936461211 60.75916652581128 61.47592526250893 59.38852567991436 52.49593299492334 61.81149626369181 68.0582854816958 62.59368184463625 60.58290815928826 60.67906040551728 63.37147951208539 59.342482750898945 51.558524731872495 49.75490616993807 51.48439664021449 58.117774568460064 57.02495011657116 48.31517114554826 53.39706294323953 53.18261825425706 60.23453527877312 55.839392265807795 52.79823872243981 55.126893615863466 54.395988577235634 64.06615636595735 62.84716068835885 65.18940340946786 52.15131086727986
DxuricyicxMladenSt_SRP19141MladenDjKadSumeTalasi-L2_1 58.31158031312234 49.50960337390621 59.203945927784865 64.74923985061494 67.40877398985002 64.66447250637313 62.30151707210962 66.37770923070391 54.79387320867462 61.14549867336115 62.28309077866877 44.89941591462751 52.481662905361944 44.96435624593383 47.183050379974404 52.44135431641058 51.672373531405114 0.0 45.432072426513024 45.231845438004775 58.96582669516153 59.647044073161766 60.90110794016516 71.9649641485831 61.24466870784317 70.38637709492352 67.2928155597358 60.14434815204399 52.74614365273858 53.80020855496293 63.921013183963716 60.72578422682175 62.51300841229796 55.62452194189224 69.32115125614783 47.07225876649201 44.907075513095734 53.210874513192906 59.84309138919193 63.37210019416999 65.1253017951536 68.02140286102095 56.36130589477836 63.72221599715091 66.99123902884718 58.43756884116337 58.18252069536268 50.44295600823305 53.2889240751632 51.892903612663716 57.37885674515623 58.12665670477716 59.97047881199942 61.01159632068625 58.6774077745855 43.13087335963429 57.43689815742024 39.396035894822525 50.88439576858406 58.29268254509169 41.51998705574934 42.36260308103139 59.81983453019771 56.70100346921706 47.83910262090717 50.217391997858606 62.41825236924939 56.563370640619105 56.54822988972904 67.78176273426122 60.71176267512112 59.68439992290387 48.82634838434832 68.79079882349345 52.27618342598113 43.201253220404375 63.47422043289209 69.89424668259902 61.201628261428326 67.97525391101424 62.47498300126193 62.71894185286534 55.69316646819026 49.819356614100826 55.89545305747509 45.59612829280869 59.365661273221974 49.9145655644133 49.6909191321773 44.44298961157403 50.684340166471515 59.9697411700051 62.56220960851814 43.53681857796874 44.22235776071591 42.914015081277476 74.49927326503396 73.4970292158757 72.46029497358217 47.62629029600842
GavrilovicxAndra_SRP18930AndraGPrveZrtve-L2_1 56.53825430225182 44.61661428049676 55.420781897511894 56.74157122353063 62.163783713380475 64.42275584536955 58.82043966824127 61.634303931858746 55.69737615789987 64.76228181964127 60.154784920827794 52.099154215705205 52.70286952667039 50.3359784378721 52.7671292018788 58.09120152320442 52.94324083189796 45.432072426513024 0.0 34.3938465184498 59.59973635072461 63.719044086162825 61.787777357346584 65.59649825303411 47.8016782399603 62.15061645018623 65.00437114421014 59.08414043306123 50.54279857068127 58.298104453693846 57.76843849299756 60.636417443640305 69.79549520385608 59.16400339366488 62.14505663916897 53.4029317195765 50.90682348703859 53.89642527001688 59.04308032321918 60.550483662674964 57.81648797631769 65.63766748321662 55.55315523775385 65.67423847734622 64.19930296235107 57.367966736705206 53.69888268437091 55.715985169750994 59.032388205873836 50.150654652197915 53.4563091492975 46.96996984568838 51.73700435832935 64.36803864253535 51.30781583466008 56.84153992356276 63.993616085329855 47.92294360064004 46.955399541907326 63.95813623756716 48.87300479356778 50.21123667663181 45.2223663634136 58.61747758049102 53.54433263794246 53.56932450944848 65.93004864281687 57.11709124591037 58.082791111292366 63.4650246255865 60.94500662412798 60.67583112850879 57.590086478001794 54.20970599946219 57.68513815250035 53.26626246188644 64.753586135704 64.8435565517708 61.65995926355481 57.514834129651604 65.73412159683716 69.63844800356524 65.3437755290161 46.94168597048097 54.11456333692923 46.84293510839839 63.12766650641162 60.3956705324546 49.058826855265515 54.54255907045322 51.12532992707431 60.220124491834845 62.490456778283466 55.04204484877782 53.304284051778005 53.21372100524241 63.469102044295994 60.61326772944073 57.7941050917804 43.62429205063886
