"AtanackovicxBogoboj_SRP18520BogobojADvaIdola-L2_1" "BaruncyicxKosta_SRP18791KostaBPastirKralj-L2_1" "CxipikoIvo_SRP19041IvoCZaKruhom-L2_1" "CxipikoIvo_SRP19090IvoCPauci-L2_1" "CxorovicxSvetozar_SRP19051SvetozarCZenidbaPK-L2_1" "CxorovicxSvetozar_SRP19132SvetozarCJarani-L2_1" "CxorovicxSvetozar_SRP19192SvetozarCUcelijama-L2_1" "DimitrijevicxKelena_SRP19012JelenaDDjulMarika-L2_1" "DimitrijevicxKelena_SRP19070JelenaDFatiSultan-L2_1" "DimitrijevicxKelena_SRP19120JelenaD-Nove-L2_1" "DinicxSreten_SRP19091SretenDPreporodjaj-L2_1" "DomanovicxRadojeM_SRP19025RadojeDStradija-L2_1" "DxordxevicxVladan_SRP18631VladanDjKocinaKrajna-L2_1" "DxordxevicxVladan_SRP18690GmundenskoJezero-L2_1" "DxordxevicxVladan_SRP19131VladanDjUFront-L2_1" "DxoricxNikolaV_SRP18821NikolaVDjKavaljerLaza-L2_1" "DxuricxDusxan_SRP18962DusanDjKonacDelo-L2_1" "DxuricyicxMladenSt_SRP19141MladenDjKadSumeTalasi-L2_1" "GavrilovicxAndra_SRP18930AndraGPrveZrtve-L2_1" "GavrilovicxAndra_SRP18964AndraGDespotovaVlastela-L2_1" "GavrilovicxDraga_SRP18840DraginjaGIzUcitZivota-L2_1" "GavrilovicxDraga_SRP18870DraginjaGBabadevojka-L2_1" "GavrilovicxDraga_SRP18890DraginjaGDevRoman-L2_1" "GlisxicxMilovan_SRP18751MilivanGGlavaSecera-L2_1" "IgnxatovicxKakov_SRP18590JakovIDjuradjB-L2_1" "IgnxatovicxKakov_SRP18620JednaZenidba-L2_1" "IgnxatovicxKakov_SRP18630JakovIMilanN-L2_1" "IgnxatovicxKakov_SRP18750JakovIVasaRespekt-L2_1" "IlicxDragutinK_SRP19040DragutinIDjera-L2_1" "IlicxDragutinK_SRP19061DragutinIHadziDisa-L2_1" "KaksxicxDxura_SRP18740DjuraJSeljaci-L2_1" "KaksxicxDxura_SRP18760DjuraJCicaTima-L2_1" "KankovicxMilica_SRP19180MilicaJPreSrece-L2_1" "KanxicxVelislav_SRP18992VelislavJLutajuceDuse-L2_1" "KaraRadovanovicxPavle_SRP19002KrvaviZlocin-L2_1" "KevticxaStevanaK_SRP18911StevanJJDanica-L2_1" "KezdicxKostaD_SRP19062KostaJZlocinSvekrve-L2_1" "KomarcyicxLazar_SRP18800DragocenaOgrlica-L2_1" "KomarcyicxLazar_SRP18871LazarKMojKocijas-L2_1" "KomarcyicxLazar_SRP18934LazarK1RazorenUm-L2_1" "KosticxTadijaP_SRP18960TadijaKGospodaSeljaci-L2_1" "KosticxTadijaP_SRP19030PrvoVeselje-L2_1" "KovicyicxZxivojin_SRP18935RobinjicaZlata-L2_1" "LazarevicxLazaK_SRP18980LazaLSvabica-L2_1" "MamuzicxStevan_SRP18961StevanMNejednakaBracacorr20201221-L2_1" "MarkovicxAdamovPavle_SRP18881PavleMADuhVremena-L2_1" "MatavulxSimo_SRP18922SimoMBakonja-L2_1" "MatijasxicxStevanM_SRP18970StevanMatGroficaAgnesa-L2_1" "MihajlovicBranko_SRP18780BrankoMPredZoru-L2_1" "MijatovicxCyedomilx_SRP18910CyedomirMIkonija-L2_1" "MijatovicxCyedomilx_SRP18920RajkoOdRasine-L2_1" "MijatovicxCyedomilx_SRP18990MijatovicCyKnezGradoje-L2_1" "MilicxevicxMilanDx_SRP18790MilanDjMJurmusaFatima-L2_1" "MilicxevicxMilanDx_SRP18810MilanDjMDesetPara-L2_1" "MilicxevicxMilanDx_SRP18860MilanDjMOmerCelebija-L2_1" "MilicxevicxVelxkoM_SRP19121VeljkoMBespuce-L2_1" "MiodragovicxKovan_SRP19102JovanMRadisa-L2_1" "Nepoznat_SRP18923NNBeogradskeTajne-L2_1" "NovakovicxStojan_SRP19130StojanNKaludjerHajduk-L2_1" "NusxicxBranislav_SRP19021BranislavNOpstinskoDet-L2_1" "NusxicxBranislav_SRP19201BranislavN1915-L2_1" "PetrovicxBosxkoSt_SRP19080ModernoRoblje-L2_1" "PetrovicxKosta_SRP18965KostaPNeimarisaKrajem-L2_1" "PopovicxPanta_SRP18691PantaPKakavJeKo-L2_1" "PopovicxStevanV_SRP18882StevanVPSumarevaCerka-L2_1" "PopovicxSxapcyaninMilorad_SRP18880SapcaninSanjalo-L2_1" "PopovicxTodorLx_SRP19010TodorPGila-L2_1" "RadovicxDimitrije_SRP18942DimitijeR-Sinovac-L2_1" "RadulovicxPera_SRP18752PeraRBezOcaMajke-L2_1" "RankovicxDragutinaK_SRP19023DragutinRSlavko-L2_1" "RankovicxSvetolik_SRP18971SvetolikRGorskiCar-L2_1" "RankovicxSvetolik_SRP18993SvetolikRSeoskaUciteljica-L2_1" "RankovicxSvetolik_SRP19000SvetolikRPoruseniIdeali-L2_1" "RogicxDusxan_SRP18921DusanRSrbinHrvatica-L2_1" "SavicxBozxa_SRP19031BozaSDveSestre-L2_1" "SekulicxIsidora_SRP19190IsidoraSDjakon-L2_1" "SremacStevan_SRP18941StevanSPopViraPopSpira-L2_1" "SremacStevan_SRP18950StevanSIvakovaSlava-L2_1" "SremacStevan_SRP19071StevanSZonaZ-L2_1" "SretenovicxMihailo_SRP18940MihailoSRadeticaMara-L2_1" "StankovicxBorisav_SRP18991BorisavSUvelaRuza-L2_1" "StankovicxBorisav_SRP19022BorisavSPokojnikovaZena-L2_1" "StankovicxBorisav_SRP19101BorisavSNecistaKrv-L2_1" "SuboticxKamenko_SRP19203KamenkoSLegijaSmrti-L2_1" "SuboticxKovan_SRP18730JovanSKaludjer-L2_1" "SvetolikVladimir_SRP18951VladimirSKaznjenoNeverstvo-L2_1" "SxisxkovicxDragomir_SRP19200DragomirSJedanOd-L2_1" "TaletovPeraS_SRP19060PeraTNovac-L2_1" "TasicxDimitrijeS_SRP19024MickoHarambasa-L2_1" "TodorovicxPera_SRP18892PeraTodSilazakSPrestola-L2_1" "TodorovicxPera_SRP18933PeraTodSmrtKaradjordja-L2_1" "TomicxKasxa_SRP18966JasaTNazareni-L2_1" "TutunovicxRadojicaV_SRP19001MilanovoSkolovanje-L2_1" "UskokovicxMilutin_SRP19100MilutinUDosljaci-L2_1" "UskokovicxMilutin_SRP19110MilutinUPotroseneReci-L2_1" "UskokovicxMilutin_SRP19140MilutinUCedomirIlic-L2_1" "VeselinovicxKankoM_SRP18891JankoVBorci-L2_1" "VeselinovicxKankoM_SRP18932JankoVSeljanka-L2_1" "VeselinovicxKankoM_SRP18963HajdukStanko-L2_1" "VuleticxVukasovicxVid_SRP19011VidVVCarDubrovnik-L2_1"
"AtanackovicxBogoboj_SRP18520BogobojADvaIdola-L2_1" 0 0.697293382589556 1.18796036302045 1.21949707239584 1.17825706043074 1.20977508299777 1.25949127060119 1.17909327290569 1.28483210175756 1.05324988573485 1.0355646828586 1.04106398757417 0.797518227296644 0.859417402253355 0.795144626415921 0.973760204245685 0.855757458437496 1.04231220104015 1.02518871993929 1.0386224209758 0.754595100306707 0.943068274899435 0.838108986614234 1.19286708707203 0.867016792908638 0.888233579945113 0.868045555709118 0.974067303422343 1.13401572960466 0.924999567510836 1.03433800214276 0.818474719359947 0.917481683572046 0.967031647534533 0.818254545641843 0.894551905808476 0.940429960732895 0.675202763003536 0.674152447904825 0.728028510638357 1.16213181633574 1.08413701530769 0.760112512824418 0.896260031971783 1.07034143496407 1.18030709784784 1.17353644345504 0.820442031257355 0.965462792682524 1.02254129940987 0.965753119665074 1.04628267480943 1.17994314233318 0.943238488570596 1.07978135398143 1.09405130826514 1.03679808987848 0.951653189491764 0.909270429576724 1.11053012312683 1.07128614089514 0.969596826512378 1.18776157459423 0.861586936519597 1.05723581858035 1.28046397067827 1.21351088397149 0.916177407223426 0.840012818930151 0.905460986777348 1.21006071563837 1.23576617235307 1.31093983894565 0.875276605624074 1.1058741633172 1.13217219189122 1.15542701196829 1.26297279431017 1.21359878780149 0.963899138961155 1.1073708116258 1.14789759903357 1.14305564701783 0.933893915266788 0.786889775317577 0.836151941418862 1.16899613972887 1.00982124127818 0.952336681322789 0.925291654383171 0.997546860822296 1.10497469700707 0.881513024980694 0.945942739543633 1.03577492979874 1.06823497401588 0.92331983301407 0.961521986549285 0.941419410624249 1.05260429328046
"BaruncyicxKosta_SRP18791KostaBPastirKralj-L2_1" 0.697293382589556 0 1.18746913024044 1.14127563925678 1.33765692051331 1.2943916529318 1.25753212792071 1.21759241646962 1.14152522353966 1.30231327679485 1.13725129197022 0.802006129259197 0.856518445659692 0.718391636503177 0.770678710406983 1.04069052335788 0.631206820469627 0.770197964981865 0.691135463579528 0.756846972115397 0.841908064242207 1.02835011499618 0.934898678612281 1.33676606083722 0.677407038825792 1.09371093223548 1.02166850468648 0.914779282527295 1.0565378660563 0.902781358495152 1.12922037345453 0.886596031906171 1.24372591484945 0.90348874072731 1.03352301558982 0.676195094405919 0.62216425584583 0.670075565297352 0.865399640695017 0.974892893022638 1.16968818344629 1.33300870260858 0.823476999244794 1.22475916857135 1.24323908146299 1.14312574976062 1.20216330292635 0.892131176025206 1.0520135580071 0.724896786605222 0.863926800773796 0.795653924971 1.04906976732823 1.13210825337906 1.04907181772829 1.04535039327473 1.01927507549541 0.65588198078088 0.699493557053686 1.11350302069718 0.774205506675795 0.786661223011068 1.06378125844039 0.672449930004548 0.859510487849232 1.11607964025571 1.36308988155714 0.939818211786919 0.828336967803444 1.24602528167102 1.39196862516338 1.43901853282286 1.22099661045561 0.996150606581767 1.07483802078262 0.883275441066616 1.19010311193206 1.32581691030396 1.19686601471643 1.0511707517239 1.19816530963861 1.28639698859307 1.12971111277905 0.703819568211986 0.66591463203734 0.727372386007134 1.24338423142206 1.10776810139636 0.861760084807264 0.851194269156992 0.845453578061431 1.13937435285328 1.14003328229273 0.91803806106342 0.975217313117133 0.978441892391217 1.26692956558644 1.26301695053321 1.28411677227553 0.781878524357767
"CxipikoIvo_SRP19041IvoCZaKruhom-L2_1" 1.18796036302045 1.18746913024044 0 0.502104415355598 0.582383081225705 0.636258619178172 0.518397303487274 0.844689072963293 0.858888796585954 1.00340838089259 1.04959474227838 0.944715796057309 1.07413712234303 1.1346219923588 1.11931616857983 1.22431278940065 1.06190579522176 1.07861640166741 1.03414026380812 1.00032170390892 1.03820547292819 1.06194029518716 1.13993571467229 0.748576522346661 1.08787275197829 0.990285542781605 1.04388310394581 1.0336341453823 0.957934436794779 1.13179402843603 0.974359400471254 1.14084607080239 1.22326423163087 1.07011461848058 1.2958649117851 1.21844310681846 1.20850534673271 1.18456698383396 1.19308737818382 1.20137043221134 0.742884773825749 0.817328278945284 1.07636894797402 1.00371619631856 1.0776467737603 1.04688064956909 0.855484086901116 1.24021013342547 1.1326818682986 0.923387243164874 0.970159397389116 0.981618362833451 1.02359003614097 0.989575402204391 1.05244144251662 0.900302953691824 1.19903875383486 1.2131577436389 1.20115989278011 0.974898527012294 0.965429076003888 1.19070719768058 0.674419039127218 1.15181591774118 1.0922368292214 0.94228030374795 0.934642713696964 0.865406098695045 1.20311653442713 1.10106778271772 0.898291199568066 0.906562630771845 0.883066338191501 0.982475004166451 1.16857394346854 1.06111285293537 0.926281604783184 0.962201811572685 0.933718051881137 0.993430578115102 0.821147129186659 0.997617908079801 1.05021623701368 1.16665519082246 1.03665705671285 1.17953403491956 1.06491695267194 1.12854990386634 1.12383172554263 1.10920709900795 1.24867368895568 1.05463767596354 0.832724051590695 1.12407930572879 1.02173305073491 0.96812679806747 0.778018691112148 0.807185106963185 0.827112247307169 1.0528171984863
"CxipikoIvo_SRP19090IvoCPauci-L2_1" 1.21949707239584 1.14127563925678 0.502104415355598 0 0.667071792125048 0.677898765331545 0.625880150888629 0.704642001740076 0.674974697517193 0.909202433176226 1.08032975650679 1.0624683049759 1.22527762333648 1.20097363603245 1.20486390537054 1.2482711162869 1.14714348670502 1.2033783506591 1.02150103008842 1.07566114146287 1.1176137622669 1.03925279447405 1.05134576981793 0.748230336843849 0.955700703659936 1.00359030895019 0.964426228732503 0.864846385341034 0.971786301372034 1.07907585872639 0.876764736218215 1.06807663169183 1.31188942438552 1.09576622191723 1.25210615322899 1.17694138640416 1.08809242293842 1.29092904589119 1.20230701480714 1.16903951002514 0.604416595068562 0.832014846778119 1.11332056572627 1.04558430104297 1.03076064283829 0.869379482709227 0.796922206002948 1.32155076712217 1.20795715738768 0.867118083472539 0.915529114984397 0.89665556426921 0.848628199415154 0.92329510894716 0.885865692457729 1.00307492316654 1.21087758243291 1.33140243894706 1.17859738413076 0.987462995601449 1.10322424332788 1.27535035252906 0.670795000494552 1.0818795446955 1.16851789661963 0.857565182354503 0.867773026816428 0.986906644382777 1.19885586521476 1.15509154740396 0.870978230318968 0.90883349436472 0.860232489322005 0.936287224321481 1.15291699664532 1.01524499539166 0.948738390696348 0.81108017653018 0.959615090197419 0.936416423201375 0.759480072240787 0.839501214555962 0.936957917232035 1.1157248235946 1.00938493779504 1.26047966846654 1.06525018674135 1.18045548515137 1.29399630141524 1.24612650635533 1.33347355983701 0.977830822795141 0.969260606436983 1.25963773419093 1.12924063290268 1.04949949630371 0.858480319899617 0.881324979390368 0.897088883034962 1.05875663883079
"CxorovicxSvetozar_SRP19051SvetozarCZenidbaPK-L2_1" 1.17825706043074 1.33765692051331 0.582383081225705 0.667071792125048 0 0.467272218840592 0.391296394203726 0.902799016298253 1.01020867248574 0.970428309916736 0.936868358894963 1.17277953735951 1.25189598090148 1.34706815229513 1.30896814746426 1.15442499397482 1.24768613184112 1.31320379388327 1.13770979365733 1.19820725423789 1.05862425343871 1.0578041493379 1.11047233565269 0.62779401828321 1.19053208326951 0.912058162477369 1.0566112865461 1.20447068139957 0.938864877811204 1.11050621469095 0.913758550076214 1.10353053947318 1.07444438564424 1.07709353871197 1.02437945019774 1.33338652365332 1.34825287444165 1.15992611307522 1.13923724224737 1.08693002972121 0.689383636660341 0.678156828225698 1.10196859134972 0.855544195079699 0.913968566637996 0.995357595038882 0.85233883798908 1.19366868424612 0.996570903811592 1.12258572519015 1.02612554792599 1.07615732438562 1.04649148915797 1.02425059225108 1.07472863029258 1.03662708978316 1.11296505484548 1.34945066724182 1.3230608103439 1.0020703048153 1.13813894995968 1.28168095218811 0.638530419696297 1.2878416151918 1.23998982843148 1.00833450875273 0.912648637272874 0.817578018754175 1.1388548728923 0.793737708054606 0.76412625927089 0.822126266035709 0.874386702377121 0.648500548965419 1.07000244425 1.26493993765088 0.795341020430186 0.794971829002002 0.87151215130789 0.910492928423888 0.761210881745713 0.988845344207849 1.10721601907515 1.17044649813992 1.11170449304842 1.17431695182454 1.04759692561242 1.02987433818557 1.15191955527478 1.1953327707769 1.24857596053683 0.894439309352091 0.762384163559437 1.1951135410285 1.1309718234227 1.11112628153371 0.574483191055563 0.600725767267358 0.591547805964525 1.24637433144693
"CxorovicxSvetozar_SRP19132SvetozarCJarani-L2_1" 1.20977508299777 1.2943916529318 0.636258619178172 0.677898765331545 0.467272218840592 0 0.333534799946706 0.907944791209704 0.986914905396201 0.963451277335431 1.1104083212457 1.14966789683251 1.2138122034189 1.25380451092915 1.35949338990212 1.11679977408599 1.18922343878161 1.26131309027399 1.24916397806312 1.08786760827117 1.05764777514797 1.02188619753234 1.07735075062655 0.714398096053975 1.23625635784731 1.01250547427568 0.987912784525326 1.11294278155526 1.04516434122489 1.14192814910233 1.04456460607572 1.12864861730219 1.00589188421788 1.07363478627241 1.21047255428784 1.31937553313528 1.28335261933596 1.26329685460979 1.23908229371622 1.12465294390063 0.830559558945118 0.692870373233962 1.17106899131674 0.819506390582245 1.00578167478102 1.0975297795402 0.988316788735527 1.26902369000522 1.07036675002611 1.10211507268136 1.01495425760995 1.07995200823201 1.11521516768311 1.00149288103255 1.05082862500792 0.823296494336585 0.996394501751684 1.24299052434704 1.26336522805707 0.987124419103598 0.987580261645838 1.23952945905589 0.823647490560579 1.28316826829032 1.2008824022056 1.00254296534665 0.734361952749093 0.800930326682584 1.13151771259536 0.812919300052066 0.809788679478204 0.742802808034691 0.838545687012322 0.892418727153268 1.03618793547334 1.11482327378287 0.858283498956676 0.862771817407284 0.863213148057226 1.004748156256 0.528052232583359 0.713892345800016 0.843587930719338 1.26083155665942 1.20646497326696 1.18173229169871 0.918639854833563 0.989355000188243 1.14630903138207 1.16193732929613 1.19921893686743 0.967669044871431 0.796537030624085 1.1680184150816 1.13540968354647 1.06490930913393 0.75479541634251 0.79503384672936 0.822188508952939 1.26943341867805
"CxorovicxSvetozar_SRP19192SvetozarCUcelijama-L2_1" 1.25949127060119 1.25753212792071 0.518397303487274 0.625880150888629 0.391296394203726 0.333534799946706 0 0.841085560156409 0.944068001740807 1.04557394150354 1.0220058476737 1.05279799941038 1.17987404420038 1.2613743298322 1.30447257389005 1.20418313350904 1.17112508998902 1.17526063472063 1.06597962281835 1.03471023715761 1.10489368262819 1.15495265775507 1.16989127838213 0.674353098238178 1.18389323538397 0.978084143669963 1.09631985382682 1.15475751806976 0.977709106057587 1.18189155291573 0.96432319776455 1.15627998882649 1.17348237661903 1.13995159243986 1.23899344058978 1.30488121181488 1.2947634866726 1.16372262078059 1.18149618455094 1.16013292560384 0.736082495399789 0.733202192350524 1.14903004941295 0.956667825273023 1.03748961333674 1.02457217869367 0.907774269299039 1.25465263182891 1.05516102709131 1.02568060222221 0.999283890939814 0.995030806221772 1.00243794242045 1.01056112450609 1.05092612702011 0.898336031635039 1.13903530308863 1.27681227183794 1.28621644609031 1.02219104754198 1.00534167307133 1.15846636816548 0.652577542471507 1.33793372107276 1.20300101481471 0.90984815124684 0.855629055226455 0.835805234728015 1.21977574302307 0.893846030980175 0.79169594440005 0.792740464884669 0.803963343723864 0.788949588035642 1.10240775135905 1.17482070279685 0.88411468015319 0.889219142800361 0.878814972262677 0.994126694493201 0.670930805637039 0.91617653008493 1.00769964700615 1.18485816948883 1.17101567925239 1.138115104527 1.03607329219177 1.05348955288924 1.07167830473834 1.15475143366374 1.21421792494586 0.992449988990831 0.82596960729016 1.17332463548845 1.11667798236267 1.04408888006732 0.701192410351328 0.742681252716044 0.732464868572942 1.16868230842354
"DimitrijevicxKelena_SRP19012JelenaDDjulMarika-L2_1" 1.17909327290569 1.21759241646962 0.844689072963293 0.704642001740076 0.902799016298253 0.907944791209704 0.841085560156409 0 0.500675399324085 0.747216936148644 0.988913924038807 1.14772758355828 1.27572768977093 1.28462106935948 1.20477006638058 1.28649682501557 1.29341432440126 1.2665144632944 1.09591246741844 1.13633858953154 1.23409606861498 1.0531467376117 1.13102604872597 0.682777886098389 0.922021479127364 0.873965434622482 0.925407292720159 0.787410529201047 1.16679615829961 1.22580533420298 0.73371954101589 0.936435668703183 1.16528211990315 1.07975086047878 1.04779028791703 1.24683901821199 1.04579970201053 1.1090103423251 1.03733403495251 1.06849120812576 0.606383636100563 0.883593393912647 1.15185278516579 1.03387885673375 0.855938349562384 0.893156536140057 0.71552202937828 1.21770680254747 1.24860399361036 1.03753145462913 1.07398252373896 1.03449572675153 0.744317617826841 0.849133142263461 0.80591323901225 1.12686703836493 1.09491069343474 1.33617164640867 1.11551188120539 0.980546543969711 1.21567253517979 1.30947892226868 0.778546680208304 1.02143210418291 1.17864683775062 0.832085762191453 0.990034234528858 1.22244879518841 1.23159391272581 1.10815391597752 0.947940698915055 0.979378057554451 0.963197611155295 0.924477861219243 1.1824605915846 1.00762437286664 0.925780273925251 0.610618726093679 0.850298393965586 0.825339241154042 0.866136276890641 0.791540171529975 0.900015036479561 1.11388511440782 1.05637240068474 1.30010385532279 0.991000715754174 1.12104722082155 1.24813820046197 1.19960161893639 1.26746442835409 1.06441829423847 0.993431745704656 1.19512985230888 1.02011202317002 1.01870693180358 0.755035115005509 0.758231576441825 0.850978571929053 0.976309232954677
"DimitrijevicxKelena_SRP19070JelenaDFatiSultan-L2_1" 1.28483210175756 1.14152522353966 0.858888796585954 0.674974697517193 1.01020867248574 0.986914905396201 0.944068001740807 0.500675399324085 0 0.698286770024834 1.12983302760109 0.963412587614052 1.24361547250787 1.16383108150068 1.15840110655395 1.27608283147675 1.21551669226968 0.961313153994571 0.966131129444719 1.02871088901293 1.2600296750228 1.02890106346226 1.08374992919917 0.87321258124448 0.915566417743269 1.10456525141259 1.06789032872539 0.74425224077838 1.00609731039232 1.15214759164195 0.806288215630604 0.987606027833705 1.26230403225051 1.00537247527177 1.25218414260359 1.05606287860267 0.850581454383722 1.20505985745393 1.19660958490577 1.19607002838193 0.655140921171835 1.00312553729719 1.13224818506085 1.18224994585808 1.01879740604853 0.911285200497913 0.655289086914287 1.22914785807431 1.25523834710507 0.890091449952356 1.14308031894197 0.996386955750901 0.6809861966254 0.89333828268756 0.721191899262831 0.940191651849211 1.09162220726292 1.11298674236731 0.975424429543208 1.01903095588897 1.05421335200888 1.14237432371744 0.767402118001252 0.964682839444792 1.13761419099636 0.692831418973968 1.0462048499152 1.20993438707038 1.29252603669184 1.32469324142145 1.02182072153135 0.960058926348298 0.778564886331393 1.1008225668113 1.07830291769157 0.798044320148197 1.05194980788031 0.758842705697978 0.909772514887769 0.989246833944399 0.926436700065973 0.81981955423429 0.820324402825632 1.05876095775155 1.02749992991047 1.2726241473178 1.0541303872995 1.06049175864463 1.30049242428372 1.05942845306583 1.18917489960775 1.07157746015734 1.21157252913201 1.08789512556243 0.881236957988645 0.841722339704638 1.10488672955481 1.02114203394795 1.10054873076097 0.791907584783605
"DimitrijevicxKelena_SRP19120JelenaD-Nove-L2_1" 1.05324988573485 1.30231327679485 1.00340838089259 0.909202433176226 0.970428309916736 0.963451277335431 1.04557394150354 0.747216936148644 0.698286770024834 0 1.00195368611361 1.15995128839886 1.13442817900766 1.17952455054401 1.13657199357256 1.11190837183989 1.28375135014129 1.16968735621207 1.20991930443357 1.209577502361 1.17837023835329 0.90528101524077 0.973947942193259 0.930439301099605 1.05518577056736 1.00333132710764 0.94073160132928 0.89604472699159 1.0847322210733 1.10108284408122 0.985437295873466 0.974693862267647 0.751696500868799 0.909361337645255 0.936947216246205 1.14820764886261 1.07700401279204 1.12505427901822 1.05062094762944 0.967269653201294 0.889574523477206 0.816933132264495 1.04657206042872 0.799630469982557 0.943353208755017 0.967910340875549 0.857834383464243 1.0839033650108 1.13903865105018 1.13969220679378 1.17679439435795 1.18668826793502 0.950558432529797 0.907585656295345 0.909458004992267 0.892065019619519 1.00104427001941 1.17055349074655 1.04682363983795 1.03765436811507 1.1606664604786 1.24144651459145 0.964387668051005 1.04224168397187 1.19064714333371 0.97024329580871 0.917226344553446 1.11485123084285 1.09096820562086 0.961688258201114 0.955727778895726 0.922039286510663 0.973168086512355 1.04032578214324 0.969586303256706 0.98562371155103 1.0728805588787 0.859964937975217 0.976610524078887 0.944236789247407 0.873719935682131 0.761763925108016 0.877125408475059 1.15080293161561 1.12553980333115 1.27431873918241 0.885425875769181 0.916830907796938 1.30700351323955 1.12155264003625 1.11130550714684 0.924064161507599 1.02340136989985 0.960919573173253 0.885910287711457 0.906538440502628 0.930368609286421 0.899072121513668 0.907309806734859 1.05754544735603
"DinicxSreten_SRP19091SretenDPreporodjaj-L2_1" 1.0355646828586 1.13725129197022 1.04959474227838 1.08032975650679 0.936868358894963 1.1104083212457 1.0220058476737 0.988913924038807 1.12983302760109 1.00195368611361 0 0.9801044248903 0.881304339581849 0.856991927367304 0.854521113604842 1.10461208548614 1.03590350233662 1.10946341940085 1.04841506013999 1.04743218954683 1.06174459883742 1.13403948597949 1.12190626912184 0.875556086871275 1.21760420513375 1.103261037961 1.21816814934464 1.22243949915367 0.984453091486348 0.922710979921825 1.17038403029323 1.24247706043874 0.871626423651833 0.758641160214103 0.901176289588498 1.17013467490518 1.04869459158481 1.01676676190705 1.00750579163464 1.11184812762523 0.943382689753473 0.689966691662732 1.09161282534976 0.997304046953854 1.13247911853224 0.931273824290589 0.911962580524146 1.00438697251454 1.01277315980863 0.960144432748669 0.86744933870148 0.813734833520644 0.961145667307948 0.85893303417923 1.1428820856445 1.00725850126105 0.858887296812562 1.1195956187324 1.02939434571284 0.748184712417016 0.945164724072869 0.965014946156134 0.934911221397584 1.07377493498729 0.926437700660204 1.17812840972228 0.984192653189588 0.956413120511818 1.08649030536506 1.01245769513857 0.789317695210574 0.9559494338082 1.05904804257171 0.908261448525757 1.15853807084877 1.17092400650056 0.886808458833367 0.879331294871208 0.937865145965178 1.12553893074115 1.13563991736972 1.23181890609319 1.18387791515332 1.06022507027748 1.009845227299 0.99573569884575 0.939968408950261 0.987355106268946 0.990217825389977 1.10022002535593 1.04993859304244 0.894033801199751 0.850688491561836 0.952513268965406 1.08031398649288 1.11641542075463 0.858848022253039 0.760321555099019 0.792119211348241 1.04640618120336
"DomanovicxRadojeM_SRP19025RadojeDStradija-L2_1" 1.04106398757417 0.802006129259197 0.944715796057309 1.0624683049759 1.17277953735951 1.14966789683251 1.05279799941038 1.14772758355828 0.963412587614052 1.15995128839886 0.9801044248903 0 0.826025853522799 0.617744141277841 0.571593861474227 1.20726179174534 0.732144726940666 0.589846287362722 0.853664379014099 0.775923286243425 0.980716562132972 1.15471077043704 1.12376112138435 1.04911611939653 1.16739580661577 1.26598689058238 1.27944645855131 1.14650587950043 1.08664104564717 1.02899525320419 1.12490563498086 1.09429592512865 1.17111462246718 0.911583545615683 1.28066116285802 0.877056792569794 0.789078302151338 0.770987875618398 0.982949113276748 1.14883778388247 1.0490116460897 1.16626789046074 1.0941466911701 1.24668028628526 1.36654067389711 1.12620550875673 0.961788042758997 0.877932710410111 1.00522948446722 0.751145499916644 0.865168223340277 0.778871098894783 0.993354517916921 0.872302805362882 1.02286189696336 0.832568600859575 0.980740692253652 0.692929048643676 0.916450069564876 0.875517290291733 0.719649456471893 0.767985194138287 1.05473625111369 1.00669019427572 0.849870843632885 0.876532523294975 1.11282721314474 0.936944726919109 1.12274272837206 1.34017980433026 1.12867717322359 1.0676804420658 0.843096318519615 1.26895446237952 1.18444917312628 0.840127052624449 1.02156563340523 1.18250429648917 1.10170034419702 1.32774400322712 1.13976062283146 1.23601806725538 1.12504903828724 0.952149330532712 0.858135135922399 0.820904881216298 1.1617841355707 1.05868091308036 0.85352068702715 0.761331161449698 1.01631794496978 1.19313782918496 1.07612658645043 0.8228028818041 0.862610048057344 0.802682148242842 1.20519260043516 1.23900580316018 1.28655008730674 0.743395224888505
"DxordxevicxVladan_SRP18631VladanDjKocinaKrajna-L2_1" 0.797518227296644 0.856518445659692 1.07413712234303 1.22527762333648 1.25189598090148 1.2138122034189 1.17987404420038 1.27572768977093 1.24361547250787 1.13442817900766 0.881304339581849 0.826025853522799 0 0.538595174737509 0.681016539556307 0.904152935574763 0.768620898053762 0.84818975803194 0.956522980759834 0.835700646690823 0.777312452521006 1.123152313957 1.03552042560872 1.16518596539855 0.983960503897328 1.0160086539098 1.01138473505431 1.00649783772409 0.942239034296269 0.857036687434865 1.16078451686522 1.03693382189112 0.898280383639054 1.01651625298718 1.00833419512983 0.82938345471534 1.03415212220552 0.958233979974959 0.903726531861381 0.941529220399321 1.35952161600913 1.17545482049918 0.953307712649852 1.075304166031 1.23496495739977 0.984898091825879 1.16007174182916 0.883079154699063 0.95261436780092 0.867303132953191 0.812269728785686 0.780396886229604 1.07685592099665 0.943239701597698 1.06580916145921 1.00755260241108 0.977361217263886 0.776261056158376 0.915238669466691 0.94991286078931 0.947219026007215 0.778525557490827 1.25655540359514 0.875036965297158 0.862202512412434 1.10731452377478 0.926531408617697 0.903490551589605 0.759978383248239 1.12707531448885 0.986740087527981 0.975746020397373 1.02656359612743 1.15364020968841 1.07688845106582 1.12440645353959 1.1002872524761 1.2551410603129 1.11027689258158 1.18112277981843 1.24805759102262 1.09681424631312 1.04441747417177 1.01218699263263 0.998492186727027 0.903852187673214 1.09261595472523 1.14369773773536 0.710895514087913 0.899050655703657 0.776951935994863 1.10006323263519 0.962708705692054 0.997266789763611 1.10327597294197 1.12995391666293 1.18164086000107 1.20012055492718 1.10292732020354 0.991466980246351
"DxordxevicxVladan_SRP18690GmundenskoJezero-L2_1" 0.859417402253355 0.718391636503177 1.1346219923588 1.20097363603245 1.34706815229513 1.25380451092915 1.2613743298322 1.28462106935948 1.16383108150068 1.17952455054401 0.856991927367304 0.617744141277841 0.538595174737509 0 0.480650181377805 0.976754668062546 0.647788426288081 0.653325881870132 0.85874906222405 0.662090802877861 0.834674456508068 1.24577287834124 1.18778756192436 1.23959148554824 1.06366956411535 1.27673063238135 1.25039090162378 1.08075220086166 1.02423234640898 0.853196154080615 1.27472619459045 1.1310901024059 1.0253349795316 0.823740713282328 1.13979842852094 0.801796862538603 0.780377193216024 0.866570594901679 0.976719627016369 1.11826225934209 1.29348629422873 1.12415382978569 1.01891781961643 1.20342410973476 1.47417729191634 1.06928773343518 1.20090421012896 0.842060935937735 1.02510868339566 0.670053909455199 0.682312175422055 0.673408931855361 0.976955629320683 0.972826076684129 1.05682479134486 0.78863033006529 0.890009284386208 0.624141559236449 0.745136722725156 0.886049712511046 0.709502179681403 0.695580950048264 1.21984306355031 0.939059406226481 0.741265071044719 1.05245081028065 1.05523145456982 0.954573755537176 0.895801500898741 1.29168846885569 1.13160599036508 1.09059116747871 1.01523152398419 1.27459136696044 1.24145367244175 0.929097341315621 1.10065634023181 1.29583949317641 1.14885375145731 1.38506116139374 1.25217839866684 1.24711840410536 1.05368058417294 0.941839053027279 0.908015646665807 0.803338475599315 1.1328387108312 1.06024143093359 0.670503858954367 0.772861037789836 0.783163080107533 1.22137619435151 1.07657796206076 0.79456096791226 0.881247187293879 0.926694930270431 1.30969375915805 1.30704958181024 1.28555216511478 0.836952743574286
"DxordxevicxVladan_SRP19131VladanDjUFront-L2_1" 0.795144626415921 0.770678710406983 1.11931616857983 1.20486390537054 1.30896814746426 1.35949338990212 1.30447257389005 1.20477006638058 1.15840110655395 1.13657199357256 0.854521113604842 0.571593861474227 0.681016539556307 0.480650181377805 0 1.06470933980401 0.681107030676989 0.697762270938002 0.833429389562375 0.792943979946138 0.943450635827213 1.20051028773233 1.15809521171602 1.20078896507182 1.06942561636849 1.23580325562035 1.24987126575732 1.15060381166014 1.06515936843708 0.917047564705225 1.2138690514726 1.07350988289401 1.04387058918145 0.897530379590293 1.06526499166983 0.836530891269752 0.822646046429281 0.72610474315983 0.873838983885696 1.05547168641131 1.152770299895 1.13516257697512 0.989026210816944 1.12232784730776 1.39056974520414 1.11352724596337 1.1240963880145 0.791808734829298 0.996371081864188 0.743468829825601 0.749737977113539 0.775216167913052 0.968529176132086 0.909416608999997 1.00094446842326 0.881594491705164 1.03036359840788 0.695178428355726 0.814091258992028 0.923392916010783 0.77642041100721 0.786587648323464 1.12460211069526 0.978455908173175 0.738110362267315 1.06119772341809 1.14156037526698 0.986647114106935 0.996797728148548 1.22347822328829 1.12387587216459 1.13578442107095 1.03108642406952 1.17219642178195 1.20164305083242 0.972656288414586 1.14508389370042 1.23962352986628 1.25097682231088 1.273324584851 1.25185270785813 1.3292673635584 1.21384758212306 0.885385739526668 0.874250969451548 0.728569869479383 1.04882291357447 1.01793489961785 0.720516515525838 0.758550244695136 0.896525380587159 1.23361652663821 1.05760138932234 0.71989892781022 0.797072694059298 0.805980648708899 1.1701299779963 1.17937042833211 1.21201429499409 0.861942108467513
"DxoricxNikolaV_SRP18821NikolaVDjKavaljerLaza-L2_1" 0.973760204245685 1.04069052335788 1.22431278940065 1.2482711162869 1.15442499397482 1.11679977408599 1.20418313350904 1.28649682501557 1.27608283147675 1.11190837183989 1.10461208548614 1.20726179174534 0.904152935574763 0.976754668062546 1.06470933980401 0 0.88089643059339 0.911792724353685 1.02582202585834 0.975225956815218 0.840596571271491 0.83301126705809 0.814977991947651 1.2616812684433 0.90770207979262 0.912603670697765 0.868600862189634 0.951891961627124 0.845648977066576 0.821333468925743 1.07636377843294 0.961270718493385 0.792253552915398 1.035699278254 0.788050726702408 0.828060547127826 1.04862171648639 1.09752137802822 1.02777905358868 0.968757779946905 1.3732184629297 1.09199646379954 0.925416009915003 0.915678788053239 0.849711250007547 0.892770609294066 1.20461529169679 0.873064355280329 0.69904774610968 1.18456682682122 1.09731340971772 1.1745653870191 1.17092555216619 1.16434263177889 1.09772764339672 1.06232055625972 0.877717400055162 0.894723695106641 0.948353165354214 1.16019073845949 1.10946586304308 0.821525675919711 1.29783836077325 0.933751723401038 0.835450939378774 1.04555127590471 0.896883148788843 1.06176423924255 0.703581493236584 0.781147337693221 0.995384887691768 0.935622149142818 1.06611698509869 1.0783847086707 0.721582723211732 0.952925073377685 1.07377847775814 1.16042357780423 1.0625080371594 0.979784868219475 1.11993347595409 0.933473311320157 0.863404644298579 0.94722222415167 1.06474245982905 0.857291352024168 0.886392527357097 0.967561238257782 0.840247680870684 0.978782200825625 0.788781518973091 0.844075596639321 1.09346712031827 0.977751786938866 1.10019120537048 1.10258160830948 1.21204464535061 1.21487601339412 1.15449830182911 1.11521644807077
"DxuricxDusxan_SRP18962DusanDjKonacDelo-L2_1" 0.855757458437496 0.631206820469627 1.06190579522176 1.14714348670502 1.24768613184112 1.18922343878161 1.17112508998902 1.29341432440126 1.21551669226968 1.28375135014129 1.03590350233662 0.732144726940666 0.768620898053762 0.647788426288081 0.681107030676989 0.88089643059339 0 0.795939300410109 0.836738840347629 0.677375068143294 0.732827684351745 1.03981755153655 1.02138584910497 1.30217696890736 0.860767404376787 1.0758836023316 1.09654308663961 0.961931151985763 0.953903818046154 0.851277976801431 1.17555145937018 1.02906958318155 1.08002950266667 0.921828370731741 1.07899343690937 0.838493512940629 0.825140362960743 0.824280132021027 1.00008529759483 1.15926939094192 1.25282205931141 1.21234985602037 0.843538951703053 1.29271324025377 1.25351192141862 1.17633867480442 1.21005922791179 0.917271872571392 1.08629224660716 0.770978931997264 0.868829924984808 0.846259075085975 1.03967738969439 1.11465925545585 1.11691538173853 0.968475809501875 0.982611666226291 0.67206277939364 0.743940576536543 1.02034774602039 0.738373789492455 0.740234211315236 1.10911112305704 0.802999577856701 0.691991453669956 1.16390274405193 1.26375168816182 0.769499643173528 0.964045240907133 1.27511259762271 1.3102660757506 1.26886274057698 1.19586179785532 1.20476827042311 1.10436882552418 0.855021082904423 1.14432080791596 1.31556084969133 1.16259848892755 1.13505143002892 1.19864506186762 1.21907428632221 1.09218138224402 0.805844111787611 0.827009206574293 0.799949928466325 1.03296298946197 0.973678279102423 0.737633157660263 0.82390741049712 0.828012256908445 1.15545751732379 1.00665865188364 0.855012280422316 0.942723869972325 0.901424458794487 1.25230906554351 1.22343663639197 1.25694523984832 0.846049797214266
"DxuricyicxMladenSt_SRP19141MladenDjKadSumeTalasi-L2_1" 1.04231220104015 0.770197964981865 1.07861640166741 1.2033783506591 1.31320379388327 1.26131309027399 1.17526063472063 1.2665144632944 0.961313153994571 1.16968735621207 1.10946341940085 0.589846287362722 0.84818975803194 0.653325881870132 0.697762270938002 0.911792724353685 0.795939300410109 0 0.707472848231645 0.742749562058905 1.02751502642126 1.08758999643727 1.07873173552035 1.39132740659919 1.09699204340524 1.35641126348619 1.29575527586238 1.1074607243853 0.88296734503245 0.889912551727108 1.19983418641235 1.07124731828396 1.20387299041592 0.932377992778019 1.28920162718061 0.704885946077163 0.666710462035092 0.900125104642985 1.06789705324663 1.18271234590328 1.23413469381149 1.28477626859179 1.00469674983634 1.21039855647552 1.28284969450534 1.02554900656601 1.01771830564349 0.859226874737392 0.889182814725137 0.790655771759399 1.0098747438707 0.998325819434136 1.03146003854877 1.12875484152699 1.03370020648469 0.742521150521744 0.950153501639713 0.533911042855585 0.79118894285806 1.04263601062342 0.638081307560436 0.522664104249097 1.1238567781653 0.956080493880448 0.714571035942405 0.826566040666038 1.19734100638558 1.02596017880787 0.98629761057398 1.29487529245734 1.14869188521412 1.0806152750412 0.800998794203154 1.38742459060015 0.916989653448744 0.688612654119576 1.1719761656261 1.36432540024273 1.14498980555948 1.31365803571138 1.1736326621035 1.22534838388961 0.998384070966462 0.821060171434665 0.903005005243855 0.74876329641138 1.09788291956578 0.879541864989089 0.820603513041884 0.666542262133666 0.796112318976878 1.07757867109859 1.21028409071772 0.695964009313794 0.728894222534179 0.702069984327392 1.48788034925326 1.4452806338197 1.44975426090095 0.626766124571773
"GavrilovicxAndra_SRP18930AndraGPrveZrtve-L2_1" 1.02518871993929 0.691135463579528 1.03414026380812 1.02150103008842 1.13770979365733 1.24916397806312 1.06597962281835 1.09591246741844 0.966131129444719 1.20991930443357 1.04841506013999 0.853664379014099 0.956522980759834 0.85874906222405 0.833429389562375 1.02582202585834 0.836738840347629 0.707472848231645 0 0.593070079317583 1.0256224187731 1.17003179189185 1.10666716373067 1.19347818750134 0.816730524152318 1.08758491974885 1.17987431195366 1.04117668552725 0.83743403872396 1.0161059335872 1.01156807977846 1.02673434166538 1.36454574977424 1.0428327449289 1.10875564247717 0.891579624819942 0.814181699846028 0.89260352063915 1.02379469835556 1.13211870593784 1.01332092857998 1.21523274362621 0.967383333224286 1.23519799479553 1.14610312356232 0.958561611824943 0.910869754066097 0.965829067588214 1.01878446817364 0.788915809877095 0.953054724312359 0.835241255197943 0.860564462117004 1.19923594908491 0.89867036404457 1.08576197087586 1.20826428109949 0.815709877472265 0.772670800945313 1.1361612313491 0.851684858717982 0.790535490639873 0.812726468615246 0.981956346668882 0.913948666129138 0.87395689541029 1.29355458902528 1.04922742207668 1.05696992551313 1.18988195604484 1.13432002118258 1.15873878764917 0.979781231000537 0.914235726957395 1.04082319621722 0.922786782193876 1.14389662657843 1.18435337036085 1.12320395311742 0.972418074194577 1.2752191616239 1.38221683389708 1.27463773742802 0.746281170549026 0.898672858813797 0.783757130329515 1.15430221271109 1.07590243376796 0.847180246822174 0.925866718003156 0.858994258655644 1.07352178012261 1.17110889712857 0.963114420852761 0.882693403447913 0.911507251941441 1.14044895607161 1.06098474638571 1.05406441431225 0.666082166110079
