"AtanackovicxBogoboj_SRP18520BogobojADvaIdola-L2_1" "BaruncyicxKosta_SRP18791KostaBPastirKralj-L2_1" "CxipikoIvo_SRP19041IvoCZaKruhom-L2_1" "CxipikoIvo_SRP19090IvoCPauci-L2_1" "CxorovicxSvetozar_SRP19051SvetozarCZenidbaPK-L2_1" "CxorovicxSvetozar_SRP19132SvetozarCJarani-L2_1" "CxorovicxSvetozar_SRP19192SvetozarCUcelijama-L2_1" "DimitrijevicxKelena_SRP19012JelenaDDjulMarika-L2_1" "DimitrijevicxKelena_SRP19070JelenaDFatiSultan-L2_1" "DimitrijevicxKelena_SRP19120JelenaD-Nove-L2_1" "DinicxSreten_SRP19091SretenDPreporodjaj-L2_1" "DomanovicxRadojeM_SRP19025RadojeDStradija-L2_1" "DxordxevicxVladan_SRP18631VladanDjKocinaKrajna-L2_1" "DxordxevicxVladan_SRP18690GmundenskoJezero-L2_1" "DxordxevicxVladan_SRP19131VladanDjUFront-L2_1" "DxoricxNikolaV_SRP18821NikolaVDjKavaljerLaza-L2_1" "DxuricxDusxan_SRP18962DusanDjKonacDelo-L2_1" "DxuricyicxMladenSt_SRP19141MladenDjKadSumeTalasi-L2_1" "GavrilovicxAndra_SRP18930AndraGPrveZrtve-L2_1" "GavrilovicxAndra_SRP18964AndraGDespotovaVlastela-L2_1" "GavrilovicxDraga_SRP18840DraginjaGIzUcitZivota-L2_1" "GavrilovicxDraga_SRP18870DraginjaGBabadevojka-L2_1" "GavrilovicxDraga_SRP18890DraginjaGDevRoman-L2_1" "GlisxicxMilovan_SRP18751MilivanGGlavaSecera-L2_1" "IgnxatovicxKakov_SRP18590JakovIDjuradjB-L2_1" "IgnxatovicxKakov_SRP18620JednaZenidba-L2_1" "IgnxatovicxKakov_SRP18630JakovIMilanN-L2_1" "IgnxatovicxKakov_SRP18750JakovIVasaRespekt-L2_1" "IlicxDragutinK_SRP19040DragutinIDjera-L2_1" "IlicxDragutinK_SRP19061DragutinIHadziDisa-L2_1" "KaksxicxDxura_SRP18740DjuraJSeljaci-L2_1" "KaksxicxDxura_SRP18760DjuraJCicaTima-L2_1" "KankovicxMilica_SRP19180MilicaJPreSrece-L2_1" "KanxicxVelislav_SRP18992VelislavJLutajuceDuse-L2_1" "KaraRadovanovicxPavle_SRP19002KrvaviZlocin-L2_1" "KevticxaStevanaK_SRP18911StevanJJDanica-L2_1" "KezdicxKostaD_SRP19062KostaJZlocinSvekrve-L2_1" "KomarcyicxLazar_SRP18800DragocenaOgrlica-L2_1" "KomarcyicxLazar_SRP18871LazarKMojKocijas-L2_1" "KomarcyicxLazar_SRP18934LazarK1RazorenUm-L2_1" "KosticxTadijaP_SRP18960TadijaKGospodaSeljaci-L2_1" "KosticxTadijaP_SRP19030PrvoVeselje-L2_1" "KovicyicxZxivojin_SRP18935RobinjicaZlata-L2_1" "LazarevicxLazaK_SRP18980LazaLSvabica-L2_1" "MamuzicxStevan_SRP18961StevanMNejednakaBracacorr20201221-L2_1" "MarkovicxAdamovPavle_SRP18881PavleMADuhVremena-L2_1" "MatavulxSimo_SRP18922SimoMBakonja-L2_1" "MatijasxicxStevanM_SRP18970StevanMatGroficaAgnesa-L2_1" "MihajlovicBranko_SRP18780BrankoMPredZoru-L2_1" "MijatovicxCyedomilx_SRP18910CyedomirMIkonija-L2_1" "MijatovicxCyedomilx_SRP18920RajkoOdRasine-L2_1" "MijatovicxCyedomilx_SRP18990MijatovicCyKnezGradoje-L2_1" "MilicxevicxMilanDx_SRP18790MilanDjMJurmusaFatima-L2_1" "MilicxevicxMilanDx_SRP18810MilanDjMDesetPara-L2_1" "MilicxevicxMilanDx_SRP18860MilanDjMOmerCelebija-L2_1" "MilicxevicxVelxkoM_SRP19121VeljkoMBespuce-L2_1" "MiodragovicxKovan_SRP19102JovanMRadisa-L2_1" "Nepoznat_SRP18923NNBeogradskeTajne-L2_1" "NovakovicxStojan_SRP19130StojanNKaludjerHajduk-L2_1" "NusxicxBranislav_SRP19021BranislavNOpstinskoDet-L2_1" "NusxicxBranislav_SRP19201BranislavN1915-L2_1" "PetrovicxBosxkoSt_SRP19080ModernoRoblje-L2_1" "PetrovicxKosta_SRP18965KostaPNeimarisaKrajem-L2_1" "PopovicxPanta_SRP18691PantaPKakavJeKo-L2_1" "PopovicxStevanV_SRP18882StevanVPSumarevaCerka-L2_1" "PopovicxSxapcyaninMilorad_SRP18880SapcaninSanjalo-L2_1" "PopovicxTodorLx_SRP19010TodorPGila-L2_1" "RadovicxDimitrije_SRP18942DimitijeR-Sinovac-L2_1" "RadulovicxPera_SRP18752PeraRBezOcaMajke-L2_1" "RankovicxDragutinaK_SRP19023DragutinRSlavko-L2_1" "RankovicxSvetolik_SRP18971SvetolikRGorskiCar-L2_1" "RankovicxSvetolik_SRP18993SvetolikRSeoskaUciteljica-L2_1" "RankovicxSvetolik_SRP19000SvetolikRPoruseniIdeali-L2_1" "RogicxDusxan_SRP18921DusanRSrbinHrvatica-L2_1" "SavicxBozxa_SRP19031BozaSDveSestre-L2_1" "SekulicxIsidora_SRP19190IsidoraSDjakon-L2_1" "SremacStevan_SRP18941StevanSPopViraPopSpira-L2_1" "SremacStevan_SRP18950StevanSIvakovaSlava-L2_1" "SremacStevan_SRP19071StevanSZonaZ-L2_1" "SretenovicxMihailo_SRP18940MihailoSRadeticaMara-L2_1" "StankovicxBorisav_SRP18991BorisavSUvelaRuza-L2_1" "StankovicxBorisav_SRP19022BorisavSPokojnikovaZena-L2_1" "StankovicxBorisav_SRP19101BorisavSNecistaKrv-L2_1" "SuboticxKamenko_SRP19203KamenkoSLegijaSmrti-L2_1" "SuboticxKovan_SRP18730JovanSKaludjer-L2_1" "SvetolikVladimir_SRP18951VladimirSKaznjenoNeverstvo-L2_1" "SxisxkovicxDragomir_SRP19200DragomirSJedanOd-L2_1" "TaletovPeraS_SRP19060PeraTNovac-L2_1" "TasicxDimitrijeS_SRP19024MickoHarambasa-L2_1" "TodorovicxPera_SRP18892PeraTodSilazakSPrestola-L2_1" "TodorovicxPera_SRP18933PeraTodSmrtKaradjordja-L2_1" "TomicxKasxa_SRP18966JasaTNazareni-L2_1" "TutunovicxRadojicaV_SRP19001MilanovoSkolovanje-L2_1" "UskokovicxMilutin_SRP19100MilutinUDosljaci-L2_1" "UskokovicxMilutin_SRP19110MilutinUPotroseneReci-L2_1" "UskokovicxMilutin_SRP19140MilutinUCedomirIlic-L2_1" "VeselinovicxKankoM_SRP18891JankoVBorci-L2_1" "VeselinovicxKankoM_SRP18932JankoVSeljanka-L2_1" "VeselinovicxKankoM_SRP18963HajdukStanko-L2_1" "VuleticxVukasovicxVid_SRP19011VidVVCarDubrovnik-L2_1"
"AtanackovicxBogoboj_SRP18520BogobojADvaIdola-L2_1" 0 0.926665358420984 1.03310567107591 1.02636322853074 1.01575717036886 1.0559056287597 1.03056038356973 1.05541379399434 1.03986370777149 1.04166904139209 1.0572058747648 1.05517538712346 1.01016233148064 0.972639525210375 1.00707624218063 1.0108657413574 0.962658344748255 1.01308780208667 0.997695735372707 1.03932021643562 0.993615103450567 0.98498733785734 1.03858389464569 0.987688222999147 1.00779463273819 1.03176095201011 1.00404124672224 0.999168989424617 1.04362426098202 0.992031051059716 0.991747030398402 1.00731142037223 0.931287792797734 1.00262323871702 0.983130626874413 0.99424026920076 1.00395104289867 1.00530532486251 1.0068659762988 0.985769421343082 1.05755752229526 1.0363252966282 0.994568062438709 0.894342833909746 0.973548225411811 0.987785024150866 1.02480218147051 0.97014700800733 1.02582847811605 1.04631791325635 0.982938314920315 1.02477272451084 0.989053519660581 0.930010400990487 0.965929520706541 0.954996338447866 1.04236347958901 1.03717478462459 0.991268233127739 1.02328228150037 1.02129179934672 1.01155303463085 1.04747855741984 0.941279544545266 0.983016211066221 1.01813791936895 1.02193463700177 0.97461119188656 1.01280671447451 1.00475440690773 1.05981210069342 1.07584844823618 1.06230470642984 0.99682100527601 1.06200802948524 1.00684014465995 1.0626633203626 1.03971923288571 1.01957674107288 1.01125705625783 1.05745678446909 1.02703280578366 1.04671635556058 1.0058038816693 1.00648819346348 1.03335501136972 1.01290888874478 1.00417386956891 1.01392892900691 0.984762160288125 1.05125261387223 1.04435171021968 1.03547992144609 0.995311888582717 0.969481172016271 1.0097679010229 1.00511796246273 1.06373485794578 1.01052461749704 1.06198336586584
"BaruncyicxKosta_SRP18791KostaBPastirKralj-L2_1" 0.926665358420984 0 1.03271916819282 1.01334746503937 1.04478108456356 1.08045164344881 1.09270713965985 0.967677705075643 1.06266999371808 1.0503479737284 0.986528925381597 0.962743850371757 1.00794993288653 0.986471687580702 0.974690443032364 0.981400037045385 0.959578985911248 1.01245577626099 0.974043691926349 0.981172492755077 0.976197114435104 1.01864482386915 1.00301934484417 1.03791498150769 0.957653733593542 0.999632968497897 0.986143578213935 0.869337322723571 0.993088306344062 0.998846781934951 1.00614948281722 1.02105406331825 1.06521226788658 0.953927301263998 1.02136481611078 1.01823235386998 0.92434996954346 0.964359562259887 1.01008024818455 1.10086797492615 1.03624731780723 1.08245452696672 0.991322655298784 1.03454640229697 1.01472157073237 0.981039015946848 1.00605414712754 0.972974669751091 0.965673740662856 1.02046183035489 1.08690662608627 1.01914043218591 0.919945418165701 0.998181810074489 0.949717394869852 1.00727524870624 1.00451789786568 1.01615737146608 0.946266837057025 1.03584369720446 0.984033845437701 0.986624711907244 1.01185063172689 0.928963668594138 0.999328608660989 1.00809987048077 1.06860403297805 1.02716465821641 1.01541222414598 1.04595651361696 1.06115801022761 1.0813663029344 1.06467404775381 1.03240754003022 1.03714957233944 0.963678165691232 1.02687170039284 1.01578952860354 1.00212268522231 1.03204248449257 1.04262796184741 1.04577787783556 0.994604884788885 0.990078658651214 0.937762203575728 0.996627770541084 1.00940077719664 1.01685564622395 1.00744356478639 1.02414298152819 0.975081914683722 0.996748568033074 1.03869743742313 1.03053261748642 0.993294221071517 1.03436263030012 1.03242911266332 1.06777289195535 1.0526504831327 1.01213608491195
"CxipikoIvo_SRP19041IvoCZaKruhom-L2_1" 1.03310567107591 1.03271916819282 0 0.890840940040528 0.956580878348349 0.915134978691802 0.917651285002618 0.928821249662676 0.992167599092366 0.956168634090181 1.0318244578481 1.05679308956957 0.990072046033266 1.02007671473495 1.03705938027129 0.999794211857775 1.00462646682922 1.03116911148042 1.03219129923539 1.01261940441017 1.02250740353734 1.05697964440808 1.00922252076687 1.00070406203969 1.01180298568555 1.02537880370588 1.00854194437083 1.05041204252652 0.974558450794305 0.97685268481477 0.974806090211294 1.00140552557778 1.03499322438926 1.03133150190981 1.07570502338518 1.03683592817564 1.07358355743543 1.00196909964726 1.00884933365619 1.00571455383632 0.89403100167993 0.966560496873102 1.03386004127737 1.02107860710296 1.05255947702149 1.02076171545578 0.989749521555172 1.04139285373415 1.04062199792602 0.996914009165238 0.967335122040533 0.989650751460747 1.01140867663683 1.0460212201223 0.982693250368831 0.944461466037379 1.02234191531123 1.02268441861149 1.06581184149315 1.03463348687129 1.02918851340917 0.966350372980693 0.945368867518743 1.01923420299805 1.01876653532499 0.941565803104905 1.02438126235168 1.006279282037 1.03206160781404 1.03446698939728 0.990262354861148 0.978712942802996 0.976028438769167 0.983364379105042 1.02931433627881 1.01400653785774 1.00406762641783 0.979308374159465 0.991349291389923 1.00580800215915 1.04058581827695 0.988417317260257 1.03071284460386 1.05258901367637 0.998580731345575 1.02041602994826 1.05092988415731 0.986975984981461 1.01985659418387 1.04422834181954 1.07124262460838 1.01222726551656 1.04544055562435 1.04064997073338 1.05861305359263 1.0119921745731 0.995746671071814 0.992976596941171 0.986901654525664 0.980371687810869
"CxipikoIvo_SRP19090IvoCPauci-L2_1" 1.02636322853074 1.01334746503937 0.890840940040528 0 0.999112828296783 0.972450608910365 0.917692557569895 0.913098972951328 0.959539725586463 1.00026753667489 0.981574309299839 1.01849962664371 0.974492419177226 1.03857866059615 1.05584625624741 1.02535805057585 0.984335071583604 0.996037729363776 0.972760091319599 1.00849002072334 1.01407773802016 1.04340258676717 0.999306226374526 0.983941115385859 0.938189793006983 1.03999975230253 1.01822377040907 0.984965451114544 1.01002152872634 0.992902279230299 0.98948516967401 1.02050538311 1.08441596622535 1.01812939560993 1.04087538967419 0.989164916542467 1.04580651329274 1.01262320929762 1.01760388526464 1.02574656046276 1.0233094916613 1.00725831984357 1.04019935485257 1.04462517978497 1.03818269582858 0.979968821257765 0.990445732245099 1.03539067030368 1.03545876591055 0.949472134824414 0.987047017503492 0.980930309416774 0.992826374330996 1.01579231315053 0.957009583842777 0.96562910634827 1.04949127134915 1.02572644857149 1.08970329284272 1.00304279975977 1.04195263979208 0.956040716238175 0.968038217670554 1.00138450121254 1.01042247446041 0.979650280286132 0.980643731373569 0.96658576313694 1.00609726556263 1.0518941980293 0.994635975442416 1.01116428977359 0.994985215623564 1.01980832978951 1.02693169115499 0.962999225764316 1.05543084327208 0.970169918558687 1.00735330305117 1.01391231708525 1.00444201603261 0.951571596587433 1.00023398619515 1.04991935024125 0.998535274038092 1.02496746817231 1.03657038540659 1.01322293124429 1.04190613453845 1.05521562808334 1.03820158594698 0.969518968329325 1.0360202066835 1.06137093585063 1.06558879129442 1.01438385155253 1.01856246108917 1.05407651377965 1.00474349878798 0.969220923152525
"CxorovicxSvetozar_SRP19051SvetozarCZenidbaPK-L2_1" 1.01575717036886 1.04478108456356 0.956580878348349 0.999112828296783 0 0.864444747168848 0.809653334652961 1.02474334360987 1.03443500448159 0.999171259470268 1.02725306232489 1.07350533763712 1.04651181778446 1.03300790941382 1.02539066455406 1.03233239515711 1.0173607643876 1.03446987120096 1.06488623733662 1.03747887732507 1.02026644238785 1.01820305406868 1.04131530687388 0.967992167478559 1.00501922316448 0.993129074069528 1.04543142036584 1.03386789189733 1.00004571917016 1.00473014827235 0.995508955073481 1.03690842130859 1.04143558219453 1.00321065985062 1.0511746810562 1.06795979840238 1.08222723795918 1.04305000859365 1.05329700144254 0.962088046833918 0.999542667465728 1.00597565020686 1.05704466341757 1.01232848500799 0.948296520084334 0.969906075995431 1.02653038371043 1.00756426283635 1.05384384663194 1.03047077287275 0.990448275571047 0.978154406200527 1.06134492627633 1.02381527652491 1.02043649878229 1.02330905757803 1.06334689338097 1.03103862681365 1.03714525314694 1.06916057352126 1.00850176552095 0.962018424733652 1.00942893015548 1.02711060873323 1.02009732823185 1.01504795670688 0.99578652666891 0.903014167745937 0.975645607685187 0.995265507842172 1.00633534282494 0.947859799319911 1.01213828682143 0.991647536514531 1.03034266583532 1.08866610885793 0.969513115410498 0.982170440370657 0.987945609289812 0.959109173262755 0.977238087754724 0.975963832942564 1.00425182698758 1.04918260964587 0.989586209200139 1.03716100226657 1.06054199388169 0.997582011049481 1.03184709701104 1.03304061094592 0.991992268001987 1.03113678119992 1.03273973653018 1.02469702202065 1.02977298573919 1.04548196808079 0.989352827591712 0.942377009214872 0.967354151990118 0.966983789776846
"CxorovicxSvetozar_SRP19132SvetozarCJarani-L2_1" 1.0559056287597 1.08045164344881 0.915134978691802 0.972450608910365 0.864444747168848 0 0.77335100801424 0.975338744691058 0.998269282621661 0.97432492675073 1.04879343886413 1.02300298649492 1.06791116145119 1.03033428360121 1.02488688070706 1.07356867078437 1.04903223032448 1.05729405808015 1.07409984998 1.02445753819956 1.05691665713888 1.00296960691268 1.01948548011718 1.00088050002571 1.0464841213015 1.05371741592864 1.06315312289531 1.05819736945826 1.02344819164771 1.02991774492998 1.0290526210261 1.06908360132636 0.961164761587178 1.06996864062598 1.08484430976287 1.0664983483967 1.09542531707891 1.03030432172911 0.992155616020962 0.898812949810723 1.00753313143633 0.978417498625664 1.05745726213644 0.974306769017286 1.05206786152522 0.994814940675718 0.997888896126776 1.06856272651445 1.06235711401719 0.97559853058192 0.926892347878963 0.992231829537149 1.01011469808301 0.971160995625103 1.02507081014484 1.00259587102257 1.04362318854781 1.03712805543786 1.02210254945409 1.0604557344409 0.993392861466456 0.945455282368555 0.96072364120141 1.02933929302791 1.05493815928137 0.99295334166873 0.931018457747569 0.911937208288317 0.895435626569788 1.01316381910511 0.987810147562735 0.994244459126076 0.983971072807187 1.00469279768171 0.998193867168491 1.02505649062734 1.05135933316572 1.00376810316232 0.984697752696039 1.02628735178792 0.956464962234596 0.928664004521692 1.00425180714703 1.04768496857147 0.989667839431117 0.981268377456893 1.03621634249251 0.997819246967818 1.00067668191652 1.01505230630993 1.01930398742035 1.06593098288662 1.0088063247294 1.03567664140513 1.04729367669703 1.01623733281062 1.0557491808828 1.03022591139696 0.991607608811326 0.962107932202606
"CxorovicxSvetozar_SRP19192SvetozarCUcelijama-L2_1" 1.03056038356973 1.09270713965985 0.917651285002618 0.917692557569895 0.809653334652961 0.77335100801424 0 0.951486219741853 0.991385417533309 0.981316752487631 1.0346340117518 1.02493775381197 0.991490000342029 1.02827682797097 1.06266379283182 1.01981368597065 1.0423530997857 1.03597387793043 1.04120872874446 1.00651777361567 1.0949962796743 1.04514938865665 1.02256638556067 0.890634613533792 1.00758215092764 1.03303786277252 1.05287538653324 1.03928990470661 0.980726071391379 1.01039759751358 1.04356009822559 1.05290585461982 1.08557776071122 1.04634104654851 1.08339953909166 1.03273209521559 1.10033076287354 1.04168152074506 1.03732142953357 1.01169847765416 1.01302787226136 1.0055662158252 1.06229574743436 1.02036872736607 1.0482766372411 0.948914905699553 1.00048671130419 1.06739524582291 1.09045882836226 0.957732544790346 0.922775908272901 0.958710147959892 1.05123265047345 1.04147002614363 1.03825572071805 0.993688503214211 1.03083505452454 1.01404025234728 1.05110557134395 1.02895467431883 1.0092786018219 0.927144694592929 0.951156501721819 1.02715614414448 1.03802383687129 0.956473769399064 0.969131818983219 0.873757337945867 0.966601132237786 0.997027341379864 0.965305540879643 0.925944572361436 0.98376992175585 1.0190037781766 1.00866965974546 1.00188397276222 1.04373193881177 0.983304822368894 1.00401562106559 1.05087289299053 0.972404220872035 0.973304500661358 0.982962709073374 1.03294931737733 1.0294788234995 0.992510381879502 1.03752990938735 0.998958188545226 0.982979209702024 1.02807606446279 1.04237250719566 1.02619902883538 1.02105702220234 1.02798109673454 1.06086567670729 1.01207629307253 1.01126976979128 1.06694169459528 0.979241963099555 0.973729719846963
"DimitrijevicxKelena_SRP19012JelenaDDjulMarika-L2_1" 1.05541379399434 0.967677705075643 0.928821249662676 0.913098972951328 1.02474334360987 0.975338744691058 0.951486219741853 0 0.852754642407051 0.981207557806626 0.935418316486309 0.978730177406277 1.01040462548086 1.08412197858748 1.00880545423605 1.09408922707102 1.04327950116592 1.07738813694628 0.973778771962702 0.942436311442566 1.02808979175593 0.91615513629747 1.00879726554178 0.884144143228751 0.950903551843282 1.02406148828733 0.938238481760174 1.04639994715954 1.05256588424221 1.05425514698653 1.00704851660353 1.05150645526888 1.02264093924343 0.965271790225794 1.0460768653834 1.0472845731981 1.1131712010343 1.02842376113048 1.0201587483861 1.04019902420885 0.941897358266176 0.991700371361792 1.06534503743679 1.02268038359052 1.06029293577497 1.00069498332295 0.983505555935949 1.009389696615 1.05092106130245 0.955524751469532 0.988738040208946 1.00500005959228 0.978435225680348 0.893162638473414 0.917195079691455 1.03758842524236 1.05764148917378 1.06396604887232 1.08445306341518 1.03503395556124 0.996607332274599 0.997571517690751 0.878347105275991 1.01564221219754 1.04983282236167 0.914546637076801 1.0132258902899 1.05852847545997 0.914204740667704 1.09577389978794 0.954515410626175 0.987327648822693 1.00312744710577 0.9858779712539 1.01118568744771 1.01137640202946 0.979509293475466 0.871912962342451 0.979928589827721 1.01256822150513 0.936124546222602 1.13434895364276 1.04672962946257 1.01609832966171 0.994598505276238 0.991511654238787 1.0487393897332 1.08546951698569 1.00805292547815 1.06162200792238 1.04311614021782 1.04072589024417 0.911887311889535 1.00416174403239 1.03125327038585 0.991454676983282 0.990822528846483 0.998721258155627 1.00304421525475 0.96233186625315
"DimitrijevicxKelena_SRP19070JelenaDFatiSultan-L2_1" 1.03986370777149 1.06266999371808 0.992167599092366 0.959539725586463 1.03443500448159 0.998269282621661 0.991385417533309 0.852754642407051 0 0.90004128943034 1.01492859710594 0.945299035571265 1.01699294745047 1.02465204352725 1.01427365534196 0.947581968304455 0.997696518217002 1.01041133335621 0.983803277774567 1.01509563121223 1.03234785883467 1.04028352974683 1.00112424331008 0.886726148497377 1.01084958829842 1.00639001842379 1.03817133031108 0.992167549813396 1.03389168649703 0.983342793684644 1.04016882149172 0.97051625404926 1.05147493281527 1.02194508244196 1.07092349484904 1.03157778894404 1.03070854673604 1.00096419715582 1.06462840195788 1.0641292439997 0.980763390321622 1.00585842305267 1.02533159368842 1.05792131974481 1.04821655790801 0.98702719184772 0.953641684961692 1.0436420831698 1.08496912431421 1.01908104140381 0.991997969281438 0.981270007569777 0.959104541166707 1.07713239604558 1.02353447465122 0.967012249882047 1.00680807653715 1.08505808031461 1.0510236602511 1.01796345063013 1.04475811886276 0.986463553945695 0.999764058443394 0.959795720384271 1.00322111556209 0.965375259944252 1.0523644004493 1.01181785129789 1.04842375739562 0.990839228111626 0.974464492772262 0.958883513123204 0.948304589299811 1.05664863569353 1.00806800659534 1.01904774700959 0.99017903388638 0.902995729333784 0.963230363764932 1.01594241593496 0.973292400170151 0.954971316165851 0.999375012960531 1.0264569892128 1.03038780432835 1.0689503695148 1.02339936253124 0.995365893809038 1.01697537954791 1.04334437256883 1.04742507979859 1.02096788602894 1.0326848747961 1.04937270514305 1.03321969114134 1.00974836827183 0.994301144695922 0.971971094565238 0.971427623678074 0.946320659214333
"DimitrijevicxKelena_SRP19120JelenaD-Nove-L2_1" 1.04166904139209 1.0503479737284 0.956168634090181 1.00026753667489 0.999171259470268 0.97432492675073 0.981316752487631 0.981207557806626 0.90004128943034 0 1.02225919197424 1.02939327365319 0.998650363388054 1.05516967151469 0.991478074031978 1.02924033936571 1.06212838715269 1.02667543684298 0.999714890981048 1.02065045791112 0.96360277696476 0.967885071088971 0.990503268008024 0.9611340301059 1.0583834524593 1.03871302880005 1.03153724871125 1.03074114265001 1.06338112235641 1.04543462604074 1.03948707921276 1.03193050094477 0.91240658357031 1.0278605877714 0.984412308050099 1.01924536465223 1.00495973313991 1.02169094435214 1.06244328257031 1.01036248680311 1.01959312483502 1.01492594995692 1.05672932611443 0.940100760390448 1.05744599801183 1.0364269986513 1.00352574735814 0.990696445418156 1.03345780055202 1.00875506367369 0.996227459625725 1.01663914795663 1.01838631800445 0.987182690315477 1.01050934417481 1.01628582581466 1.02947080753333 1.02837851102949 1.04376140701231 0.984608897151134 0.977615729402016 1.03743115597658 1.05521490174015 0.999952441923303 1.04108954770767 0.969621876618018 1.00478044651071 0.98676302254465 1.0427113690585 0.973098463700818 1.00381131698009 0.963400913898529 1.00904675486766 1.01884336808191 0.986456148628796 1.00319472967959 1.03905947676782 0.987170251842627 1.06037134979831 1.01648452195412 0.972110288648484 0.964691338440391 0.969612564391426 1.03632340489498 1.03927915871562 1.04813956698099 1.01406183115965 0.96873828704491 1.02460906775043 1.0492290812346 1.03856149415 1.00617498945702 0.98412951634009 0.964478969997789 1.04325964480182 0.988735957483648 0.995960539911338 0.995121721505054 0.967920265080952 1.011490438965
"DinicxSreten_SRP19091SretenDPreporodjaj-L2_1" 1.0572058747648 0.986528925381597 1.0318244578481 0.981574309299839 1.02725306232489 1.04879343886413 1.0346340117518 0.935418316486309 1.01492859710594 1.02225919197424 0 1.01616863526764 1.04611096144409 1.03277257293791 0.996390294867334 1.05363726538721 0.984553018864245 0.990184121000833 1.01162250463613 1.01097803779348 0.979409159548528 1.01962815186934 1.01054107304684 0.938728541212423 0.945802432955204 1.01481628073672 0.984842416077366 1.02956653631117 1.01672397032394 1.01326593652773 0.988854367699214 0.997293689499772 1.03172956080285 0.952543908654397 0.98065823631027 0.99140689320403 1.02226010503623 1.03734739606687 1.02034239729359 1.05857492263466 0.995215568205 0.964841457481636 1.02389542895463 0.993859009428467 0.994454090494236 0.922114215793305 1.00319095254712 1.01502610115332 0.965664737835117 1.02846617705128 1.06802581937258 0.971377285584206 0.969221249804549 1.07047748706715 1.00507514858891 1.03193387658733 0.941982284436603 1.04363568167589 1.00122287356853 0.978343992479858 1.00948977917082 1.0286988840931 1.0215227868835 1.01101884979158 1.06739387557315 0.995054505212398 0.991859252033447 1.04570170394791 1.02963550435174 1.02679385763387 0.984809736888224 1.01353281893796 0.988795986487916 1.04247685259936 1.01173918029131 1.02089383122949 0.993352104998551 0.959883274789785 1.02001329221069 1.05594881163307 0.963058673319291 0.984172691692079 0.980435357002469 0.978889885888966 1.03798552586741 1.03464698616804 1.00848461476243 1.02784522634958 1.02467383130294 1.06016666298527 1.03214223014644 0.964085119896718 1.00930994432405 1.01125115603651 1.02549504937269 1.0420102124585 1.00919109325869 1.01254893484865 1.02654891687488 0.96977065247362
"DomanovicxRadojeM_SRP19025RadojeDStradija-L2_1" 1.05517538712346 0.962743850371757 1.05679308956957 1.01849962664371 1.07350533763712 1.02300298649492 1.02493775381197 0.978730177406277 0.945299035571265 1.02939327365319 1.01616863526764 0 0.968240146283591 0.896833862657646 0.936787657494067 1.02275148652342 0.939688947785601 0.993809153171127 0.972179704724308 1.01801109962159 0.988104637155678 0.981602679872036 1.01400297728282 0.916267468612811 1.01237646093679 0.98780642436167 0.988978961523254 1.02074728844731 1.00105595259105 1.01618260330171 1.06118011028862 1.02447651799157 1.07004357058943 1.02740056616609 1.04721060094934 1.01538275511341 1.00964212284495 1.0443913872756 1.01475115172224 1.04695686372809 0.969418995845288 1.07790163752868 1.02935740668434 1.03234740904585 1.03263610826575 0.987885765247263 1.03788576583945 1.02611161012116 0.955070133458757 1.00488662794966 1.07594250387132 1.02872487409739 1.02339933439832 0.974524992103629 0.975876135872861 1.00716062117017 1.0020592452799 0.986924296474881 1.03189991995829 1.04342902601598 0.990782845011469 0.968573820794255 0.963202787906835 0.997454280066655 1.03641831123531 0.991041637959592 0.995344199009862 1.06762696363742 1.01441202411802 1.0373038617726 1.01018011474681 1.01712012570834 0.966011097117323 0.994209310504356 1.01678200972638 1.03467832948649 0.97441323321498 1.00331829782585 1.016645656415 1.03359045513347 0.994879181419966 1.07311593529179 1.00321941180851 0.993037624046298 0.995723290122134 0.973785907071085 1.05482035835944 1.06992256786842 0.913586279445028 1.00037207541019 0.974609639144348 1.04170049861669 0.92486449923631 1.0263732739705 1.03599000297174 1.05016605469199 1.04102439922918 1.00284757374902 0.980198858206064 0.994262948203527
"DxordxevicxVladan_SRP18631VladanDjKocinaKrajna-L2_1" 1.01016233148064 1.00794993288653 0.990072046033266 0.974492419177226 1.04651181778446 1.06791116145119 0.991490000342029 1.01040462548086 1.01699294745047 0.998650363388054 1.04611096144409 0.968240146283591 0 0.916673908955552 0.931493216818246 0.988901975292403 0.940193720736411 1.03840428659206 1.01282291837077 1.01703240369767 0.987831665813249 1.0346272962143 1.00529077508431 1.0215344419699 1.0316966151377 1.04461750346982 1.0432707399459 1.00992861044657 0.956370839230499 0.982722074711932 1.0308419425209 1.04635181103894 1.0303598457615 1.03795716644679 1.02493497509797 1.01208080008944 1.03141663353915 1.03880341889284 0.979059363601515 0.999604057849348 1.01957443558764 1.03428790222118 0.992365922072236 1.0458011309092 1.06008843629003 0.961679995714569 0.976063725508263 1.02063654419296 1.00137914638143 0.945705117577997 1.00236753763808 0.960008713530736 1.0085776326349 1.0089642265851 1.01300889530075 0.999470524197852 1.02029551177447 0.99931889517764 1.00654599923847 0.959417480585209 1.02155006262001 0.983782751176447 1.01935116424928 1.04451583864333 1.01205339271951 0.983476513832681 1.01530671569391 1.01115855735022 0.957959343462082 1.07157819377934 1.02248811025497 1.00122577472172 1.02133880561141 1.01004231320393 0.993772640204842 0.99965857919035 1.03608628360025 1.01260878298855 1.01964328833351 1.00594206885554 1.07456510588128 1.04626179153415 1.02977759421808 1.02714808161454 1.00119934744932 1.04131056008893 1.02390298643828 1.02479381544271 0.958922417930903 0.951100513274949 1.00727395304381 1.00595598157198 1.01278166487131 1.03241110868723 1.05869289463482 0.992295742573444 1.04764249187978 1.02389001052269 1.01904666591814 1.01786807713022
"DxordxevicxVladan_SRP18690GmundenskoJezero-L2_1" 0.972639525210375 0.986471687580702 1.02007671473495 1.03857866059615 1.03300790941382 1.03033428360121 1.02827682797097 1.08412197858748 1.02465204352725 1.05516967151469 1.03277257293791 0.896833862657646 0.916673908955552 0 0.962211708299098 0.985809417271033 0.926473182765005 1.05294119737103 1.02196338261861 0.996913619125041 0.994359425932204 1.02082017771838 1.01885074032278 1.04876757408192 1.01269577583767 1.04929687464815 1.01914724302478 1.03774089608943 0.996934450806558 1.01806909533754 0.994990610465608 1.01340004437705 1.0596210656823 0.982056351942412 0.994603584670703 0.965170970943586 1.00812157947817 1.02745240094131 1.0005203318084 1.01336796791222 1.03537644541042 1.03819893501009 1.00236587489012 1.04612878759824 1.02593346975603 0.973861913227729 0.99097039063382 1.03804647159642 0.947766539940216 0.974345213890588 0.973165710985009 0.985472215560634 1.02831956782439 1.04123675455998 0.994978754959664 1.01067077055396 1.01504019198633 0.983746137260589 0.993888927289978 1.03588852603326 1.00022547151588 0.969606367984244 1.02862862569388 1.01168065714702 0.996808914504034 1.01353614655777 1.03018888527397 0.996484967824872 1.04283190800688 1.03372264063327 1.03019222000759 1.0479775996204 1.06180040624781 1.0021236654765 1.01877664299336 1.01868186855275 1.02628690712141 1.09340269456332 1.04310289031805 1.02878330807072 1.02830256112175 1.01920433376515 0.971527405086432 1.02063944814069 0.991258424046643 1.02153838523985 0.958283831688887 1.00646764787991 0.969566799629215 0.926118081249665 0.952747483138834 1.05834384279156 1.01442808970176 1.02328222729238 1.03163050575254 1.04457101574217 1.02536334731742 1.03463316821971 0.994611594566297 1.06089853037716
"DxordxevicxVladan_SRP19131VladanDjUFront-L2_1" 1.00707624218063 0.974690443032364 1.03705938027129 1.05584625624741 1.02539066455406 1.02488688070706 1.06266379283182 1.00880545423605 1.01427365534196 0.991478074031978 0.996390294867334 0.936787657494067 0.931493216818246 0.962211708299098 0 0.99227638608395 0.957156878060226 1.01280873897534 1.03385482353406 0.999997774562994 0.935328452765849 0.978386439757889 0.934552895658186 1.03716050678822 1.03233347049288 1.02652892885592 0.984235805282704 1.02811070853741 1.03367738990164 1.03090578523528 1.05199841393409 1.03994573699245 1.03479316460269 0.977781696824825 0.985887945458564 0.982617722528196 1.03471312623236 1.00347477585406 1.02771816753255 1.02782946724413 1.015658580741 1.05050529547254 1.03211139662731 1.01364460873771 1.05408112921947 1.01385641649946 1.01024596861334 1.00683263252098 1.02338256368463 1.01283120770876 0.992933190756329 0.964196188458676 0.983284041893589 0.955500354572451 0.968984276013319 1.02010523205842 1.02178698468091 0.988672425961477 0.977356048554189 1.00361884712305 0.982293022725696 0.974926519932995 1.00657990173704 1.01540069470764 1.0532445130878 0.984909850047454 1.05102221128986 1.03515319888289 0.982289538664843 1.00894550188766 1.04378281080702 1.05296040972165 1.03581956125651 0.977622154206301 1.02110371101743 1.01939088245643 1.04569179281439 1.03153439323628 1.03576176391263 0.981728322840889 1.04656358470711 1.06051485071498 1.04572570091026 0.983854511012901 1.03400815254666 0.976590265678901 0.973359570354887 1.0267918754027 1.02479898040181 1.02003271851575 1.01497993480492 1.02299527757977 1.01423444163486 0.938374607607012 1.04719107111409 0.946891661824512 1.00356362599654 1.01601776742922 1.0146014578527 1.01991387490938
"DxoricxNikolaV_SRP18821NikolaVDjKavaljerLaza-L2_1" 1.0108657413574 0.981400037045385 0.999794211857775 1.02535805057585 1.03233239515711 1.07356867078437 1.01981368597065 1.09408922707102 0.947581968304455 1.02924033936571 1.05363726538721 1.02275148652342 0.988901975292403 0.985809417271033 0.99227638608395 0 1.00765114453413 1.03095232833865 0.982359991658888 1.05033674509145 0.95642582720622 1.00571644678271 0.996565455553099 1.09786579185952 1.01995362036163 0.952268413521843 1.05161205996436 0.962435663017 0.967856276986008 0.973991636773274 0.97794791284618 0.962333482425049 1.07010129956859 1.01894903196436 1.02685776530465 1.00150710446489 0.952893237210019 0.979186247812589 1.07044174568497 1.04619523715055 1.05017112039374 0.989000159871978 0.992236682341176 1.06675449364215 0.968561066807613 0.994610006313583 1.00137091243392 1.04817502036724 0.951921677444855 1.09206690929775 0.991813230828027 1.03517933741339 1.0167352748969 1.0730240003513 1.05350771296499 0.943979043446537 0.988646595537492 1.04726919684415 1.0448853749369 1.03051161865122 1.06337659616661 0.996729349974802 1.10270462590873 1.01344295736545 0.98157975521571 0.951794233329569 1.02404348413992 1.01911759584169 1.08316893059482 0.965614830239722 1.0360732720945 1.02815552150092 1.03996618432831 0.971572194008531 1.00523693294096 0.988409065804707 0.9703997515144 1.05791291934991 0.96688847860469 1.02983805050881 1.09923109625654 0.939421974649809 0.969921649135498 1.0403557117496 0.967211986791303 1.0601986319321 0.926234603470105 0.997189994152431 1.08180760452355 0.958608765088202 0.995037912603767 1.00675275191448 1.05867857605349 1.03905194839823 1.074976723061 0.965811116892081 1.02327223099219 1.06346400901975 1.02554021035557 1.02200360474149
"DxuricxDusxan_SRP18962DusanDjKonacDelo-L2_1" 0.962658344748255 0.959578985911248 1.00462646682922 0.984335071583604 1.0173607643876 1.04903223032448 1.0423530997857 1.04327950116592 0.997696518217002 1.06212838715269 0.984553018864245 0.939688947785601 0.940193720736411 0.926473182765005 0.957156878060226 1.00765114453413 0 1.03481894984409 0.978502323022994 0.971729888091243 0.951251424039838 1.0318407419986 1.02938011401 1.08192198203518 0.988610579288766 1.09675596333388 1.04746713763907 0.96135249012043 0.97442494575404 0.937670500725666 1.04333085129611 0.957820608221809 1.08515012345747 0.979596045089907 1.01381568793602 0.836803087530269 0.968155085617806 1.02619790681801 0.980430176939788 1.06775992955038 1.06887808278107 1.04861366137726 0.967432089052354 1.08035294926022 1.05804714834923 0.998790858861489 1.01994974285072 0.996451871227463 0.98954138283469 0.951197685681771 1.00664560917533 0.926738636400239 0.969499974609464 1.02725189495158 0.989398448295508 1.04297362403872 0.981021200406159 0.99692711658671 0.942484627637052 1.01111169835948 1.04088345659431 0.969798642243183 1.04740812626544 0.955835771186723 0.994929968354518 1.03292689372967 1.05223162613967 0.99218465164319 1.02853150002555 1.09998974170768 1.05245099638977 1.06886007349557 1.05799702032796 1.14797488829301 1.00222870501957 0.95906579977511 1.00667703793816 1.02408217690596 0.98249920727449 1.03995676853874 1.07247036432454 1.10697463840184 1.05861987689201 0.996980927659643 0.936851713307372 0.99041510881046 1.01738206828553 1.03836732274146 1.01513559994513 1.02218151365214 1.00446643473932 0.936847449172971 1.02689751828427 1.05991332875945 1.04561560576409 1.02587663695311 1.05025477428297 0.983818143813905 1.06910316626155 0.955358836969603
"DxuricyicxMladenSt_SRP19141MladenDjKadSumeTalasi-L2_1" 1.01308780208667 1.01245577626099 1.03116911148042 0.996037729363776 1.03446987120096 1.05729405808015 1.03597387793043 1.07738813694628 1.01041133335621 1.02667543684298 0.990184121000833 0.993809153171127 1.03840428659206 1.05294119737103 1.01280873897534 1.03095232833865 1.03481894984409 0 0.938913710343663 0.951549003555757 0.994585206936868 1.05691679482569 1.0068489591454 1.08952638479175 1.01649818291763 1.02573141041066 1.0681380720839 0.995320451412725 0.974121059056372 0.98030174824138 1.03323413205354 1.03202935579006 1.02041761168329 1.02392066079692 1.05145268362348 0.979898500474255 0.907878038024582 0.993364480822147 1.00740838388909 1.05392451611637 0.999732251811199 1.06638224856889 0.979511921481352 1.07888209329376 0.970809674597031 1.03008344755194 1.00309359794455 0.966172643180967 1.0336263481368 1.02543102498437 1.05926530225788 1.0168941249029 0.974447134244446 1.07362255931945 1.01501430278356 0.932064660850777 1.04325976914217 0.952031761081183 1.01695965710659 0.996673752449051 0.962011733037522 1.01690187829677 1.00266894499245 0.990228795425515 0.994818474097518 1.05720313835507 1.0206868342348 1.02959609024898 1.07263258444286 0.961963693438957 0.977592283496512 1.01060334835963 0.993568373668817 1.07098367211458 0.991833270009871 0.981717764117139 0.992000248638924 1.02530266258429 1.01244330521996 1.0364133912618 1.07833794520381 1.04391644304843 1.04366438223187 0.958539154118383 1.02135377462148 0.943439327727259 0.944024223392203 0.92067484231158 0.976795818211614 0.980653640144327 1.02135911882951 1.0336740132911 1.00900403070744 0.98733798721838 0.915699284829153 0.945343511862669 1.03538259986132 1.10715812146569 1.02591380996532 0.985295879138578
"GavrilovicxAndra_SRP18930AndraGPrveZrtve-L2_1" 0.997695735372707 0.974043691926349 1.03219129923539 0.972760091319599 1.06488623733662 1.07409984998 1.04120872874446 0.973778771962702 0.983803277774567 0.999714890981048 1.01162250463613 0.972179704724308 1.01282291837077 1.02196338261861 1.03385482353406 0.982359991658888 0.978502323022994 0.938913710343663 0 0.9320121933868 0.979419572413816 0.926393287114482 1.02969812903991 1.00209113912997 0.985116076530361 1.0022597902293 1.02189903098947 1.00604460895251 1.01755010103834 1.01617335144515 0.954120928966588 0.961387232803217 1.07883863862938 1.00990636453992 1.01928188737605 0.973372007199998 0.936357187210985 1.00021630733699 1.01213486491421 1.06143440964628 0.987464469349023 1.01955080864039 0.962982129328935 1.0638019550906 0.983163977386392 1.04727836471254 1.04312270889434 1.00428118971443 1.01720974311662 1.05327529893227 1.0681760124743 1.04057543019716 0.986621950640644 1.04520837812648 0.993914704195847 1.01305092905216 0.965600999620667 0.99668280832104 1.03991085343267 1.03317277573443 0.975750636952903 1.02156140351521 0.967282870831652 1.01045604092859 1.03117603275263 1.00052648006182 1.05446775198859 1.07483595903726 1.02181996128425 1.01504885739054 0.981525588371604 1.044300724251 1.0091504230789 0.987340496535424 0.976533625171179 1.01805938308586 0.974492079386142 0.975071983890157 0.99732014052875 0.95309860759451 1.02611462491107 1.09537093641634 1.08354979196179 0.973437000540972 1.03161024525153 0.973561942871075 1.05323855278648 1.03385130625508 0.997553653012845 1.01496186400489 1.04675674344637 0.990502419421638 0.954282226887473 1.01362563387632 1.01757833867852 1.01689654770182 0.999007200694308 1.01601631606195 0.993749959756949 0.995204298915574
