 AbonyiArpad_HU12028_1 AbonyiLajos_HU13802_1 AbrahamErno_HU16529_1 AbraiKaroly_HU18411_1 AbranyiKornel_HU14548_1 AgaiAdolf_HU11795_1 AmbrusZoltan_HU05286_1 AndorMaria_HU11129_1 AsbothJanos_HU19000_1 BabitsMihaly_HU00600_1 BarsonyIstvan_HU12750_1 BartokLajos_HU16124_1 BeksicsGusztavne_HU16243_1 BenedekElek_HU08358_1 BeniczkyneBajzaLenke_HU14745_1 BeniczkyneBajzaLenke_HU14769_1 BeothyLaszlo_HU13445_1 BeothyZsolt_HU07718_1 BorossMihaly_HU16361_1 BrodySandor_HU00628_1 CholnokyLaszlo_HU05964_1 CholnokyViktor_HU07119_1 CsikyGergely_HU14125_1 CzobelMinka_HU17653_1 DegreAlajos_HU07693_1 DonaszyFerenc_HU11968_1 EotvosJozsef_HU00642_1 EotvosJozsef_HU03130_1 EotvosJozsef_HU04774_1 EotvosKaroly_HU16344_1 FayAndras_HU08163_1 GardonyiGeza_HU00662_1 GardonyiGeza_HU06982_1 GardonyiGeza_HU13387_1 GozsduElek_HU18535_1 GyulaiPal_HU00666_1 HermanOttone_HU14564_1 JokaiMor_HU02204_1 JokaiMor_HU05572_1 JokaiMor_HU05573_1 JosikaJulia_HU17873_1 JosikaJulia_HU17910_1 JosikaJulia_HU18964_1 JosikaMiklos_HU10230_1 KabosEde_HU17048_1 KadaElek_HU16355_1 KaffkaMargit_HU02028_1 KanyaEmilia_HU17999_1 KanyaEmilia_HU18993_1 KarinthyFrigyes_HU00719_1 KazinczyFerenc_HU00726_1 KelmenfyLaszlo_HU19006_1 KemenyZsigmond_HU00730_1 KemenyZsigmond_HU00731_1 KemenyZsigmond_HU05620_1 KovacsJozsef_HU16672_1 KoverIlma_HU13462_1 KrudyGyula_HU00763_1 KupaArpad_HU14315_1 KuthyLajos_HU07552_1 LovikKaroly_HU16600_1 LuxTerka_HU17694_1 MalonyayDezso_HU16123_1 MikesKelemen_HU00879_1 MikszathKalman_HU00898_1 MikszathKalman_HU00949_1 MikszathKalman_HU00954_1 MoraFerenc_HU00977_1 MoriczZsigmond_HU05060_1 NagyIgnac_HU07551_1 NagyIgnac_HU18153_1 NagyIgnac_HU19040_1 PalotasFausztin_HU16127_1 PekarGyula_HU14261_1 PetofiSandor_HU01009_1 PodmaniczkyFrigyes_HU07629_1 PremJozsef_HU16359_1 RakosiViktor_HU06784_1 RitookEmma_HU16824_1 SzathmaryKarolyP_HU14197_1 SzemereGyorgy_HU13316_1 SzomahazyIstvan_HU10428_1 TaboriRobert_HU16328_1 TelekiSandorne_HU17606_1 ToldyIstvan_HU07694_1 TolnaiLajos_HU14664_1 TormayCecile_HU17435_1 TorokGyula_HU09105_1 VachottSandorne_HU00011_1 VachottSandorne_HU00012_1 VachottSandorne_HU19018_1 VadnaiKaroly_HU07703_1 VasGereben_HU01115_1 VasGereben_HU01116_1 VasGereben_HU02143_1 VertesiArnold_HU14689_1 ViraghalmiFerenc_HU17960_1 WernerGyula_HU13606_1 WohlStefania_HU07729_1 ZiganyArpad_HU12359_1
AbonyiArpad_HU12028_1 0.0 2.657431318947781 2.614693681297046 3.16859437864456 2.9425119019361747 2.9648308786654187 2.875108495934702 3.107341234347268 2.949642208691229 2.8533837406460307 3.0071722926461506 2.702767362354917 2.744354651108046 2.698823502674536 3.20012157975681 3.1272636520680415 2.6875643211415428 3.013602944119098 3.1187286071880624 2.830893797629109 3.05393772965641 3.061940059915466 3.1439079121297473 2.904556053151539 3.14635796618131 3.17440969965459 3.50952294619901 3.4967932577519605 3.55184387742033 3.00922333438749 3.17842840396417 2.8964418918069783 2.8411692850735895 2.9103483172450018 2.668949339556009 3.23696905910359 2.652827952510229 3.15481989875095 3.2752496386551195 3.104858481568843 3.30389075279479 3.23769108611692 3.2555828403312597 3.3538465798255497 3.028311204224943 2.831075067896206 2.622995309211649 3.0795025405009193 2.954417373791241 2.8400478180492787 3.158034120390212 3.20614497274846 3.3187439830763004 3.4185344607573205 3.3810241092460407 3.131876689593232 2.632397183339532 3.0670977795953402 3.017771248045012 3.32048651318254 2.791713446052471 2.811969004509044 2.724389114119803 3.139621058410107 2.758677364789171 2.81796902726086 2.8569909241377296 2.7835548763229934 2.774171330264438 3.4579798877267103 3.38341530474956 3.38511461473868 2.919607779669766 2.795170306262369 2.944348787811497 3.2781712506606997 2.7355929239853 2.959653085337075 2.8968161117268743 3.1939231621477298 2.7175814344882054 3.164185668260443 2.927986834785854 2.7341924521407 3.274864155650296 2.7728996684484484 3.09321829192048 2.8772680468857086 3.1378071131193197 3.3705789713391496 3.36725375117763 3.070471842477197 3.103844723264005 3.1862243030737103 3.058957410724746 2.933711578845635 3.27853101255741 2.784930758803988 3.1254851386442866 3.1366611981615597
AbonyiLajos_HU13802_1 2.657431318947781 0.0 2.650733546992263 3.58272966014499 2.6804374238357873 3.17530369636225 2.504048110379768 2.5957418143772344 2.740701581312266 2.663492730007071 2.993523676774558 3.04268520440588 2.8613133899071443 3.07951112045001 3.31342894626509 3.1163884474493493 2.821592484159214 3.070333940271285 3.1481335956632397 2.702460380828303 2.8404233848506477 3.1435247785926377 2.9495438874721223 2.7022021323664367 3.2716892527158805 3.4959740844844402 3.32435398840554 3.2989623038328 3.5598133439771598 3.014332853799976 3.5245635342035007 2.8578973430596344 2.8104795095994692 3.0137527605555183 2.7775370352964117 2.983572871162149 2.88927073612792 2.96241176063773 3.0556106027013072 2.8188349292265933 3.29032292110944 3.2255877203449996 3.2411536271975105 3.7421374965293204 2.654122550372309 2.1988172549984206 2.667809830077153 2.5749233684182773 2.5975354677694 2.816367054887557 3.098666780347223 3.71189887980214 3.66250803712843 3.6213586810212997 3.65718820991001 3.2014782272253757 2.818420075916325 3.39157527255571 3.3382152338620097 3.73316518563161 3.00727760308689 3.088210982043095 2.494662528914368 2.9173018076845842 2.999194711741859 2.735432104044273 2.745334938025201 2.582219453127031 2.6581241843726184 3.3725855548639796 3.3406167951550296 3.4396937166340003 3.21060529605905 2.5497118024570726 2.6654013785284496 3.3585685308838 2.589435803784974 3.32637680190195 2.876732729655589 3.47187311770719 2.9354709220550808 3.36183013083033 2.85493976618494 2.621001880736916 3.35525170840207 2.7621935945688287 3.26883545532497 3.043977088659555 3.6689676824655297 3.27346870747267 3.34081318493614 2.979558358871598 2.8753435639913167 2.842933464218812 3.128550803185287 2.44407576632907 3.6091505430931 3.029723606936335 3.14308852519737 3.063781208003202
AbrahamErno_HU16529_1 2.614693681297046 2.650733546992263 0.0 3.277840488584638 3.12106327951277 2.875764243243348 2.9020537184057247 3.0757902347886583 3.1736201666646204 2.607965114277458 2.693191769517313 2.978966044413062 2.89503573734524 2.745512952350204 3.34827250493912 3.3315707092636497 2.4631186332214856 3.1153904661041905 3.3892277837337 2.7573937668703703 2.910289078062016 3.206139994413359 3.13490166079293 2.7015778476700887 3.34997175268269 3.066542101777922 3.52816809857144 3.4956713746667702 3.5775445277946796 3.0024819686898283 3.43150507744632 2.613820492652607 2.567086475130222 2.52828857245641 2.721744166323512 3.0165234823058498 2.777731668528908 3.040831001506112 3.34131923504284 3.1050040307602456 3.33718684145278 3.3104041539161297 3.34772791359282 3.48319469380474 2.625967281211488 2.5833494132446537 2.6094211170482495 3.33883600828299 3.23522012278218 2.742995436595188 3.472419701999 3.5424871676261205 3.41973865516898 3.4945224200048806 3.34690348264801 3.40882922605337 2.943971945584992 2.935779115356582 3.041312744315041 3.4977503237319 2.7625330697138724 2.674493805884907 2.392561833671637 3.1944186301269095 2.6724250296649372 2.590514696996897 2.603462488927403 2.604299428236351 2.449910080368862 3.422624202681963 3.5270113623847994 3.4622563731465004 3.0708378339928792 2.6778220384949467 2.887815328451034 3.4083292195329404 2.8933178023258552 2.5411703789940647 2.695666641832668 3.4251437948954697 2.7262529762860503 3.2135663000658 2.688322871359869 2.704900128620574 3.5880118990618097 2.810167017433255 2.6715028685405278 2.6692635481019527 3.5233238882617104 3.5093677719770398 3.5907505528029002 3.04776111310985 2.8568839693828583 2.872190134645613 3.07751209039819 2.737639836233239 3.415374786891363 2.788691771029245 3.33160536257798 2.763107373732849
AbraiKaroly_HU18411_1 3.16859437864456 3.58272966014499 3.277840488584638 0.0 3.3571579415699206 2.868247242885734 3.5428787800410797 3.28272452392243 3.098489586103174 3.34829957892986 2.927423280711686 3.0732579421949113 3.15339273231111 2.824525354213153 2.911412401971918 3.002546636012118 3.1402386806296 2.775225829416894 3.0326789567056265 3.303468373584241 3.2039204322073997 2.8815388763090457 3.10270775025519 3.167006739699256 3.0095193861780674 2.69049520428705 2.9092017206885292 3.014173099667325 2.6979179255110957 2.683298354468061 2.7143601123204144 3.17316132963475 3.03365150027385 2.9272238042999033 3.1363081780871402 3.0632023640327875 3.036965310523419 3.124461800710687 3.001466708230652 3.08808992061614 3.007694468093733 3.1527224909420903 3.06301881100112 2.49208829269295 3.42274736986562 3.4908008075495798 3.3073531573164203 3.21862515162932 3.2450407036516298 3.368129781783915 3.07763139188938 2.500040805852668 2.754718843109579 2.799925257976156 2.6196665604732 2.765823031485092 3.005290123228757 2.879470901667322 2.47394991568768 2.55837538821078 3.0744951661669386 3.049435030269893 3.3274122397232704 3.30924455218091 2.890354966173292 3.30922969202734 3.31991943788125 3.33784656366282 3.3857415601748198 2.916844741758279 2.904769310303937 2.726861203512909 2.6182667045302197 3.2037147667555397 3.3155596912632497 2.879190440310362 3.2607015498858907 2.624269436448863 3.23386593354585 2.431228155886743 2.8104119281841147 2.880196678889606 3.081662906563571 3.4125328104538397 2.91550512256541 3.1700661436031723 2.541191364077858 3.1629769519399495 2.6161797557695827 2.97219338289643 2.9078828860111536 3.2470774546362 3.18676617875916 3.27342419128846 2.994444382729606 3.3186827157260597 2.592089443659109 2.789816928532743 3.0237105932827757 2.8394625268699265
AbranyiKornel_HU14548_1 2.9425119019361747 2.6804374238357873 3.12106327951277 3.3571579415699206 0.0 3.32212130407131 2.7878619773248263 3.072530519010611 2.872815263036326 3.1986936591008703 3.2823999320629795 2.489708545680894 2.765899377367888 3.4279821247905202 2.871625452132465 2.556130333451928 3.0514119017959898 3.34781719911293 2.8069454522051496 3.020584778758322 3.13221057674053 3.3468911864803 2.952591661548319 2.8791442958059523 2.6921324124369557 3.5018304112323 3.12463610156121 3.1711516128408697 3.1394180165845302 3.32796908699257 3.33180686045948 3.17497035181347 3.09359675197309 3.0342636039760427 2.7193846524153 3.1080504430018974 3.275384794951858 2.9920495634613156 3.11221345327949 3.1257197503572103 3.021190552668476 2.769264531191222 3.014419627262858 3.2351778247881597 2.74030802128605 2.75843455771474 3.3117274058885995 2.840300212040404 2.7213587384231124 3.04495804360437 2.846438485737913 3.27936287395244 3.068153244866367 3.0794813812624398 3.18937691796369 2.962350633067073 2.8693337604292983 3.4910398669581597 3.1659449898527496 3.4086679104835103 2.782121389389034 2.978943169419876 2.9185453926788822 3.0484917157303437 3.2955130602505 2.9847366761769925 3.0948441842870498 3.119464172843709 3.11758838342395 3.0341910893760895 3.094225437407411 3.12002893235607 3.2641365692381843 3.020324212692375 2.715693296211751 3.1415193102110006 2.389897659926448 3.25126963890103 3.046582027645842 3.211999259726154 2.949994881392022 3.2148403831360497 2.827154109734553 2.77473563986908 2.7652631445302402 3.0749857701937104 3.4377086791240297 3.1031708352241796 3.3230222744328692 3.0043018985469425 2.9136405456306926 2.8876455172686573 2.893701341547713 2.754297516109862 2.905930475737919 2.7370863583462373 3.2053656012285794 3.15962122941957 2.937462269038691 3.207339733045229
AgaiAdolf_HU11795_1 2.9648308786654187 3.17530369636225 2.875764243243348 2.868247242885734 3.32212130407131 0.0 3.163634593969781 2.955170452928415 3.31811486105767 3.12561360496678 2.78343691077841 3.02367831131187 3.1938324579051702 2.691508620937809 3.29851328132684 3.4541292705495095 2.746125177817142 2.689471609491987 3.28195545376951 3.207784654882983 2.894469059071019 2.547115157844148 3.06517820481391 3.2267363170800802 3.46074142976135 2.692745781436941 3.34696267791438 3.3573561737639803 3.2271954860096 2.7360881884581207 2.840461896658267 2.887394426748746 3.08808271287952 2.681966761129641 2.978280067249936 3.097218987408281 2.747225244293218 3.0690586722086337 3.0591228457220456 2.735135281784902 3.3986552136971095 3.4051831515230098 3.3711865627308293 3.061107052946872 2.817939164595326 2.807014774787086 3.080339387606891 3.258034865248915 3.1908497565973395 3.1395116407972443 3.26823307404996 3.01637495516498 2.9647091017182428 3.1330475686531805 2.7186984367200333 3.2089405148046697 2.855877120928547 2.8888494377121603 2.926012757166006 2.968753353285908 2.978267969646207 2.943108731577164 2.932658852423936 3.203680141267908 2.6497328344893027 2.764800416114842 2.7687617287708477 2.56499165146383 2.9579542738157745 3.2944292129528203 3.249515610945526 3.188245886057357 2.7967321035225936 2.9636577084896656 3.3914124660518796 3.31343679623596 3.0938104920772798 2.646972258382287 3.0530210967261233 2.7864185721990693 2.738325901372516 2.744487149003638 2.798660290804586 3.1329424585226002 3.3194375235014295 3.064921813675967 2.6925385397947927 2.946573068314942 3.017177181741914 3.45968502582082 3.31101340235963 3.20025858618275 3.01949544217567 2.9951148730704493 3.069497065731694 3.038509335795533 2.903405815048708 2.877875063910616 3.0934487036943903 2.681392997966359
AmbrusZoltan_HU05286_1 2.875108495934702 2.504048110379768 2.9020537184057247 3.5428787800410797 2.7878619773248263 3.163634593969781 0.0 2.403799544247396 2.822929740582682 2.444027655895967 2.9512728484095243 3.23719214995731 3.071061576676533 3.118931518031124 3.3683252834801696 3.2817436252434504 2.852621034447953 3.1725605265526493 3.29654545679442 2.554548290504427 2.578287649140378 2.8853324821261497 2.953905156369412 3.0113187584231147 3.2460506046335698 3.55590979316766 3.0541768628939803 3.049890821631067 3.2283762283644704 3.29154437709298 3.60440851913234 2.95941220855818 2.732359304416908 3.1688360453423052 3.033191745619031 2.906712146358173 3.046801721296506 3.0090574965532992 2.7792260983650685 2.7090003056265823 3.2455759585126702 3.22276638247163 3.2278417966424398 3.5522408100211402 2.500022116984884 2.7186597274480064 2.6523459960097977 2.904221252472439 2.92550895813985 2.448893552845698 2.933108525742394 3.7401475459507596 3.60056208497178 3.30368547304718 3.50272760159043 3.2425050709891803 3.0028090196012487 3.0867254547606704 3.56727870629992 3.62374025790152 2.806114338791366 2.956900885530019 2.646025941563932 2.6735462640639325 3.07179427560999 2.653018068633504 2.742153168182663 2.7069689813432727 2.6593574143581082 3.21270245398716 3.1331331996812395 3.38985619446785 3.33335955811427 2.981513037218418 2.7340750904404914 3.193912977275968 2.8121909896803032 3.3172471812502398 2.621510074806498 3.37381856742072 3.1634450406704997 2.964234914133255 2.745154546738176 2.470510259911984 3.1066770417270355 3.0098870661547066 3.2705252312572997 2.9069449707819097 3.65105014581629 3.2230554179978297 3.36321499723062 2.71196826431134 2.7693589127600227 2.770771471413742 3.126605642897308 2.656920777081315 3.63589517537968 3.4695049719758497 3.0495144468293196 3.210144020684099
AndorMaria_HU11129_1 3.107341234347268 2.5957418143772344 3.0757902347886583 3.28272452392243 3.072530519010611 2.955170452928415 2.403799544247396 0.0 2.686938316523016 2.6948656000947393 2.981570378459713 3.5632130105733095 3.1236408295771696 3.1776200527386402 3.2472476930800003 3.2440961131403396 3.122250076271793 3.054761403569707 3.2387006547228196 2.8279288277624883 2.598582493294224 2.5796216017223683 2.8546879387394197 3.1765729109314123 3.32778392463598 3.14522617799025 2.948694432301499 2.9268830211833983 3.1526010525704597 3.056473212152526 3.39009667743361 2.9954989991181575 2.825663247684021 3.40064743291554 3.3314139610621893 2.881778433685076 3.118728375624871 2.926342439098737 2.717215027513393 2.620141115140654 3.2167042696067902 3.24880096668966 3.0028833848725576 3.3912128722811996 2.7331743312680112 2.7395735849957727 2.727042599513438 2.5989445947801997 2.909587581638503 2.701921815988237 2.901536286930024 3.5393871085775004 3.52980508758057 3.34388399181146 3.2737950485927003 3.10435531011645 3.27117019092185 3.062273102297138 3.42058202722679 3.3636161773683 3.104764160203039 3.120021905690494 2.771028166351743 2.53744443939744 3.247505026069544 2.7883741008135488 2.94276735117935 2.734091419545142 3.0209492088541188 2.962836572997703 2.840516740487675 3.0790285742021437 3.2847521090237 3.18634636923289 2.9645446541520277 2.963806880206099 3.2057029092785294 3.32897494744115 2.963744073924623 3.1209528031665923 3.217593784200778 2.967427893065423 2.8435921514261144 2.637373495253681 3.13524396751818 3.014376546321259 3.23555533657044 3.028437421369573 3.47644182555718 3.034138762380164 3.18044942910847 2.8559499404314987 2.834989009927341 2.824823989331729 3.026290913419963 2.659594197461512 3.3950224994549796 3.50362980506063 3.0635802505750287 3.037556718222699
AsbothJanos_HU19000_1 2.949642208691229 2.740701581312266 3.1736201666646204 3.098489586103174 2.872815263036326 3.31811486105767 2.822929740582682 2.686938316523016 0.0 2.870200609096103 3.15901506028956 3.31106429741026 3.04960062197042 3.33721409383272 2.878514805700667 2.9467302600645313 3.3326458713005493 2.886669619456873 2.925793398183646 2.9998838385910527 2.9812609063340236 2.92519816272016 2.6950700882263847 3.13958508335703 2.9642408676408447 2.966704930061953 3.0519762342468173 2.6841662983957617 2.9912173205918817 3.06183408665537 3.10966381958376 3.2969439487442798 3.19279656098791 3.5287727240389 3.22808216903353 3.021211420940567 3.18012810234778 2.986566674493432 2.912309382829228 3.106519548437106 2.9022918652636975 2.958728632859567 2.8006310619295074 3.1117288415970594 3.1380663954571695 3.0785031012866417 2.928533456651139 2.454284730555917 2.7006055778893283 3.038354499997865 2.6592205264953064 3.069543599350424 3.26601174188648 3.0508580233258833 3.18474653463266 2.8186439216380776 3.1010110652169 3.1558481967889502 3.22184437201025 2.991711457025664 3.40006103502464 3.186605733239467 2.94474221831498 2.822331471002706 3.44529242830707 3.28283693910456 3.38752950243996 3.2804979273843395 3.18757540166406 2.9021993175449756 2.911413634191617 3.030154158428606 3.19544946251077 3.13071025385592 2.939288508449911 2.682251702071017 3.02741499089634 3.41082491758962 2.998821303955373 3.0278582946930293 3.028559220294237 3.19479860214249 3.06044199807845 3.0492365680573803 2.699765823707677 3.060140741377042 3.24751038026779 3.1349109977910494 3.02355362545658 2.629446710381497 2.7688141208526162 2.906612737277328 3.2376121240532103 3.2834850254627597 3.0738790296515837 2.967801770726571 2.971752682018221 3.317247220994714 2.9046689979021196 3.032587208426233
BabitsMihaly_HU00600_1 2.8533837406460307 2.663492730007071 2.607965114277458 3.34829957892986 3.1986936591008703 3.12561360496678 2.444027655895967 2.6948656000947393 2.870200609096103 0.0 2.656267980381652 3.3298574567577797 3.004004192071775 2.801123772109172 3.39284353218621 3.3683180173765903 2.640926025342907 3.045980681381324 3.4103995378700698 2.404485732948913 2.561045304691791 3.037949005953936 3.059406559866808 2.8937650859955233 3.2919757172568698 3.2219411718213697 3.25817619616544 3.12100019637973 3.36424149895985 3.2147054086931206 3.4877018180269603 2.6685132774837355 2.719025114291103 2.998034571493216 2.9841303311843093 2.869841067345109 2.844895764643029 2.958985993390029 2.9108727455357433 2.843042763154137 3.29499141667137 3.4024750046184096 3.2202061182058204 3.4683151244100703 2.717153631838707 2.867242838471511 2.223638948129286 3.10916675524253 3.1492862182839203 2.293483394489047 3.09004700992535 3.62599605811387 3.48187431341788 3.299091224181645 3.58339788457271 3.3981507556071806 3.123818824595554 2.5317661184579103 3.2423381341632305 3.391206517067279 3.0857848511753954 2.990235238964138 2.487326559264139 3.0388886946037728 2.8203899798842613 2.7652591348222417 2.694200920493647 2.7240406790598852 2.369335213434211 3.3794590426055 3.3513136575117297 3.51121868456206 3.11447817251266 2.825982692185844 2.7986598753736813 3.3268336221921198 2.982557928180586 2.926666940617397 2.475627747536108 3.50324469100201 3.1513735440524697 2.951504552138768 2.966895891565677 2.7263882045027996 3.36132120620106 2.8894821592688924 2.678826858619391 2.613376378651311 3.3950647177516 3.2642615585179806 3.4334043599284096 2.9308408160706483 2.98487596103891 3.1326805129236304 3.26473006160243 2.8819656254906745 3.5461504126259706 3.1094595719220806 3.1992883776141197 3.035351201810391
BarsonyIstvan_HU12750_1 3.0071722926461506 2.993523676774558 2.693191769517313 2.927423280711686 3.2823999320629795 2.78343691077841 2.9512728484095243 2.981570378459713 3.15901506028956 2.656267980381652 0.0 3.2826477993573704 3.2187634419563302 2.86088377195327 3.34826596576293 3.4410757434222896 2.594277160483478 2.848537716344424 3.5174504688444 2.7604469113913224 2.662783986961645 2.8796494030254545 3.16577126981906 2.88038413130348 3.40621078588331 2.800613891969006 3.19136384163104 3.25026760747694 3.110666620146712 3.002835722507131 3.361206835998773 2.572738571799508 2.765579002463457 2.6706326777795297 3.0476836835580174 3.06422493968645 2.865073701426157 3.0226348438719794 3.027489100464694 2.890064784821821 3.3563719752479892 3.6061981565635404 3.4466950806559495 3.21233867435435 2.774855236858875 2.9871470148037957 2.842804165542482 3.32546670154969 3.33484650128794 2.779976574687522 3.27490518904657 3.2384730980013847 3.1417528672052395 3.2029218317737262 3.17729913329742 3.3299596806100604 2.948403977074348 2.6907736025003697 2.784314951118748 3.156466642175291 3.0258192438509317 2.960435648351097 2.708480582678954 3.0163334650750993 2.67132921180974 2.824479482228242 2.723137056779305 2.7851436301043773 2.543965028777902 3.3601472345804804 3.35177992484302 3.31283006571999 2.664518878577216 2.9290531011508016 3.1651343404355003 3.36818672622978 3.0545041936180946 2.509154842056207 2.5852910333692383 3.2085707252531996 2.903885713906473 2.858501401770899 2.816194883843043 3.110888129481256 3.38087181077373 3.087928309278628 2.446290332201666 2.9414514020583202 3.3544722283443904 3.36396187000176 3.4868451979080497 3.1374726032102798 2.999238591480876 3.11476794306116 3.0758859934013776 2.9748066096186347 3.25647060994186 2.730291512140751 3.16415378531779 2.522101748332271
BartokLajos_HU16124_1 2.702767362354917 3.04268520440588 2.978966044413062 3.0732579421949113 2.489708545680894 3.02367831131187 3.23719214995731 3.5632130105733095 3.31106429741026 3.3298574567577797 3.2826477993573704 0.0 2.642151258920914 2.970592846753748 2.888846986211823 2.7068816859138822 3.103855041653164 3.2857743934812755 2.77554903197628 3.0104163849813936 3.46197135345012 3.39204682641026 3.2637320507159533 2.8535758713947272 2.6341228923795192 3.202376552359805 3.136049831117929 3.076597266456819 3.005346580212353 3.062770446014878 2.7954003898574 3.087266656162293 3.1941598589001705 2.841593933251332 2.720406440046796 3.2108569633055195 2.872106002416899 3.08472586563182 3.3629957167705102 3.32999913074719 3.03567279235451 2.909247235666427 2.993852772118063 2.884532643875569 3.22847255124527 2.981167343421646 3.1298110686293237 3.1846514257707748 2.85736696671629 3.13807066549131 2.9785754337981496 2.8503149311559293 2.725870744284289 2.828353593425068 2.918173709068507 3.0649283943483026 2.804254081227946 3.424434471085539 2.9089800584660486 2.991127191939072 2.625128651716091 3.010365607537224 3.1949189375947196 3.4218046398404303 2.9347640717975327 2.944056014912838 2.896042980633161 3.1175112130778557 3.11018280676726 3.104869833249204 3.14115553460521 3.0062548051623947 3.0654635933098113 2.973892822700882 2.620569116394291 3.1190289538186056 2.497614312215601 3.0802141903809748 3.30283396990344 3.071414563745603 2.742029945753384 3.327585309961198 3.2548907100424196 2.8355928091901443 3.015948615912966 2.9250252252007 3.3274367314004003 3.15259148325023 2.7733171914257637 2.968832314734107 2.845645662057523 3.053514486113793 3.0879896347069797 3.037745102669698 2.911563098255796 3.0331505751789645 2.847906085259591 2.926767186340535 3.0715647862852915 3.35154247385997
BeksicsGusztavne_HU16243_1 2.744354651108046 2.8613133899071443 2.89503573734524 3.15339273231111 2.765899377367888 3.1938324579051702 3.071061576676533 3.1236408295771696 3.04960062197042 3.004004192071775 3.2187634419563302 2.642151258920914 0.0 2.811902591630476 3.07487947369515 2.83877333981683 3.032642019044906 3.2317160367698303 2.832326205351975 2.88772206186318 3.3471200326175197 3.53859860566316 2.934312902686576 2.726846956661859 2.784747249989299 3.3339955789204305 3.135288551108613 3.0645297405895082 3.2041053642213004 3.0785689388975896 3.018343259855901 3.028885315320375 2.911812335131479 3.0237103824023674 2.840103816429342 2.79900888530592 2.860489008931604 2.9366493609394357 3.15179087818795 3.1641471892009303 3.01318988890668 2.943353701089927 2.853175344111613 3.195761718226904 3.1208223298409514 2.941737502044707 2.894892154182982 3.035375368052875 3.0914502134814503 2.926824151459097 2.875317101578366 3.18752156559336 3.0992129261853 3.105017268497639 3.214407286980832 3.0602165615443373 2.9699683142207327 3.25147272578453 2.865871202725579 3.0707889678031832 2.970469649725603 2.9051501642923014 2.8885464684042916 3.0048910167131333 2.982240808676069 2.935305532304261 3.0151585703330044 2.882274052102897 2.841835395696251 3.190228239248646 3.225554414250194 3.1969798791224817 3.0106600826546526 2.994593377757222 2.493849453850312 3.0871777425468387 2.742255557092415 2.9431386010263307 3.2287537675753404 3.2969154287821603 3.1067682328766253 3.40731673875967 3.0269750817674774 2.823899994017643 3.067388256150714 2.8395700610488492 3.25021703674937 3.09542152593222 3.056512704323841 3.126248538246463 3.088356015268862 3.1463859946695 3.0539718295413802 3.15188992552616 3.076265982515636 2.8676202713012593 3.157898218787132 2.9644063388133377 3.1418566463753304 3.27590530362116
BenedekElek_HU08358_1 2.698823502674536 3.07951112045001 2.745512952350204 2.824525354213153 3.4279821247905202 2.691508620937809 3.118931518031124 3.1776200527386402 3.33721409383272 2.801123772109172 2.86088377195327 2.970592846753748 2.811902591630476 0.0 3.37979404734167 3.315977140068658 2.847410447396096 3.033259518240258 3.12636566328971 2.915465144785271 3.1862784860920796 2.848463201362647 3.2550099942449098 2.768528111939653 3.2938367180694703 2.858618269192354 3.3155814434930697 3.256358886993522 3.2910915161798098 2.69488443338897 2.766385629799175 2.656355426143384 2.856298558358808 2.71830634561424 2.9936528415301966 2.8812140292678357 2.7467218091401238 3.0491827579209314 3.210479707348087 2.920141738605758 3.13773259173381 3.2419224749890097 3.31959010192684 3.107891820028364 3.106799166106537 2.978696717293901 2.680744161165549 3.25164956387826 3.2947690047058398 2.866721154870187 3.1822028897052173 3.0697008415848943 3.098295205714019 3.2771629329616077 3.138311664134353 3.23247216585977 2.9750203219721043 2.8508853700992263 2.642106557203118 2.956083654690296 3.0048894167650313 3.0301089490325097 2.908641617845698 3.0714175382163615 2.6041898808867128 2.9261475077188948 2.746855748850386 2.678898831121699 2.83873470298045 3.403092555476077 3.2781649391120498 3.2491781478984763 2.703199950107518 2.9724278205538974 2.987430701326741 3.31979345950748 3.1109571278850003 2.585462962113304 3.2067634686474102 3.1231656969255894 2.890536275696555 3.1179759723093 2.923395861086767 2.9960754155519007 3.4198859210519696 2.9086038027568772 2.701695464914828 2.919458576355175 2.964567727319034 3.343983170259774 3.35573310898472 3.41330780359033 2.997062871812039 3.1497435923704318 3.039430851031391 2.965435543666141 3.099647983987114 2.628771161866722 3.3917423579189903 3.005032252357763
BeniczkyneBajzaLenke_HU14745_1 3.20012157975681 3.31342894626509 3.34827250493912 2.911412401971918 2.871625452132465 3.29851328132684 3.3683252834801696 3.2472476930800003 2.878514805700667 3.39284353218621 3.34826596576293 2.888846986211823 3.07487947369515 3.37979404734167 0.0 1.9060555237436674 3.34980755596459 3.0275706856746964 2.870663814896884 3.25872340166653 3.2881205579913404 3.32554686024978 2.793581914521908 3.081815164945411 2.512953124921156 2.836950049630318 2.677930078785087 2.58181400418911 2.6545766181241444 3.166948985300186 2.714934282266399 3.53554023379054 3.44150924687025 3.49881089917195 3.2171135267584803 3.036174032566423 3.0829270375112756 3.165692794083044 3.053494780865173 3.42705952839445 2.508055730769142 2.515523735635722 2.5141356562792048 2.598321046476403 3.36456598148795 3.5656649008560097 3.23922109039906 2.70939103137458 2.750927377375038 3.33046834754367 2.8491610365308837 2.480355980857816 2.771283489662072 2.572422465733108 2.867710700848872 2.77489841594059 3.0764576850229925 3.27947988446415 3.06244428408933 2.7336441149649486 3.20526869437699 2.894647960533061 3.32062683672712 3.35338158940328 3.56796471227962 3.5205615547305698 3.62567660240667 3.7144147256892803 3.5190913360664897 2.5647488223474983 2.914989591840772 2.798417968238923 3.133088712156991 2.89451525025208 3.050225540349286 2.379825784815688 3.005199430810438 3.303761122081987 3.055069553086904 2.7264188586832283 3.4157918365116595 3.1447572477013797 3.0778371325645058 3.19421100905083 2.450098146948548 3.1888963899525304 3.29192038873694 3.3280233601380997 2.528054109777588 2.426662990592329 2.5257854110763778 2.768098953421053 3.45267472056932 3.41985195427237 3.21959052002514 3.37627798598077 2.5204576333965054 3.2533905911385803 2.540919584466825 3.26169310448292
BeniczkyneBajzaLenke_HU14769_1 3.1272636520680415 3.1163884474493493 3.3315707092636497 3.002546636012118 2.556130333451928 3.4541292705495095 3.2817436252434504 3.2440961131403396 2.9467302600645313 3.3683180173765903 3.4410757434222896 2.7068816859138822 2.83877333981683 3.315977140068658 1.9060555237436674 0.0 3.2362397499892497 3.26135778713736 2.795050144878088 3.17649247488614 3.38603350218537 3.5403353839258203 2.8836907293074208 2.972323524189478 2.4381919377361285 3.15873904378694 2.7315966689752242 2.659341037949802 2.693404184245842 3.3063198040051596 2.88152278127616 3.35233097112285 3.33320950920501 3.3454692092920997 3.009973468811787 2.934013125240293 3.197731126555576 2.993416535512489 2.989811223960632 3.2602895330620503 2.4317426578248167 2.3908949218402067 2.504083049077651 2.7033041306651966 3.3053939806418597 3.39349142591971 3.3157196265413402 2.7690263578461387 2.747269201960817 3.2093244556586398 2.622317716157025 2.677647950197488 2.8175071141685315 2.605078273425666 2.963477110393171 2.8079760813780164 3.10342931608244 3.4209937927465406 2.974774565405726 2.913545372284539 3.046571027082301 3.038714396874285 3.25764400224129 3.20055938611487 3.51246944778569 3.4008346805747802 3.49958753690482 3.5529113861243298 3.40523755383243 2.749406484817654 2.972551951248965 2.9154373089696763 3.212496611370874 3.034492332879065 2.81445887906819 2.638840741973041 2.8840797337122055 3.3108275185564304 3.1454495447345803 2.983910721622264 3.3990725024372903 3.34254752052603 3.0141290101309126 3.03110350476946 2.511641802010085 3.1250835185053703 3.35641779092009 3.250654680910181 2.8231863353204925 2.659975936379532 2.594827335100618 2.963991858557234 3.2705812023861203 3.2749342811705704 3.103089561252549 3.20677261431027 2.7948624531208943 3.17739891211295 2.698619436094209 3.4017490135539505
BeothyLaszlo_HU13445_1 2.6875643211415428 2.821592484159214 2.4631186332214856 3.1402386806296 3.0514119017959898 2.746125177817142 2.852621034447953 3.122250076271793 3.3326458713005493 2.640926025342907 2.594277160483478 3.103855041653164 3.032642019044906 2.847410447396096 3.34980755596459 3.2362397499892497 0.0 2.882496035019284 3.5332817932046194 2.73280880591345 2.685276456758955 3.062649414920748 3.0694272608499924 2.903119246078105 3.31264502134798 3.2423866157373 3.45408999120552 3.6024446286617904 3.50415625858616 3.0819139310005013 3.4405182842600794 2.618206862802415 2.5643494702735508 2.450053340860023 2.6493220103659327 2.9658873767153797 2.776866909165718 3.0667515018811846 3.074848195334414 2.8227301434031142 3.2676945931552996 3.3186577258447096 3.333714374231714 3.3707380915739096 2.520987163218687 2.721025391770127 2.8226466375082904 3.4037505747473804 3.2581206498755 2.7065357886082273 3.3947010049621498 3.4573559203414597 3.2760815604825106 3.34845610855131 3.23830851789936 3.40539401352842 2.805221198282972 2.790878605546907 2.910740367633194 3.48796841310742 2.677143809972944 2.6438429284978087 2.567390987559477 3.10801324899203 2.624141596624285 2.605236471029236 2.59520035423213 2.6486386816177308 2.527060617181731 3.607747076784899 3.62394526948465 3.6617837211849906 2.9448895901983194 2.861511197751706 3.024220510477791 3.5165465049746896 2.820383647318831 2.539209349555649 2.491856074626729 3.38635566894696 2.869533588862656 2.9642285306840006 2.731934411247903 2.880850408980951 3.4558987794545297 2.9671223355193863 2.5146986573813033 2.673621231649304 3.5297838633984497 3.7532486923128703 3.6510885945188596 3.1030769440319803 2.921273708312885 2.907391409440842 3.15769171117007 2.8459557096873533 3.50994656462331 2.6790566145231827 3.2131192366249097 2.817784394489304
BeothyZsolt_HU07718_1 3.013602944119098 3.070333940271285 3.1153904661041905 2.775225829416894 3.34781719911293 2.689471609491987 3.1725605265526493 3.054761403569707 2.886669619456873 3.045980681381324 2.848537716344424 3.2857743934812755 3.2317160367698303 3.033259518240258 3.0275706856746964 3.26135778713736 2.882496035019284 0.0 3.180519939136146 3.19596502230109 2.905803112760041 2.727796500050877 2.7117298499786693 3.31856724549331 3.2785948245611 2.694823210273534 3.1397085952838903 3.17153210154889 3.09944702990449 2.7452589978107307 2.891474458692977 3.2112151995593203 3.1856932774986073 3.1564079920898798 3.025131740067198 3.1336144378493698 2.831349840631663 3.29352952364403 3.002492142528408 2.97950577491613 3.114838278583537 3.29216989379377 3.1799260342958604 2.9005481617361033 3.0194462273883973 3.0966233736274402 2.983663583715039 3.0570369117692398 3.1624509187741796 3.2218300462773497 3.1435639659778247 2.8850575075928857 2.988315170595915 3.075444212642788 2.8839084774596193 3.0204451372888887 2.7847479368036954 2.806385377881262 3.073983279290027 2.847837121669306 3.23146239118007 2.905415365403063 3.0584992938459274 3.2162960234298175 3.045683522963861 3.1233499368290802 3.1175445179684607 3.1157090585142306 3.138485821472787 3.0810498803173765 3.09000898878491 2.998014973850763 2.896860262822174 2.915560718358323 3.44123208382403 2.984465062348034 3.1205360601744947 2.959493727416217 2.862605748775998 2.6722614191602077 2.8841344575392283 2.6800821075814207 3.08742596840393 3.214630467497728 2.9848003374055287 2.987960943084213 2.800430838944704 2.985163340105159 2.886403225356661 3.0788276828752776 3.039553910846064 2.819360360707492 3.2419045895858702 3.29406185673528 3.159679815829955 3.008101654841735 2.8410475205468266 2.892877514941818 2.832296133797297 2.686985081249484
BorossMihaly_HU16361_1 3.1187286071880624 3.1481335956632397 3.3892277837337 3.0326789567056265 2.8069454522051496 3.28195545376951 3.29654545679442 3.2387006547228196 2.925793398183646 3.4103995378700698 3.5174504688444 2.77554903197628 2.832326205351975 3.12636566328971 2.870663814896884 2.795050144878088 3.5332817932046194 3.180519939136146 0.0 3.32098476680617 3.3824832518189103 3.2501962474055697 2.9968805271895294 3.0386571397045428 2.620282911311575 3.092925418929016 2.8245311198437784 2.744629564218143 2.857278485936704 3.1485941641188298 2.6638481971620047 3.3897808255494697 3.4100141592831497 3.31322149737424 3.1216656211690204 2.937780256619014 3.267382951765773 2.800519705591487 2.944999410890587 3.1076828771076253 2.6742549499634602 2.6169867469273163 2.711578885142882 2.9119064065358438 3.3513827833037393 3.115495861663902 3.3166908473091596 2.9060412268044047 2.8589290287298548 3.4134464561803703 2.639189401296675 2.70930204822744 2.719475521768312 2.790296814512896 2.934824446395218 2.7440552425861826 3.15975027584762 3.1314388441667598 2.9932489140064327 2.6358288107246093 3.2338024125596503 3.4207523295808198 3.42919323220264 2.923654917753984 3.1732907973657403 3.30787433408171 3.27597106595599 3.0926497396633623 3.30739022592093 2.714091620447794 2.599186906983189 2.610813668036088 3.17127197653594 3.2345800696110096 2.7839991830695188 2.792031309457362 3.089413263568699 3.3655386515786 3.5476651411252296 2.996399638350041 3.154363209667691 3.17288473667278 3.26724773416075 3.1587492704813203 2.638526518203713 2.855779156548045 3.5022199774488403 3.1871993051018404 2.581028971489223 2.58351730147617 2.480692522680925 3.0895378662445303 2.8893303662970977 2.9612549127890366 2.776478614369248 3.215488918567888 2.666556283434982 3.1475865785121 2.9664884574686927 3.37162296356216
BrodySandor_HU00628_1 2.830893797629109 2.702460380828303 2.7573937668703703 3.303468373584241 3.020584778758322 3.207784654882983 2.554548290504427 2.8279288277624883 2.9998838385910527 2.404485732948913 2.7604469113913224 3.0104163849813936 2.88772206186318 2.915465144785271 3.25872340166653 3.17649247488614 2.73280880591345 3.19596502230109 3.32098476680617 0.0 2.7260633180730522 3.065357881149155 3.164808530661869 2.842531350041919 3.09849644790768 3.1404677291069856 3.11348306088346 3.19655721189019 3.21053420397699 3.11955079539029 3.32095139021899 2.766976441016059 2.735224928069667 2.9815806325225984 2.956056187596838 2.71271823665618 2.723431904188873 3.0597071649171004 3.097541330562767 3.092792518236715 3.15943272905678 3.18149937845095 3.1409467593718503 3.38831877429684 2.926513798870086 3.032238188376805 2.459768678381356 3.0996477559254805 3.015775203542376 2.442471495235107 3.15827255076006 3.4866781220469703 3.2804197802028803 3.1875162440771696 3.44493908357693 3.1560324703779 3.1777969078797 3.0026548370278388 3.267217716291331 3.3431356462826 3.0398348687164702 3.02552221163575 2.68198545973942 2.968332516682813 2.897818332860201 2.7757592425695563 2.7967865452024387 2.960212762374588 2.5716420251186882 3.3054315653204296 3.22091252495139 3.3807661743604203 3.0526308964080826 2.8732086916401127 2.685378650750129 3.2103617711239503 2.948562845884832 2.952131682541036 2.7187575829272923 3.4809824379864502 3.0838241585825 3.1620500341451843 3.08218600550926 2.608601433395392 3.39034452467939 2.836462932319157 2.96430177875593 2.7734776730381103 3.2521180451478156 3.22094946524553 3.33651651158078 2.9222483604191 2.960327253801884 3.0888930152309904 3.1887069631427902 2.917367821317589 3.4682460624018603 3.08628636176957 3.12194890903082 3.0767685233417974
