 AbonyiArpad_HU12028_1 AbonyiLajos_HU13802_1 AbrahamErno_HU16529_1 AbraiKaroly_HU18411_1 AbranyiKornel_HU14548_1 AgaiAdolf_HU11795_1 AmbrusZoltan_HU05286_1 AndorMaria_HU11129_1 AsbothJanos_HU19000_1 BabitsMihaly_HU00600_1 BarsonyIstvan_HU12750_1 BartokLajos_HU16124_1 BeksicsGusztavne_HU16243_1 BenedekElek_HU08358_1 BeniczkyneBajzaLenke_HU14745_1 BeniczkyneBajzaLenke_HU14769_1 BeothyLaszlo_HU13445_1 BeothyZsolt_HU07718_1 BorossMihaly_HU16361_1 BrodySandor_HU00628_1 CholnokyLaszlo_HU05964_1 CholnokyViktor_HU07119_1 CsikyGergely_HU14125_1 CzobelMinka_HU17653_1 DegreAlajos_HU07693_1 DonaszyFerenc_HU11968_1 EotvosJozsef_HU00642_1 EotvosJozsef_HU03130_1 EotvosJozsef_HU04774_1 EotvosKaroly_HU16344_1 FayAndras_HU08163_1 GardonyiGeza_HU00662_1 GardonyiGeza_HU06982_1 GardonyiGeza_HU13387_1 GozsduElek_HU18535_1 GyulaiPal_HU00666_1 HermanOttone_HU14564_1 JokaiMor_HU02204_1 JokaiMor_HU05572_1 JokaiMor_HU05573_1 JosikaJulia_HU17873_1 JosikaJulia_HU17910_1 JosikaJulia_HU18964_1 JosikaMiklos_HU10230_1 KabosEde_HU17048_1 KadaElek_HU16355_1 KaffkaMargit_HU02028_1 KanyaEmilia_HU17999_1 KanyaEmilia_HU18993_1 KarinthyFrigyes_HU00719_1 KazinczyFerenc_HU00726_1 KelmenfyLaszlo_HU19006_1 KemenyZsigmond_HU00730_1 KemenyZsigmond_HU00731_1 KemenyZsigmond_HU05620_1 KovacsJozsef_HU16672_1 KoverIlma_HU13462_1 KrudyGyula_HU00763_1 KupaArpad_HU14315_1 KuthyLajos_HU07552_1 LovikKaroly_HU16600_1 LuxTerka_HU17694_1 MalonyayDezso_HU16123_1 MikesKelemen_HU00879_1 MikszathKalman_HU00898_1 MikszathKalman_HU00949_1 MikszathKalman_HU00954_1 MoraFerenc_HU00977_1 MoriczZsigmond_HU05060_1 NagyIgnac_HU07551_1 NagyIgnac_HU18153_1 NagyIgnac_HU19040_1 PalotasFausztin_HU16127_1 PekarGyula_HU14261_1 PetofiSandor_HU01009_1 PodmaniczkyFrigyes_HU07629_1 PremJozsef_HU16359_1 RakosiViktor_HU06784_1 RitookEmma_HU16824_1 SzathmaryKarolyP_HU14197_1 SzemereGyorgy_HU13316_1 SzomahazyIstvan_HU10428_1 TaboriRobert_HU16328_1 TelekiSandorne_HU17606_1 ToldyIstvan_HU07694_1 TolnaiLajos_HU14664_1 TormayCecile_HU17435_1 TorokGyula_HU09105_1 VachottSandorne_HU00011_1 VachottSandorne_HU00012_1 VachottSandorne_HU19018_1 VadnaiKaroly_HU07703_1 VasGereben_HU01115_1 VasGereben_HU01116_1 VasGereben_HU02143_1 VertesiArnold_HU14689_1 ViraghalmiFerenc_HU17960_1 WernerGyula_HU13606_1 WohlStefania_HU07729_1 ZiganyArpad_HU12359_1
AbonyiArpad_HU12028_1 0.0 3.1413271315170137 3.223844894793066 3.638336121614011 3.300891164210209 3.413437878082251 3.2850915939943044 3.3875011783817097 3.432557761974232 3.3152416448045243 3.391412913323392 3.34594131005283 3.200060265602013 3.2309313573092413 3.4629912217661984 3.347093760653945 3.10990891770322 3.386024556576089 3.2236325907083176 3.3139743598438742 3.436288856746306 3.4260912996640753 3.54185306267897 3.2131939903339637 3.5816373362273177 3.4587904816571364 3.773511168965573 3.7516380246591035 3.8575044488943195 3.4412202465497677 3.7083240612929074 3.4429401652850293 3.35841106590633 3.406861125088201 3.1741574044274334 3.6874475961969053 3.126168891643863 3.5892577461511745 3.550976381130675 3.406399123607489 3.4172077598943273 3.4983397568799743 3.532147406982985 3.698704962048228 3.1619578761346063 3.2517956401031913 3.193274959663831 3.3962532053912775 3.29359899933666 3.2310830785515945 3.5612545353793537 3.6076985139716506 3.742982216200173 3.692413866759007 3.843679565799629 3.5725783101995723 3.1305760645655925 3.490272143514388 3.4321218997350957 3.6875298661971168 3.2768810279225398 3.1434363214938337 3.262554576539836 3.289040662443132 3.3732848666840263 3.3372724601194403 3.387647804823996 3.228901183091062 3.388999664676378 3.6216627391240057 3.5605192014165956 3.5976060476736 3.3836063062062474 3.370136845099398 3.5807947536540694 3.730780603998742 3.180866904896479 3.390632772760015 3.2941190531224684 3.5234112620179454 3.4619020570842856 3.338121550125035 3.4457449808800966 3.2418496736457056 3.663284999377636 3.095314441919734 3.590159509369753 3.1778941427391714 3.6204224222170005 3.6966651543656215 3.6436886933893033 3.2736101376145923 3.3367358747841367 3.4733510258082303 3.2796338490402452 3.195249101326221 3.6249026516818126 3.334815080302027 3.3190219473432054 3.6880838700298932
AbonyiLajos_HU13802_1 3.1413271315170137 0.0 3.100482576521144 3.7292100818455056 3.134716146573111 3.5597939016722453 3.183767454333306 3.260065277728333 3.454094449102837 3.230873485137036 3.467799011694158 3.4132335169243193 3.268333728349295 3.3990602756883486 3.644152692864219 3.548015620739143 3.325397738971441 3.306928344173304 3.314548796161836 3.2681482249978355 3.391806760284151 3.378884152863593 3.5628223325409385 3.0449553703931165 3.5527422157837782 3.607537808438405 3.629655692435723 3.698810078907929 3.8390203053601804 3.252341404993757 3.7274506927955673 3.368682801261954 3.2874038346266676 3.42403564817809 3.128163398662177 3.492925107956795 3.198436879802661 3.4559685923925305 3.4749854508943483 3.3255333532455684 3.522768970697656 3.5548295940402395 3.7270226379970186 3.913083485513016 2.982429649666492 2.712443507332427 3.2274543611774233 2.999314905954955 3.169541012618087 3.4826001994728686 3.646102027220147 3.817207128458263 3.7247536939873744 3.8387417106907042 3.8539649083990337 3.7249444190374215 3.3788364158907456 3.526287764565079 3.548932074893236 3.8041060272858243 3.240091369780499 3.3357459861628254 3.2700430815614885 3.2936768798496363 3.310286627416915 3.236643026974726 3.215230185909544 3.1241716054837045 3.1906188232558925 3.7038263267913654 3.615854976816361 3.6131441541900435 3.6184283856291675 2.8491995726408725 3.1711328238588585 3.851950290171093 3.1574137185913647 3.625936036760791 3.3968504051467128 3.686189248920198 3.4059754134145024 3.4901248269556655 3.359050622304422 3.2506551827321735 3.767487249063495 3.10149569359555 3.624838197907026 3.412451121739236 3.9147333517032368 3.6855679796755485 3.6685051680998457 3.4007844175811295 3.320728129919446 3.3099047175390615 3.3767318581005243 2.9529365518223596 3.9382668866240564 3.1808436289568904 3.5957327702294943 3.53898856699406
AbrahamErno_HU16529_1 3.223844894793066 3.100482576521144 0.0 3.815097020263687 3.5979107602090936 3.0229329496790025 3.2713852168525763 3.2373850763710665 3.535605871501865 2.917828662856345 3.1400209574538622 3.6520161274789573 3.382463083302786 3.0216473068647014 3.9303112734040657 3.8222325256984915 2.971459119111495 3.3841114150758367 3.53545392868066 3.356225218121333 3.176959145023992 3.385993959281614 3.522243432805406 2.9739648749591936 3.8987954977121224 3.142155003116752 3.7931759278555326 3.7400587010257214 3.894475103492146 3.3770621750196224 3.750512809121859 3.0229536064436586 3.3457560713479624 2.997278974892991 3.1250724017963125 3.430134614767624 3.3689739293638663 3.352037063639216 3.5200965829689452 3.259947521418116 3.6304586674352577 3.5400618335321496 3.672703478843541 3.892762871173357 2.950184517905659 2.9999922991890036 2.9231516992995155 3.6826116552682224 3.6675064059297426 3.1945254935555583 3.7784482860768147 3.8785530505761856 3.8519654400857393 3.7712353077305005 3.8003727093193005 3.8282134358315583 3.6010052566937127 3.111651007237012 3.542949820016653 3.727054143215878 3.4245915872217654 3.3473108852882936 2.865251230379622 3.37265883081115 3.1621144512794728 3.212513478692832 3.104894555351385 2.8628112633530267 2.89669154285028 3.8305020427419247 3.7576973628471917 3.6508099780111056 3.602025647564816 3.011654822597509 3.556183666686848 3.83684300837885 3.4979011099605333 3.060592225907186 3.1256757751934092 3.8667639624498626 3.5354895828832387 3.418947272085136 3.197500939856773 3.22287548607247 3.985193443370327 3.0458454632456267 3.067537119883446 2.9754361927547914 3.930368552743464 3.8676091201467786 3.88782901050708 3.4466099412605375 3.2805254233674788 3.2542759637127485 3.5036408274411635 3.297531910190826 3.768340048906172 3.157692651912895 3.688369499768935 3.257437351392221
AbraiKaroly_HU18411_1 3.638336121614011 3.7292100818455056 3.815097020263687 0.0 3.4846092369420996 3.4720945434592307 3.63260109730875 3.495746956561292 3.2995701197180893 3.6881960669309697 3.33226744563638 3.356309835456099 3.6641686650790395 3.492900354803228 3.2948706014496763 3.1917576357188593 3.6484756612131646 3.4557520008392126 3.6271421490741567 3.4571554807845555 3.5720171070083953 3.321807828710538 3.4823273034105453 3.505229481207982 3.3241511437908966 3.405073322808158 3.2763239289915735 3.377433881118711 2.801532931085813 3.195103039070115 3.4428016149163474 3.4771188185362885 3.3788741766898323 3.234548450559146 3.6945868235307255 3.320147877118031 3.6171150266863146 3.2816721910869857 3.332431402853497 3.4103460180830583 3.4357637231003886 3.421954932130893 3.4248053755493766 2.9067023827728917 3.8335950877406617 3.845189290389749 3.7332493690473356 3.4984780992057702 3.4230029180302366 3.5617128044618296 3.3455776015950365 3.1933534166325765 3.29061004214205 3.293760903281855 3.084722563931325 2.900866196680253 3.4899694035173203 3.595337829720578 2.871234641796147 3.3367842308732794 3.4764313845383628 3.539979571914424 3.619996012183559 3.522502677473386 3.446994170554144 3.698834646371462 3.751402523113085 3.7508392373747084 3.713002093548073 3.2717495504796523 3.3016910874503433 3.2315955195205364 3.2031842061208464 3.775331528900078 3.509489973153057 3.3248500389075772 3.3888375963022184 3.0376008021773515 3.5864798313623956 2.9041113300178507 3.0623014814328697 3.5162497269303636 3.273026212105911 3.6264402504889013 3.409269586637903 3.804955966813644 3.002457650101227 3.607220772973651 3.2530440972861783 3.370596866404644 3.402031495473738 3.694483321918629 3.467369280007058 3.510996720337549 3.509736014373221 3.609537633192856 3.0805091791727497 3.3511640692198394 3.5344664486553405 3.099271105428518
AbranyiKornel_HU14548_1 3.300891164210209 3.134716146573111 3.5979107602090936 3.4846092369420996 0.0 3.7268146144466727 3.284392396557105 3.509847602552473 3.232367426502449 3.617017460513324 3.4278144689075414 2.8592460521567618 3.000111690746157 3.645397772228079 3.1749247982458746 3.0610556013688397 3.467874851273474 3.5226637551294324 3.493517575627171 3.367028776767581 3.502709711838051 3.597269402457272 3.307682697875549 3.411689039284984 3.2156598390134645 3.530774611225114 3.4401842365894915 3.501667380123823 3.518018145266585 3.5479102087217957 3.595733794143737 3.835925522064707 3.569402248488465 3.7185026130104335 3.3461418242949756 3.5950027849636217 3.3184736953796863 3.6707960966401787 3.5808984667403383 3.608780029919252 3.2768816191145174 3.398668995097605 3.49519152703357 3.527726804463647 3.1922135641474574 3.346242212391979 3.6557775535148522 3.1166688517578405 3.178329998544825 3.414129390441562 3.404195135493251 3.5582852996578613 3.519901309106449 3.43032518366571 3.572949090310247 3.3705682737100133 3.026285038616334 3.710113808981859 3.4527208644214076 3.5440474234030837 3.234162104461064 3.263201594495403 3.3272187367293973 3.5599065069915863 3.7506959549319423 3.447782857984212 3.6008872651674197 3.7246760932439495 3.5664472606920143 3.537684784874278 3.6501825014357383 3.5855791075758185 3.2482410593270705 3.229718842919354 3.3265722643544473 3.4044179281544493 2.8096571655158478 3.6734421545214158 3.4588171539729284 3.3309941746446006 3.2976333664924873 3.437372960608602 3.21645862636208 3.2444326624196576 3.21927546425262 3.4887473536032156 3.7275054918342905 3.6263801507920768 3.524437446564406 3.4553060437860434 3.4162140087718895 3.392823806899034 3.4939283687966016 3.5216344748063597 3.309664523275617 3.0645352360887026 3.5729081412968866 3.4840303337328526 3.2159908867550513 3.4298644226255215
AgaiAdolf_HU11795_1 3.413437878082251 3.5597939016722453 3.0229329496790025 3.4720945434592307 3.7268146144466727 0.0 3.5661172006889865 3.1675340555745772 3.7513673100537654 3.3904218627089917 2.963889478008451 3.4006240853757723 3.4555252417178752 3.1548214490873234 3.8452562154858922 3.9314813506095656 3.2594598188930783 3.330547659546908 3.6054506526432313 3.4251578800331908 3.3170958122875125 2.9794451863691336 3.605877968602705 3.4584208186483743 3.7144397704986103 2.976885732881388 3.7457405909392096 3.726995328538549 3.606939439755654 3.277827919988188 3.3358318840838157 2.984944731821159 3.4520775499406944 2.941398960438189 3.440273964244884 3.3269517178950005 3.236947045574532 3.237405744946753 3.3987516290715503 3.1627555986007145 3.8599067768154534 3.8857628436290943 3.7001246548374307 3.6042040255899157 3.4345543099939206 3.0735619377610064 3.3377916162926367 3.816639519067336 3.670769201692041 3.285817568706652 3.5807410944421556 3.49236070958528 3.4494050560261895 3.653967542814038 3.2207849529579176 3.6275178443054013 3.5560814565245593 3.3562004307529683 3.3594848932509 3.331410513441049 3.4505200769356517 3.652600159309468 3.284673873372368 3.410654947667145 3.060825842828707 3.1804661770209415 3.1984885364106406 2.784721588824005 3.161198387410631 3.5546870044439105 3.4899614450395595 3.5181508321829664 3.2484938085741595 3.398202025053453 3.5511176985115793 3.7546865346634473 3.4910170097151823 2.869344115232085 3.6195743002552008 3.4580945508590113 3.2748000300593034 3.242705895459234 3.181975039124039 3.5076890088563 3.77042856669546 3.329124293299564 3.238164201661281 3.257484888333537 3.491072077266041 3.7222111047814628 3.7037567816892656 3.7514781481408246 3.4459300125085663 3.33473076997058 3.5719193958528916 3.523001963597984 3.3961310223247247 3.2727228578500083 3.469373614604312 3.101009484796221
AmbrusZoltan_HU05286_1 3.2850915939943044 3.183767454333306 3.2713852168525763 3.63260109730875 3.284392396557105 3.5661172006889865 0.0 2.9731762119581555 3.2293384460913894 3.007331274006137 3.4808961387946478 3.5523719295716503 3.4914238210223516 3.551239242290059 3.5672983881962574 3.6762062558378794 3.253882160709513 3.469783830371909 3.6263290918335342 3.0997467834737114 3.145497616156594 3.1886954557720517 3.34268481634519 3.480217967549721 3.5556747797101593 3.79980140820164 3.4392533190919865 3.3881120287199513 3.5355245749203394 3.3579138678261335 3.7935177957511685 3.624466235806066 3.255316613781607 3.7675550503934274 3.598645792415357 3.3839257392233772 3.4796941844398654 3.6479957851924723 3.2736901736730064 3.225198118543385 3.66697170717618 3.636270259073277 3.5939556975275773 3.7526964071681657 3.017801190754112 3.406814640834856 3.0105854907235394 3.2969143515647037 3.3702379689637474 3.1348741364065225 3.483750732528827 3.7696385796606324 3.6967583913422084 3.4489581172861254 3.6270258408420233 3.4372866964082043 3.350358402104282 3.4382619037778936 3.8351111064600882 3.731816758464393 3.0992057946287117 3.224903465327782 3.4093119875861118 3.182940522670119 3.471762333451356 3.101763329457421 3.2081500873819526 3.401815192674244 3.3260791503130958 3.564389592287265 3.421486323221414 3.517833060564063 3.53623273094498 3.32424214040102 3.3393800711260675 3.400998098237122 3.3193126405513613 3.7238298450721574 3.1323792249843 3.559070035713912 3.4760699976659426 3.2347930491660746 3.4434765244771466 2.9909264392183914 3.347243841461141 3.368188167502329 3.5785584420507144 3.2388172352473026 3.777129377829521 3.4380247024128394 3.5942240999725894 3.0858451479742333 3.2030006436950718 3.3019258557424824 3.382770017303664 3.214273204867956 3.9380466511870815 3.690211276611888 3.4491575671008086 3.849568422734212
AndorMaria_HU11129_1 3.3875011783817097 3.260065277728333 3.2373850763710665 3.495746956561292 3.509847602552473 3.1675340555745772 2.9731762119581555 0.0 3.4490840000426934 3.219593512744437 3.3450726623215057 3.7479604768038746 3.4836898503127065 3.4288043117487046 3.7468450679316447 3.7479435238775913 3.3667087850334942 3.5830445695275692 3.669576955141838 3.1770382292649844 3.2630280737859456 2.862887989126822 3.592719959948793 3.5472599453747615 3.644852872810395 3.4031397140477737 3.4210994067500766 3.6315875319982145 3.534062679451962 3.238237365005928 3.580884764145516 3.3168950989384127 3.2771909858583785 3.663751325904753 3.5095290171423055 3.1870050792421396 3.4598225156886717 3.5358455373020456 3.5148661682132056 3.3104821842198575 3.6984275337898858 3.697391989156625 3.528877124802814 3.5851456711443905 3.271079876370398 3.343694638550047 3.00624523262136 3.36579405223391 3.4239710570431825 3.1437635778633974 3.7844151274345434 3.7998129309451762 3.647843639280995 3.5490071776947456 3.4723543216255197 3.392856672086488 3.589227513339476 3.534983412085298 3.5731049735527405 3.672251100168904 3.1652234333853166 3.543952896730654 3.4375865933886036 3.1990884669339685 3.3846585396063222 3.085782881825449 3.1067459130934894 3.2081685340772124 3.42247651356805 3.4044218969976847 3.1943208751314662 3.3495451657190953 3.508198514715781 3.645493178753842 3.4761485130956764 3.4437539017951013 3.525836577282007 3.5037023266399685 3.4416358566758802 3.5152005731939022 3.3304399700898415 3.435018586162485 3.3477295608959783 2.9360220987440497 3.6173582543037064 3.473624795860199 3.421635219802688 3.283138720897233 3.717317159414856 3.5523028267574626 3.599978075002957 3.3591762451805964 3.0913381313739645 3.1682511807362594 3.33850593309026 3.073593796623295 3.8962657425852 3.5605711948063945 3.507326152651167 3.609839039572143
AsbothJanos_HU19000_1 3.432557761974232 3.454094449102837 3.535605871501865 3.2995701197180893 3.232367426502449 3.7513673100537654 3.2293384460913894 3.4490840000426934 0.0 3.274115267959134 3.5527189997183513 3.4832971051247505 3.5794102948262783 3.7464528314540453 3.017252815455578 3.2141601522638754 3.6222789566145996 3.3287901320085655 3.482591824937983 3.4888425624742387 3.395141789234159 3.332090274876987 3.362979584924288 3.5441249625514493 3.237106016444776 3.3957494662386454 3.424031581363951 2.9708873513801906 3.2030705887995525 3.5241765954515385 3.510791470713615 3.6029907118823417 3.6562252991501016 3.757485460186534 3.5771977607338656 3.5647862264620382 3.495497182977129 3.7334264598401257 3.644189319692639 3.6696149873520865 3.2470361881632694 3.299447295499892 3.2570468145048745 3.2506274620416664 3.55998579819168 3.738539674237981 3.4594631284962003 3.024507172124609 3.1052118197319203 3.536299904960362 3.181254262888232 3.3123157275009203 3.5447474089019124 3.2069058806424624 3.493491594045469 3.280327499016913 3.345145869871508 3.539819704146357 3.4356018370565806 3.2956465431760558 3.609165621825005 3.3723932308523636 3.528830577102996 3.465972714161639 3.7745091120513243 3.771956408648647 3.828552975835157 3.8846195553944156 3.715708060567569 3.3889039553990066 3.3993790949970175 3.5429769067028536 3.4972568538068884 3.5868087375643825 3.4927226617459413 3.1591857273532806 3.298118577776416 3.6224475082781447 3.0731822836366445 3.265324816567429 3.357978919301372 3.5657343954646117 3.5172420260160595 3.4351477464375644 2.9718418405859595 3.6535760469372307 3.4765772057911866 3.598067720033853 3.2019781641177696 2.889344591445171 3.0791603561278147 3.231875235616254 3.550584075391157 3.7301674069097857 3.4287027787329576 3.5371578935007433 3.396942554192596 3.5713264417375954 3.2407175313667302 3.4741982074426834
BabitsMihaly_HU00600_1 3.3152416448045243 3.230873485137036 2.917828662856345 3.6881960669309697 3.617017460513324 3.3904218627089917 3.007331274006137 3.219593512744437 3.274115267959134 0.0 3.2995397775835245 3.71503799927266 3.48623120203405 3.2453946247991663 3.718175982618147 3.7017948733475015 2.9454915865544358 3.3112540313252756 3.673085343885681 3.0044037234922563 2.9267467892012564 3.280766277582106 3.4914571889324186 3.242513727649662 3.6885560166379303 3.4515433066150583 3.6657696722361797 3.429294064798441 3.7554422711843856 3.4941141048529314 3.815712733481489 3.144982759575649 3.291631456897104 3.3821374779924662 3.2462491001051226 3.416222409937822 3.3871979342849667 3.5111418052179184 3.3861760622251538 3.2461119463948775 3.774039733322194 3.799446759105524 3.725163214247696 3.7848323997313242 2.8780509875555014 3.5142217253370314 2.6644732061063765 3.608949225371642 3.655393584929895 2.866829387716475 3.596730531430236 3.7414029275368046 3.6174037135594586 3.509780015014454 3.7183150492460966 3.911412181837853 3.597974160894972 2.838073362337348 3.660320311917482 3.673500133472052 3.413492090608827 3.216824106361557 3.1382247933156515 3.534465791560091 3.2182501131322736 3.2304451648040495 3.156893212512235 3.253097573710892 3.0209814085482645 3.766232485990066 3.6465352610505093 3.751251865382365 3.7223348181876057 3.1192275039667887 3.403023921185807 3.659650873718852 3.4765393732838623 3.309305499747925 2.7317457855512632 3.7762137882964986 3.7008654388088718 3.155452765962253 3.47876231483541 3.1798880756275922 3.6815582805550595 3.3251612979012686 2.9758478961721644 2.8319377560575822 3.681211724241074 3.58180114419296 3.6703558425890317 3.188165362879971 3.4599460041189323 3.5520280525848262 3.6895979522163813 3.511710996353213 3.8080570472063693 3.4818674809198877 3.5446530471328743 3.538930965249384
BarsonyIstvan_HU12750_1 3.391412913323392 3.467799011694158 3.1400209574538622 3.33226744563638 3.4278144689075414 2.963889478008451 3.4808961387946478 3.3450726623215057 3.5527189997183513 3.2995397775835245 0.0 3.4621596253549383 3.7436497368629666 3.251348480153864 3.814404586946229 3.8004187274049928 3.2048736978962484 3.332859411917352 3.675250212539519 3.368977227886351 3.1629746027724104 3.032904841688963 3.671203030910604 3.1897966649850904 3.7522313981398567 2.737424783052882 3.686107532370327 3.6662109378829046 3.320699248111892 3.330317099561774 3.6289912262350996 3.103265582051627 3.6604134098485988 3.058783850691284 3.3311184288308446 3.587893213257162 3.5889857981889266 3.190603956324577 3.306593579876929 3.2346061129680534 3.7829626900512263 3.81165745129294 3.727181081620813 3.442141108472626 3.237220487348302 3.393794597460075 3.363408928300445 3.891360049042282 3.705590325561741 3.3366603449578935 3.59013065574362 3.5838703863792105 3.3897451416842155 3.5419130421818315 3.4035812898301736 3.8305152464034338 3.7139912308725838 3.2462577519986917 3.2358453760024664 3.4378005645494367 3.588915679809107 3.5979041753085133 3.2158131588904553 3.518671469845712 3.0525907302335287 3.1913701880062852 3.0966235610236406 3.0055895144848783 3.075757791883124 3.6242853550482224 3.5738850722671685 3.5375029694108218 3.3566441047722364 3.36437126213619 3.468310787932822 3.624459965571322 3.397735751172898 2.96117814855896 3.2143863528048775 3.576377169325282 3.344000251157601 3.3243496925797213 2.8538590984493064 3.4519864565221834 3.7572149956891945 3.703496396195193 2.9599443686980713 3.4336621759156642 3.6271883427066727 3.6645121373882583 3.677960572132786 3.7010070757962645 3.429135221227746 3.46418517389858 3.6994571198525485 3.5332453451239143 3.5340659349003234 3.2972739088455776 3.5191929230776293 2.8266515190170227
BartokLajos_HU16124_1 3.34594131005283 3.4132335169243193 3.6520161274789573 3.356309835456099 2.8592460521567618 3.4006240853757723 3.5523719295716503 3.7479604768038746 3.4832971051247505 3.71503799927266 3.4621596253549383 0.0 3.152220207713347 3.4782518760679086 3.2448807962125517 3.122745947388466 3.6484225543056814 3.476475425708415 3.260828190185212 3.474897685572459 3.6022155408123355 3.5643290971676818 3.34557167663979 3.3173757018971255 3.2608778349162084 3.412328126987491 3.555310833488352 3.4294918656087914 3.474997353445779 3.4202976821993536 3.2123222188927363 3.6620121602335933 3.6721688306137175 3.5039413313680536 3.358640240641973 3.614078829805743 3.3813468865320977 3.5795423556343824 3.4370391403994 3.4929250064316175 3.3400393109526716 3.4356049981620136 3.4760947313287494 3.3381056351384784 3.416357543994761 3.3436995393316895 3.8056489091580787 3.262232610814135 3.251294970356993 3.4138853834459244 3.2697064891260115 3.306017877559806 3.3064493234031858 3.2005811898382106 3.331440479047332 3.4453041114570393 3.173320501104525 3.706123748522505 3.41898782923592 3.207206541791881 3.1633105219223547 3.372663587366443 3.537965998295936 3.6718351140423504 3.5242095692747992 3.4069612352552197 3.4849031350912885 3.62827469995693 3.639104815137548 3.45053122139125 3.5807712974189005 3.3993360875668097 3.3039831111208606 3.3674904859314108 3.377337468089382 3.517128437067732 2.919416241162574 3.668277958084218 3.620737649574676 3.1642021246002656 3.275347009387752 3.358881603515115 3.6792205674755505 3.613125127054539 3.2097518640893243 3.423618498040601 3.7145377451822865 3.553784541565814 3.245109132016066 3.395345694785631 3.249343999315398 3.333201131276707 3.591824020505027 3.651360615445828 3.206196800640372 3.19309660088338 3.1340248678232774 3.424605809343057 3.3201139483222146 3.514589373565003
BeksicsGusztavne_HU16243_1 3.200060265602013 3.268333728349295 3.382463083302786 3.6641686650790395 3.000111690746157 3.4555252417178752 3.4914238210223516 3.4836898503127065 3.5794102948262783 3.48623120203405 3.7436497368629666 3.152220207713347 0.0 3.201468990707977 3.4679959325784315 3.3147520326682747 3.386047069653667 3.567349254488769 3.1909767213847386 3.275710887199162 3.6303691084920593 3.6996182549139385 3.369478325303125 3.2547757902873773 3.3347752461600506 3.65445078626223 3.537435219259543 3.5734713655980452 3.747116866048564 3.3796175209007013 3.5108057298150506 3.509583079642942 3.1970635104545346 3.3547413174390064 3.3646305742991545 3.3463151298971954 3.1135554340147857 3.3736538538384693 3.5453168386840495 3.431832545028663 3.395005310329717 3.2917987801418507 3.348674788281461 3.761516163752394 3.3054364709162023 3.2076230978965716 3.3920113524468447 3.2330565982297266 3.5462147335857597 3.498688818817779 3.335278539359713 3.6394112971995876 3.534154700334261 3.653495717066615 3.601425335856539 3.563047417513086 3.227608817287291 3.5463782342940413 3.401400730120361 3.468183865252497 3.3794146868458013 3.3716829521552714 3.302712839735406 3.2773079154657063 3.4433739223331177 3.3936213825405046 3.4121301735296425 3.3528528806282347 3.2933199021196446 3.563161211992325 3.632360710651042 3.53420679458534 3.318271175597431 3.3164416515476884 3.0888114585873465 3.6571148769335027 3.1074912660085636 3.328851101966576 3.6784495575556044 3.590961687568993 3.680878553013483 3.404985167778846 3.691192637956907 3.32166776875581 3.5153096538506032 3.0697734564456454 3.660505172898562 3.4417640273017853 3.4655302602430456 3.563090593918951 3.389747982730723 3.4895670023239473 3.4192303077760116 3.4254472546223047 3.2070834682496594 3.1239429545482498 3.4863622359111157 3.422026181853441 3.469066108771623 3.61672376758653
BenedekElek_HU08358_1 3.2309313573092413 3.3990602756883486 3.0216473068647014 3.492900354803228 3.645397772228079 3.1548214490873234 3.551239242290059 3.4288043117487046 3.7464528314540453 3.2453946247991663 3.251348480153864 3.4782518760679086 3.201468990707977 0.0 3.7806937603112214 3.687341949272946 3.217540098107754 3.3598457164628943 3.490605659363314 3.3820977050552896 3.4638808575140074 3.1538468521547722 3.644064982281466 3.120775040853337 3.698138497875872 3.231643578540352 3.750951502698529 3.7171783648770234 3.7614762913870226 3.0250641485333825 3.5144059576961766 3.054496177008581 3.153279704155981 2.9245098655770816 3.315084034133194 3.2648794784677673 3.3809820994347515 3.3320306643607442 3.5847281274264367 3.2669285884225334 3.405492063415165 3.481355491808744 3.6433060626643523 3.6295545382978736 3.1725348472394934 3.3136053853305363 3.190865459064819 3.5728672483890507 3.728289158033313 3.391481135648515 3.5427429587493524 3.6592237907275957 3.6468062762818905 3.881061647939551 3.551579376320589 3.7451583885527246 3.575133337305076 3.3250049198384835 3.146410799248484 3.5425394728540267 3.342201563209625 3.4588607652115613 3.1284961804762386 3.1317881480146332 3.1565653947033168 3.360175206266011 3.174276817255694 3.0874651418548225 3.3562227639594315 3.6233719257990575 3.4941734592585707 3.5285583273614116 3.5394881036756765 3.470094560372911 3.4385541189040723 3.823348108875186 3.4950595187027362 2.925349166885374 3.63867485129812 3.563910338542517 3.4940833103174755 3.3429121117378386 3.2372050685812352 3.4244797318527445 3.8827479393740454 3.1324223557318067 3.096918306229947 3.258406972258612 3.687552857087359 3.7597231667158506 3.7084461247481446 3.612723309039257 3.3075473538063083 3.247808380573662 3.324502810341068 3.244200384439135 3.5043831893788173 3.11887887360617 3.8469271014593986 3.410692405703158
BeniczkyneBajzaLenke_HU14745_1 3.4629912217661984 3.644152692864219 3.9303112734040657 3.2948706014496763 3.1749247982458746 3.8452562154858922 3.5672983881962574 3.7468450679316447 3.017252815455578 3.718175982618147 3.814404586946229 3.2448807962125517 3.4679959325784315 3.7806937603112214 0.0 1.9265405517984389 3.7565659849196953 3.4840034409299623 3.300214962408373 3.648706705478428 3.65089737812112 3.8877132271628443 3.049080776971226 3.603603506129704 2.9623190440523732 3.5606854626098006 3.16259885383697 2.981374582356346 3.0672599964350207 3.8734568884620066 3.219955844596537 4.061653585393783 3.8415881514026347 4.038361535064427 3.642478345941948 3.4935637132212523 3.3511446377500755 3.728964311787363 3.571807619741166 3.8943193117763286 2.6723422182721195 2.614316025095716 2.775308185992902 3.05352502192932 3.8043118619582867 3.900399675815404 3.8153210367523203 2.9426382993292224 3.050122753422436 3.7645608279453096 3.131734290872956 2.9041738675766853 3.3100509752544705 2.8853995828047747 3.4755858812323233 3.0930828776142847 3.1080199765017857 3.577501451335757 3.443484671597145 3.3637198713633794 3.613779055433927 3.197054178026767 3.7550922477632485 3.7308592278373376 4.032762146255083 4.0731818880154655 4.069187355945097 4.174465594590712 3.9813005396915413 3.226803408334311 3.6185604728685146 3.556665341679713 3.243951954232 3.3987347092395708 3.474407741946959 2.810129443477374 3.2985719351130993 3.904069185055897 3.33929905153113 3.0203896693889645 3.7200326355384403 3.565701384571545 3.525437630402471 3.654205905915407 2.649922124300925 3.524952019978068 3.800895793834369 3.644560682453333 2.8673285508986277 2.759505820909129 2.7519514767382 3.017831628155635 3.840867870600564 3.927893784702562 3.4812507030096524 3.7291651356399163 2.9405548143540443 3.7521604033927916 2.9731204913147056 3.7481193222899396
BeniczkyneBajzaLenke_HU14769_1 3.347093760653945 3.548015620739143 3.8222325256984915 3.1917576357188593 3.0610556013688397 3.9314813506095656 3.6762062558378794 3.7479435238775913 3.2141601522638754 3.7017948733475015 3.8004187274049928 3.122745947388466 3.3147520326682747 3.687341949272946 1.9265405517984389 0.0 3.590009790638418 3.511150208171025 3.2159986280922572 3.562980291703732 3.6539689311152608 3.893106932399443 3.114370829404139 3.552320697248298 3.019914423594439 3.5760356205800896 3.2657876896270537 3.196854324729935 3.2403141270434714 3.8277958130139265 3.358708005907504 3.8940076952054348 3.6699148633372363 3.8388393192879464 3.557606316724499 3.4963628847586463 3.3386076432055165 3.6584740437770567 3.5538983549349195 3.8031115511586426 2.6663259366198235 2.627212040150558 2.926920297289778 3.1410278836652825 3.741080727495035 3.85245698081868 3.8816718325398507 3.161392229820678 3.124445332133866 3.7649737678147495 3.0703009377093022 3.1105574328765577 3.3406124545269367 3.107194917561037 3.41451784001376 3.1872506316604716 3.0318082307108956 3.6325653033402037 3.312893836228544 3.2841040223403324 3.3681139907193964 3.178904049328829 3.6876525072204323 3.693855934843023 3.9398438425223707 3.918975356176218 4.018293726488646 4.088430926392737 3.930382047341378 3.296047003607018 3.6950312940802963 3.5920529916663453 3.3291523172143656 3.4686248815677754 3.4681050438782886 3.0276894186907812 3.2050822922329165 3.789274737725945 3.446056393588173 2.963462809870593 3.5765410234356 3.593651894350204 3.3956050153138824 3.5813715014971 2.8948745729363226 3.466501303105309 3.768813782122639 3.6131261269018715 3.141376567530651 3.166357817397799 3.057362489294983 3.1768822374920567 3.760182752844346 3.823079279107873 3.2374553369585146 3.590639711050613 3.0004986270707326 3.62785373489754 3.0743028989317347 3.662318747473286
BeothyLaszlo_HU13445_1 3.10990891770322 3.325397738971441 2.971459119111495 3.6484756612131646 3.467874851273474 3.2594598188930783 3.253882160709513 3.3667087850334942 3.6222789566145996 2.9454915865544358 3.2048736978962484 3.6484225543056814 3.386047069653667 3.217540098107754 3.7565659849196953 3.590009790638418 0.0 3.1115728642245406 3.5210447559069795 3.0973121845280565 3.1035905105604926 3.537428911205778 3.1954368143338163 3.1838229804413802 3.5969319918773195 3.616740935698019 3.7221007999669147 3.813032132619794 3.8632638670571584 3.6412501556057757 3.8450332551083664 3.3296166592288334 3.232586358651679 3.1718145144190566 3.0999445590389625 3.3076399062267647 3.1100621259695047 3.3364103903334605 3.3863293117989692 3.2301036041374935 3.4267085889955586 3.5009658182930106 3.44021486292665 3.860433736172128 2.976208903359404 3.3332099750773807 3.051053301067781 3.7395598837638615 3.6011140376020556 3.1519154002056466 3.6294839903879086 3.7229375287805175 3.6227671870894684 3.7329353073244937 3.7701702874537335 3.680466132632491 3.4224741456301695 3.031147860158496 3.514136456019793 3.741487996935899 3.444130568593104 3.2042222926866697 3.0816467734174267 3.410178452047168 3.1445998607802514 3.173092281403717 3.204065161785813 3.1243624177992553 3.0780131562487982 3.8104152803656164 3.744361061676139 3.8214156977132756 3.550672974070482 3.2183135016880766 3.296760539634117 3.8637059578038366 3.4555256478936442 3.1509951379787196 3.056527264241294 3.7847728205128015 3.697322560184182 3.2032268209817474 3.3179525663181177 3.27007443531297 3.8571163210751753 3.138897014058764 3.1196004816181206 3.0554839715453603 3.822359336759212 3.910105232047271 3.8571611223800546 3.4603261056882886 3.3479765372178045 3.2482939368427184 3.5561763344728594 3.3798963424470343 3.7657376911567693 3.2795863791589714 3.5242485021238625 3.363825148928237
BeothyZsolt_HU07718_1 3.386024556576089 3.306928344173304 3.3841114150758367 3.4557520008392126 3.5226637551294324 3.330547659546908 3.469783830371909 3.5830445695275692 3.3287901320085655 3.3112540313252756 3.332859411917352 3.476475425708415 3.567349254488769 3.3598457164628943 3.4840034409299623 3.511150208171025 3.1115728642245406 0.0 3.3493378999219936 3.463362942756002 3.42225367334489 3.5254862462183656 3.1893189843373255 3.4975856828784133 3.3687461019000415 3.378095724957759 3.489325734288108 3.4561254059419206 3.5196914903269443 3.5283162095466287 3.4786295511636554 3.3765751897873297 3.43406457259624 3.353443992375702 3.246513065439162 3.4244317191795446 3.288284289407094 3.454833968437726 3.491057391102111 3.380052035321425 3.5005130276556984 3.6114218668236484 3.526424670489896 3.3943473086205507 3.461577054000981 3.2452966878422393 3.3732871462650924 3.4893089744961125 3.5374308213014434 3.5778856887643427 3.3739798710491566 3.39520644255663 3.423406614391807 3.552097404478428 3.4813894802234726 3.6008030673022478 3.244182706747513 3.272392621046402 3.491964329162844 3.3892934874977536 3.5863093753194644 3.442833797413981 3.3825652410683658 3.632612535895639 3.347451441504295 3.4449431677363007 3.387404453862711 3.2639089097711165 3.3344654544851213 3.5483466064478186 3.5079900341564842 3.5657047260253587 3.4693495598283137 3.398976705456194 3.4864957917869033 3.4877722323418165 3.3646434818739657 3.430996863712182 3.3702703817874378 3.3778955277856624 3.3908824665167643 3.348786626550338 3.4266628272839084 3.467902138657528 3.556281924063267 3.3309733672897464 3.288140831990757 3.241251326957409 3.3562859201281325 3.2987170761245745 3.36027570257104 3.2946122993114746 3.574274054767307 3.5147805848402305 3.5797215201895543 3.4697366170662303 3.393552460436763 3.2522416920293256 3.365850338842281 3.292439412942729
BorossMihaly_HU16361_1 3.2236325907083176 3.314548796161836 3.53545392868066 3.6271421490741567 3.493517575627171 3.6054506526432313 3.6263290918335342 3.669576955141838 3.482591824937983 3.673085343885681 3.675250212539519 3.260828190185212 3.1909767213847386 3.490605659363314 3.300214962408373 3.2159986280922572 3.5210447559069795 3.3493378999219936 0.0 3.6567508516172573 3.6506440611125033 3.5825290884691325 3.3481067983633497 3.5439350512164105 3.295172291897734 3.4675380065505363 3.3678383692365608 3.422974518795335 3.530057925531177 3.4080888134738063 3.1817184467815114 3.545092476083628 3.4857097549051814 3.575280992201174 3.468526295120896 3.372107999432046 3.349029369827389 3.338924075913764 3.3775470585700447 3.3780064459703665 3.1816676349933433 3.1984004305124385 3.3655367210073868 3.461437021770739 3.5415210740354257 3.22002356732007 3.5987671829166143 3.349466659015179 3.4768147220723096 3.6865450781144573 3.2072855745668356 3.359230455639594 3.2852730766625977 3.292746282516385 3.4380672431884656 3.3102399015660264 3.4562079455197985 3.456255937260769 3.4789834128343236 3.234156683247752 3.646460986164149 3.5751564287168343 3.594829465063027 3.211414909912383 3.5458137844745874 3.526140309719763 3.50622833615197 3.3633267277140537 3.4890194600180466 3.296992537489076 3.3186494961332764 3.3154118164569066 3.5723652677131352 3.4212893583541906 3.165013218874026 3.36226243828205 3.411931883809852 3.591734626452015 3.724432769220502 3.503497700675048 3.5142002836771 3.472205179368244 3.6354747529326916 3.471826280797841 3.2223868349528066 3.2761371803097883 3.7648210959685935 3.617659993230025 3.2179613483536054 3.358677137832996 3.234668641747547 3.3571318176971143 3.2808374249730656 3.3221548437439523 3.2078021620032398 3.4946888373166822 3.304993706715563 3.354934273187445 3.419443754057386 3.542428496991658
BrodySandor_HU00628_1 3.3139743598438742 3.2681482249978355 3.356225218121333 3.4571554807845555 3.367028776767581 3.4251578800331908 3.0997467834737114 3.1770382292649844 3.4888425624742387 3.0044037234922563 3.368977227886351 3.474897685572459 3.275710887199162 3.3820977050552896 3.648706705478428 3.562980291703732 3.0973121845280565 3.463362942756002 3.6567508516172573 0.0 3.061600928172086 3.247701301592752 3.371794255393352 3.3203475978483556 3.5898569471173634 3.5035073108037604 3.563706970491082 3.6917581799379713 3.6271839993370483 3.3723809158080256 3.6006450964993273 3.4253672752120554 3.2005053594305597 3.4982254751596806 3.2961157781374792 3.210171071181257 3.3162388441945074 3.493035916527314 3.325891699048748 3.3051079662098752 3.643473168503217 3.6837782573063285 3.6653622291808627 3.8212275087084704 3.173228722465564 3.517812239130735 2.9970484239367017 3.4903713020625937 3.4727636725362934 3.1837069011461394 3.589718714187904 3.7425871998578377 3.5758609522762517 3.591701019144833 3.6637052228252758 3.5498673537478505 3.570249199060797 3.2150385009351643 3.561231941258492 3.5958914595613938 3.291211673078388 3.263112489881218 3.2928364614850767 3.356574924394635 3.308947829202682 3.1243892366790336 3.2566392413740344 3.2819550360549776 3.1075387112454633 3.635700061243668 3.497111609141183 3.5734651599074363 3.4493108879578624 3.257865671985431 3.3463417661422143 3.695108201442571 3.529230608681236 3.377874022536129 3.089432367083966 3.633076841766087 3.4126410793525963 3.2443560781622596 3.371151821625075 3.2028307578486483 3.6621322853047356 3.298421117003566 3.3588591855545387 3.0163271065228154 3.687967429529836 3.6240781236948516 3.6952037252713703 3.30656185133833 3.3360152041274533 3.5426917655388532 3.524019729947162 3.3379894339550744 3.725926639899211 3.4350421224737406 3.418696199785693 3.500376848204783
