 AbonyiArpad_HU12028_1 AbonyiLajos_HU13802_1 AbrahamErno_HU16529_1 AbraiKaroly_HU18411_1 AbranyiKornel_HU14548_1 AgaiAdolf_HU11795_1 AmbrusZoltan_HU05286_1 AndorMaria_HU11129_1 AsbothJanos_HU19000_1 BabitsMihaly_HU00600_1 BarsonyIstvan_HU12750_1 BartokLajos_HU16124_1 BeksicsGusztavne_HU16243_1 BenedekElek_HU08358_1 BeniczkyneBajzaLenke_HU14745_1 BeniczkyneBajzaLenke_HU14769_1 BeothyLaszlo_HU13445_1 BeothyZsolt_HU07718_1 BorossMihaly_HU16361_1 BrodySandor_HU00628_1 CholnokyLaszlo_HU05964_1 CholnokyViktor_HU07119_1 CsikyGergely_HU14125_1 CzobelMinka_HU17653_1 DegreAlajos_HU07693_1 DonaszyFerenc_HU11968_1 EotvosJozsef_HU00642_1 EotvosJozsef_HU03130_1 EotvosJozsef_HU04774_1 EotvosKaroly_HU16344_1 FayAndras_HU08163_1 GardonyiGeza_HU00662_1 GardonyiGeza_HU06982_1 GardonyiGeza_HU13387_1 GozsduElek_HU18535_1 GyulaiPal_HU00666_1 HermanOttone_HU14564_1 JokaiMor_HU02204_1 JokaiMor_HU05572_1 JokaiMor_HU05573_1 JosikaJulia_HU17873_1 JosikaJulia_HU17910_1 JosikaJulia_HU18964_1 JosikaMiklos_HU10230_1 KabosEde_HU17048_1 KadaElek_HU16355_1 KaffkaMargit_HU02028_1 KanyaEmilia_HU17999_1 KanyaEmilia_HU18993_1 KarinthyFrigyes_HU00719_1 KazinczyFerenc_HU00726_1 KelmenfyLaszlo_HU19006_1 KemenyZsigmond_HU00730_1 KemenyZsigmond_HU00731_1 KemenyZsigmond_HU05620_1 KovacsJozsef_HU16672_1 KoverIlma_HU13462_1 KrudyGyula_HU00763_1 KupaArpad_HU14315_1 KuthyLajos_HU07552_1 LovikKaroly_HU16600_1 LuxTerka_HU17694_1 MalonyayDezso_HU16123_1 MikesKelemen_HU00879_1 MikszathKalman_HU00898_1 MikszathKalman_HU00949_1 MikszathKalman_HU00954_1 MoraFerenc_HU00977_1 MoriczZsigmond_HU05060_1 NagyIgnac_HU07551_1 NagyIgnac_HU18153_1 NagyIgnac_HU19040_1 PalotasFausztin_HU16127_1 PekarGyula_HU14261_1 PetofiSandor_HU01009_1 PodmaniczkyFrigyes_HU07629_1 PremJozsef_HU16359_1 RakosiViktor_HU06784_1 RitookEmma_HU16824_1 SzathmaryKarolyP_HU14197_1 SzemereGyorgy_HU13316_1 SzomahazyIstvan_HU10428_1 TaboriRobert_HU16328_1 TelekiSandorne_HU17606_1 ToldyIstvan_HU07694_1 TolnaiLajos_HU14664_1 TormayCecile_HU17435_1 TorokGyula_HU09105_1 VachottSandorne_HU00011_1 VachottSandorne_HU00012_1 VachottSandorne_HU19018_1 VadnaiKaroly_HU07703_1 VasGereben_HU01115_1 VasGereben_HU01116_1 VasGereben_HU02143_1 VertesiArnold_HU14689_1 ViraghalmiFerenc_HU17960_1 WernerGyula_HU13606_1 WohlStefania_HU07729_1 ZiganyArpad_HU12359_1
AbonyiArpad_HU12028_1 0.0 53.787234373415515 51.74058692145356 68.32632818572324 62.8805444304377 62.916192343898494 60.657557348956054 65.59298288961263 63.25936298120459 58.95414191829422 62.78551499037584 54.98179103644616 54.711140328007836 55.15480575375673 67.7492468734714 67.52363368150269 53.730013525014364 62.82774023570009 65.60876768502153 57.58868445817833 63.50085149503388 65.41652475705864 67.65986185320465 58.96491466791805 66.9237724986653 67.62423522230033 77.03023961190964 75.89672829557419 77.63768549347711 63.210334278537196 67.24717526323043 60.03579056833157 58.04907316269788 59.618567959860826 53.139740764888934 68.73441666914725 52.78100533257539 66.6743224209991 70.86203585337084 66.9051601388481 71.29175014496597 68.47678669141777 69.94682412323517 72.64298287722846 62.405916371732815 57.68959914773033 50.738268101353405 66.5418849936811 63.22718290161294 58.36244023781182 68.91245248711992 69.07709483866445 71.11259264309761 73.90701352731932 73.51460810559084 69.07978788651852 53.84965787584313 65.13822244340969 62.23426430284469 71.04878738207341 57.66620920587464 56.637984976370085 55.827463090581524 66.95005290333259 56.15514763593606 58.80403297244147 57.267520924997676 55.65764735239498 55.95453133037309 75.7287850785292 74.01852039193588 73.94895015091845 59.84777999680473 58.34823999051841 61.24285549473444 69.82457465977299 55.21019474464021 61.003765879878344 60.245806832542264 68.45054383947486 56.29250016838435 68.02957164916883 61.416963571840554 54.25351839730197 72.52508716128334 56.48389948526347 65.71714133424813 59.19005518107218 65.67311692539403 73.02738923071355 72.98157847232964 64.40724059594935 65.58872116235113 67.4462334119589 65.54002667614569 59.870019327997205 70.11579847718181 57.17320483860294 66.08239127486873 67.25227552044977
AbonyiLajos_HU13802_1 53.787234373415515 0.0 52.38517640825927 78.8887108881389 55.113284681869075 67.69098389831319 49.56939932880866 51.517535044701404 56.96238938594334 52.25000726347533 61.64550970016612 64.16025740151791 58.734676102093154 64.43857870659677 70.5059504892414 66.50500686576518 57.82011441486141 66.06742588539957 67.43757043840684 54.48198683521729 57.37263643881935 66.53564084027728 62.243038761962566 53.662104004479836 68.88322298589843 75.85888095137099 70.63667808153816 69.1464079520178 76.75520151226314 65.07372231203742 75.3259624007127 59.00884444271048 56.694962758146204 63.42248261638525 57.982623322494305 61.724747348881984 59.299904611852554 60.05605094967623 63.66744091734995 58.06341416326549 70.84938182930601 68.75581414683056 68.54873730793902 82.61898591343711 53.47346252349269 43.12241156252442 52.767357238052 52.437990727948446 53.69687472041495 57.35286658727361 65.75956807956581 82.03678358873047 79.46845323114165 78.7872793719915 79.83244315318866 69.56976692624596 60.65240277541394 71.98073009869934 72.10567014187774 81.19624941645674 62.49867988740588 64.91861819024584 48.626927864764724 60.45047340829916 62.45407602407974 53.736453818595905 55.116929931633194 51.048373600258294 52.46951171794537 71.9162489411501 71.24469196965067 74.29625307934056 68.85166220005458 52.15388079325014 52.17097073507961 71.69928217620256 52.301641942984155 70.38584291940974 59.930689440037476 76.59644596546745 62.66053062998065 72.88507976805857 58.13938327739612 51.96314918629673 72.73568148583271 55.48139473215642 70.52480787767234 63.06752521373082 80.2093254478276 70.38488810723697 72.39712111455668 61.93487589832999 58.50370724714503 58.18243436893635 66.33670923380146 47.20025762741573 78.9427260112685 64.2965649679394 66.28455190807321 66.10308760464108
AbrahamErno_HU16529_1 51.74058692145356 52.38517640825927 0.0 72.07889567960282 65.91614560935432 59.283095465990016 60.34137135305497 64.23451250901506 68.2563741445922 50.88198879972337 54.697554882079615 61.77678127753748 59.49693515317049 53.968398419765784 73.36116115432445 72.63169960370593 47.42996138681776 65.89483842876902 74.16462617839403 55.335582961653074 59.538122471166425 67.80357849714254 65.69768442203315 53.91252477432524 73.76560868898706 64.57491841778217 78.5296445914918 76.90936120676645 80.44310515968185 63.936984291683984 75.98981603101308 51.408956255339994 50.24080655936821 49.38152802937137 55.20694309737369 63.510090024520096 56.6967683608663 65.35824486645355 73.11061039151028 65.90111241811772 72.76629342986699 71.20045769307104 73.22120160227962 77.34007942719708 52.26308323167381 50.4167723143473 51.27890126483316 72.19045736624449 69.05554288412868 54.913373398407465 76.76828420530066 78.89286734236667 75.5016399977513 78.40804865860599 72.78657714941392 74.86972475319158 61.22538322105456 62.00366443483616 63.93305889231713 76.87638414484567 55.1902910065443 53.865354383378566 45.22142455523461 67.46020730341465 53.479685456245335 51.658459620826356 51.99086578178779 51.652686549662825 47.77337047640107 76.11333782847089 77.47709222988388 76.66896535169404 64.48109923820222 53.7861378080776 59.90752786199563 74.54678142844669 58.2700061366632 48.9962952901793 54.22484394664665 75.01469402463714 54.18415352544684 68.39021577242075 54.89830537582515 54.75517992841768 80.48632644753054 57.77321951463023 52.892868360501495 54.55182492475765 77.62105143145179 78.12344653798073 80.56828209327892 64.03139458564816 59.75507793960897 57.771968477953294 65.31390404224003 55.246583616735094 75.81598472994789 56.279184995896806 72.22760738482853 56.46895448490269
AbraiKaroly_HU18411_1 68.32632818572324 78.8887108881389 72.07889567960282 0.0 72.41773678559447 58.69641432424933 77.97214996873093 70.54177586571272 65.55566933765188 72.98664736507241 60.87323013863437 64.73587016769996 67.095152504106 60.37127254708739 60.588420035504136 63.8602592918002 67.09711290931065 56.20084798274118 63.91771932060812 72.49726208383349 68.67755979993032 60.09328360795904 65.1288519161302 68.23414174817388 63.07810176872128 54.8177053941357 61.33323040552153 64.54325294324198 53.96541015251274 54.641056256596215 55.653269985413935 67.24828458506936 64.40323062138867 61.83900468210292 66.97901876443365 64.30051234024921 63.8052830215461 67.04493447589431 63.07120380254389 64.71409390718847 64.23200814502303 66.28391494127155 65.75416907665355 49.473284336323694 74.45917077670975 76.74379699370171 72.54111990356436 67.95175644318348 68.66789173251512 74.19920036267972 64.86595868242723 49.117174763678385 56.387666447084385 59.46811183950353 51.94190493466742 55.68555277072416 61.54754977751862 60.25082284021311 47.8264256303112 51.65835351382006 65.57215745034563 62.78812198018148 72.566249581028 72.54073897401678 61.010295451580255 72.04192798811665 72.70978387243964 72.33180318246879 74.4863394957371 61.60589553027893 62.734877604310604 56.39256416369343 52.13136197575645 68.04723779547741 72.90521503652991 59.969565930508736 69.3673116912014 53.39864600355804 68.41555803852233 47.28645318863951 56.56183615835482 60.27491692064815 65.33008569447017 73.94438403184363 60.156490088651815 67.23330380779822 51.483017325061454 67.88419056856716 52.5145927364324 62.28369271240715 60.76555451456777 69.71599147972371 68.70879019245442 71.30762673185993 62.54058055110429 71.12668402416132 50.52704798973775 56.63663453391928 63.385214436471834 57.958769150278556
AbranyiKornel_HU14548_1 62.8805444304377 55.113284681869075 65.91614560935432 72.41773678559447 0.0 72.24007649417064 57.03066419890405 64.26810735250274 60.23769481782444 69.06432649020033 71.39562524880895 47.70580480493209 55.04858351356007 75.2082637558267 58.54036854388388 50.01266491835866 63.937552812385036 73.3579677096465 58.1598505341469 63.864878143734444 66.77407924293128 73.21169574800902 62.55473727735173 59.29149891451129 52.53605987878904 76.25262110252334 65.51674463720869 66.35497315888573 65.64239608296296 72.50995431305363 72.20315108936083 68.05688410127645 65.77929627535417 63.676408253979425 54.46327110587321 64.85805317292292 70.76795198442956 61.55055186051267 65.95574194372925 66.07448833450975 63.0753442630837 56.268452350597194 61.89257055912585 68.80258916689533 56.041630001529725 56.750482185779745 71.59077422658125 59.77573730428272 55.96749450741127 63.84628964688235 58.25437018776091 69.90197821317717 64.1359741255632 63.470146235905915 66.84454228518216 62.9494484882512 59.70308789692067 76.78539101806359 68.08184555604419 73.16514102671727 55.66985992261631 62.49278592038448 60.41014547110324 63.565229395038415 71.08715053233787 61.80455710366153 65.62410366359731 66.45125020818922 65.14138913672211 63.045410697301186 64.63362480235715 65.37835809284789 69.49436380904929 64.32196611689845 53.579558275011536 66.22315604564658 46.15272112394433 70.73443215527145 65.12248179666771 69.21167982469112 62.472817460724634 68.75443979695513 58.02818607679328 56.23313862211905 57.89213350413473 65.22860865069885 74.56790167120305 66.37463829528221 70.90455742795186 62.15784309802504 59.52520100485793 60.17521819636942 59.29091366116508 55.82463060313658 59.7647968860276 56.17501418156234 68.44062235096268 68.03674173818095 60.50633456631611 70.45761428874827
AgaiAdolf_HU11795_1 62.916192343898494 67.69098389831319 59.283095465990016 58.69641432424933 72.24007649417064 0.0 68.25182037584821 62.67376241942456 71.84873262929422 67.16578033058894 56.71406349923943 63.47937174158473 68.70412575750363 55.026830995264966 72.40589409979727 75.90143564183816 55.86996126451241 54.32101074039169 70.69007477315445 69.8909559521312 59.73441792084624 49.81850943941269 64.62892516865094 68.35833378700143 76.7602396358596 54.01762727467774 72.84858988246344 73.5480181867881 69.95141755463352 55.42330956825461 59.35548526473289 58.67572910718033 65.45540478284454 52.50903609490551 62.25967522024868 67.10730338767098 56.46500106434939 65.00411192981753 65.08365272050735 55.89007450687916 74.08679282298681 74.44255262575037 74.46468321380318 65.33752159842766 57.799219068112876 56.341523360912355 65.1801478642655 71.39823194774668 68.13897293904463 66.98421840231401 71.54516746769775 63.56508597359487 62.068396429554525 68.22587956214883 55.625801655384755 68.41875662828674 58.41420503019176 59.867602344636396 60.13682197482243 62.225526289522534 61.45608096702341 61.52343185515371 62.26891193308457 69.2625238653326 52.79549837827724 56.1258853597815 56.06320320019412 50.96883992438763 61.59819431372551 71.20501314577835 70.88177190003671 68.93693358117665 57.29407707576399 60.242383662502135 74.54910500809113 72.1705095609494 65.1619054764059 53.61744873986427 63.747740475807234 57.602845557536085 54.5295689390728 54.52261814562473 57.830460946469294 66.55324364204274 71.20388202342528 64.4640636716861 54.603017498437936 60.963686340838194 63.99881092777293 76.22144420088793 72.02613084449644 68.4211432735296 63.868759848105 62.69632554291248 64.93485833708237 62.71815176523436 60.59894035460577 59.33330913193081 65.01206307750556 52.61986254658715
AmbrusZoltan_HU05286_1 60.657557348956054 49.56939932880866 60.34137135305497 77.97214996873093 57.03066419890405 68.25182037584821 0.0 45.894424067090775 57.33128845001017 47.646491013467134 61.16175909115592 68.46138134202913 63.39480348234917 67.28242490061558 71.88099228627938 69.92263753593728 57.97617679522277 67.45652892715857 71.28261329652884 50.36717839851363 51.031071443941535 60.698532492062036 61.500204989857814 63.867099947901714 68.85178090622523 77.59074231715773 64.38039103666938 62.91904257996758 69.01136769585743 71.23042605076415 78.70618657751619 62.119141715548054 56.07770384110577 68.79530869066467 64.48884404493884 59.72666175318966 65.21816956692432 62.24794466526795 56.218098982594874 54.89581884162456 69.80551539943747 68.40198686477117 67.14643462378194 77.00646040517437 50.13091724413234 54.70071541411455 52.72693752272196 59.98138953239842 59.751471203207885 47.395747785725476 61.57489244799881 83.15472650401358 78.15872338302754 69.67054838447386 76.06581673997904 69.3094434601775 62.811896029416715 65.25773211859745 78.2697329523584 79.27399992619553 59.17397685858947 62.77468786023077 53.73514449308325 53.33608626922055 65.35736035559519 52.359080461333924 54.921809840837774 55.3560240626079 53.91132336722121 67.62304633322337 65.9404747638207 73.09247889449018 72.52559912034985 64.10233518764718 55.10944785235691 66.69890076469557 58.18255354967204 71.3681642136511 53.03899491136585 74.29545881529017 66.90729898016488 62.34197526138295 57.49437152538588 47.99052755008456 64.67961764230203 62.7355228468322 71.09518018602351 60.28780579596025 79.25838170907211 67.95737461480908 71.89032026434263 54.47357980972446 55.599384395049654 56.88241427998936 66.42233845252466 54.20996917864283 79.66167734300868 75.27611784119252 64.40100111949653 70.15201095263282
AndorMaria_HU11129_1 65.59298288961263 51.517535044701404 64.23451250901506 70.54177586571272 64.26810735250274 62.67376241942456 45.894424067090775 0.0 53.11480888179049 54.78510768258427 61.793101192583485 79.32489004122283 66.06564294630674 68.93176291396989 69.02570560302267 69.27872693116727 66.67255601978714 65.28064654150923 68.57129920411992 58.00231028273047 51.74248747041291 51.41229478742525 58.68691542431357 68.88153513763855 71.46217974512973 66.5713808307007 61.19915548261729 60.730772266544435 67.50838826689542 64.09382234206502 72.84886314712564 64.29436260586458 58.8028832477071 74.57195230962846 72.18153685124233 59.67001962784382 67.0977203623893 59.44648068348788 54.93774285133163 52.17341457674114 69.27823053213571 69.8378441179137 63.41797914191315 73.31749815154068 56.58281310162695 56.70846853241767 55.33747261813229 51.909891043119124 58.52565424070073 53.699907380835455 59.35239578396404 77.88875248406806 77.7639200659721 71.71674185108039 70.32584458666493 65.28264797044842 70.82902817064077 65.36421423470941 74.87908071103081 72.64389083528428 67.20810469845702 66.91604063477304 57.85585970161127 49.42500522829171 71.50018850311368 56.738515053166026 61.264008104602276 55.93820178068009 62.28684077859646 61.04101792124592 58.50248103387952 64.60157016581311 71.49977252247224 67.52632613698057 62.016730090680724 61.393668090002144 68.72411140945422 71.60912009954946 62.075037433700295 66.91144104363237 68.43183166211729 62.91223771295305 58.2075417252704 54.16422159623966 65.76609052414464 63.86737331972073 68.6235262751837 64.95900339940394 76.00769144257285 63.50977818961649 67.96772195809206 58.282730398568624 56.96177982798788 58.00109825040148 64.5992615930768 51.942494626010614 73.36457907670923 76.61017344692792 64.17791232994084 65.11917548190067
AsbothJanos_HU19000_1 63.25936298120459 56.96238938594334 68.2563741445922 65.55566933765188 60.23769481782444 71.84873262929422 57.33128845001017 53.11480888179049 0.0 59.55538426001596 66.68763974310043 71.44506514883834 63.68234001946404 71.30974764970074 58.32241013338421 60.95497046497083 72.51404643387225 60.33357282180264 61.95381974869632 62.69911549227721 61.631501896659614 61.5189269732354 54.22821565859261 65.92216278768737 62.176239254479995 62.817431310520625 62.78135455758573 53.38564335233768 62.22272097073497 64.83335473150576 64.80870699068093 71.41750087761439 69.03509264809242 77.8330323525823 69.42377774150164 62.157333274779624 67.91151445446673 63.57510075862358 60.32124662320507 65.26833457019197 60.67172591993251 61.49070378823649 57.504316350651266 66.23006472752049 65.90219154899495 66.46464602256354 60.046236114559136 49.31757424440931 55.3215031086534 63.6474054505726 53.8534837270868 64.35132432838859 70.18181341076917 63.64341516599559 67.78941542035739 58.20650523490825 66.96623701312674 67.28400721621162 69.6649637282032 62.21209888980536 74.97140922814886 67.44810841265277 61.724125872418924 57.58471597581994 76.17982275135218 70.8359844493369 74.21281062016828 70.67404033589926 68.14747144873527 60.58596520257608 59.88101268529102 62.58627423338682 68.49318206078705 67.1431415602275 62.41340732360429 52.4111281885168 63.935986950211785 74.73177382761224 61.93244961755285 63.35351120215472 66.20193830494343 68.46857172914761 64.50304997714316 64.17031844802628 54.5594539506432 64.91443735909765 70.05038560262349 67.21032520921166 62.59876303951667 52.20979916388343 55.706491196536696 59.653300452057266 68.89895129249084 70.57839767879094 65.73808459601487 61.41056839639196 61.69033474706464 72.74316707001759 59.93980040865862 64.27080996951844
BabitsMihaly_HU00600_1 58.95414191829422 52.25000726347533 50.88198879972337 72.98664736507241 69.06432649020033 67.16578033058894 47.646491013467134 54.78510768258427 59.55538426001596 0.0 52.831342387026815 71.80529791728554 63.10449178654881 58.81355959441405 73.6613364847591 72.44433077752898 53.4169555008732 63.356672500562645 74.21677545799008 46.54954196003473 50.25966894669116 65.54789739104851 63.84378983289818 60.03052064919775 71.76061246061042 69.15863824579795 70.20626660786562 65.57253932832626 73.72118928590773 68.64407402096236 76.43991493763664 53.40158384707794 54.482790090255584 63.07113272373512 62.10819036720284 58.13490383208021 59.158371485306326 62.69674380516907 60.714990740180056 57.910608606353435 71.32575241300987 73.57133655327769 70.51499691986926 76.43034965356033 55.795606348286256 59.04066960431251 41.38549323185189 65.78432696558056 65.87320747893911 43.10329876910848 65.59420327624287 80.15613562792471 75.80127947959332 72.17499030097743 79.40182410861155 73.55532340688976 64.69161762174824 52.46640323539691 70.00892947362358 73.3991020362984 66.45254365930843 62.57341422056389 48.998019948307736 64.18985259556901 57.577105472303096 56.85712810286706 54.40743316990964 54.727683467743645 45.39620089792313 74.44241274575761 73.17649101269679 77.51674428637826 66.80414884951908 58.258000583717106 57.58569971071232 71.45735112137908 62.47932405271367 60.564013314376396 46.86398403619621 77.21414854355034 67.92869968275296 62.09900868824391 62.57824313384717 55.5215381443846 72.91246525146532 59.27522415103163 55.06803748040664 52.48954950893292 73.80173939132351 70.3652690084156 74.84990408399628 59.821451286338885 62.142488416548176 65.91033110215213 70.34133164699539 59.11461261989641 79.20062577418588 65.67122036047813 68.61130619672805 64.2010475488575
BarsonyIstvan_HU12750_1 62.78551499037584 61.64550970016612 54.697554882079615 60.87323013863437 71.39562524880895 56.71406349923943 61.16175909115592 61.793101192583485 66.68763974310043 52.831342387026815 0.0 71.1294065977284 69.11431210988144 58.1959334258817 73.40531581055671 76.11640709060806 51.92724766738613 58.88570376951637 76.76104083094327 56.81438482422356 53.7206611130735 58.48500383421086 66.62588726590631 61.26007383309206 75.0705921942826 56.23625186648887 68.41434669200859 69.89364905356126 66.4263018085714 63.51089063456146 74.04180060289993 51.55104268500061 55.56368774882746 54.30497435122909 64.49682909680207 64.15900814127306 60.09361054822563 63.331474693008836 64.20911220628409 59.36196692967295 72.78551627098415 79.36398370817058 76.08171782080316 68.84298729698456 57.61044998483908 61.53018976274833 58.54936974613796 71.84861231476313 72.00933224384593 57.1620005268242 70.7533313620641 70.92655406594932 69.05241165145026 69.85113195331269 67.42512723217253 71.91622098045444 61.546137136390406 53.6879684849152 56.41199586473531 67.92511676002388 63.0292552034707 62.13824457484344 54.097099754840656 64.35606220302029 54.42094161178632 57.86386544396106 55.91290999356974 56.91219944309081 50.883463567947 72.62905133415654 73.00884381522094 71.58777595660885 54.22288968298741 61.4024620402321 66.87475164120016 73.67770548689697 63.61132051333591 49.855603092768455 52.597878910009825 68.78031302548412 59.8302623385354 59.05261775143721 56.76105906700138 66.91879443751967 74.38187603749041 64.64425415186791 47.54718583768279 61.59804943025844 73.01401348982715 73.92675876729056 77.11159561473842 67.07215031398866 63.48613523481912 65.43021087434643 64.53912783885879 61.338010695981765 70.24007840160554 55.92632670874149 66.98310629555918 49.50092938949982
BartokLajos_HU16124_1 54.98179103644616 64.16025740151791 61.77678127753748 64.73587016769996 47.70580480493209 63.47937174158473 68.46138134202913 79.32489004122283 71.44506514883834 71.80529791728554 71.1294065977284 0.0 52.9853467622181 62.57750129874559 59.82893102477427 55.144967940520345 65.47794511144855 71.70133821755734 56.39049026848643 62.79092835953837 75.00680687108846 74.08643891621138 70.37598760463138 58.42415424404152 52.53043221542419 69.2537168283463 68.04630840355462 67.1321546747434 64.3961625521076 65.58539183660893 58.46214604366747 64.72096865328392 67.5452219181693 58.03298401891541 55.114882078790814 68.94898614682435 58.384270089449096 65.54160555610999 73.50517667474712 72.00157340669195 63.76489463261049 59.04090736813718 62.849759269439026 61.24403081946283 68.37607429613831 63.43458214277416 67.25345993056712 67.27665871443278 58.61407504412203 66.07622103832153 63.439172310015174 60.48220391630268 55.866982520086445 58.790859401296636 62.24816831014776 65.5897832054033 59.40516693547287 76.41829577989701 60.490522334439426 63.57175187555134 51.12198279593738 63.21359304635232 68.23270803816641 75.48106115564589 60.07121942533031 61.07464470231989 60.3194841936611 65.47067584887198 66.62804071831091 66.45579641246742 67.41682943859577 65.36334299158575 64.46433615135548 61.425509700795246 52.22758341388732 66.9451333693036 48.81732060630003 65.51708906026066 70.7105460005532 64.47701536756729 56.279413124762975 71.39379671609042 69.44792507081793 57.551655659068786 62.947381625206766 61.247276650450736 72.21972090571855 67.29383189137985 56.563540554346694 63.39813517209881 59.64465972395215 64.59673967488517 65.79062118799143 63.56056609534494 60.412985070164375 64.82940372092467 59.36375508025918 61.51648411240149 64.19713027153293 73.00919625831484
BeksicsGusztavne_HU16243_1 54.711140328007836 58.734676102093154 59.49693515317049 67.095152504106 55.04858351356007 68.70412575750363 63.39480348234917 66.06564294630674 63.68234001946404 63.10449178654881 69.11431210988144 52.9853467622181 0.0 57.235555312010625 65.37416992125218 58.56530126970404 63.72531334887625 69.12678851946585 57.726773747658186 58.81528253530308 71.77610411450051 77.26902118102801 61.39195024679751 55.91603140736409 56.63684407273119 73.0822786229866 67.5415434491355 64.64462983611648 69.347369200958 64.8294033479021 64.98569723655658 63.60172286604506 58.67706017013129 63.66282197853605 57.6830863854083 56.50423467758065 59.957688561437095 62.02468621461263 67.5577918504677 67.27247345118329 63.366895396546504 61.30202058209917 59.5005167297734 69.65205643037481 65.60942065681589 60.313136992511076 61.1862778099147 63.06318135246539 64.93946304147974 61.446269581831345 59.3972839089119 68.85207835629124 65.93786354071848 67.34192363349574 69.8918232592506 65.2684813081449 62.11063514296261 69.55678935781236 59.55801196465528 65.69239481838264 61.58342615752512 61.38056460456228 60.902768201684445 62.37391463943982 63.358186982683975 61.55396754815488 63.050175737371866 60.64868307345473 59.88926395090629 69.69314967820334 70.45243056409613 69.27548093861645 63.44911530724548 62.61477543192316 48.710239522220654 65.82099538866248 54.753183985008995 61.95729878067916 69.5510434524938 70.8508643681805 65.41298860334396 74.72815594091749 64.1452893001095 56.67801525002558 63.88801175724719 59.00995695102915 70.16861796964686 64.44501385217303 65.78905078473576 67.22014836820445 66.13932306792786 67.14611201175155 64.72489393855597 67.0599808630281 64.65633846899547 59.61894466890153 69.3968280939421 62.50573299215908 66.65984102602766 71.08036508307308
BenedekElek_HU08358_1 55.15480575375673 64.43857870659677 53.968398419765784 60.37127254708739 75.2082637558267 55.026830995264966 67.28242490061558 68.93176291396989 71.30974764970074 58.81355959441405 58.1959334258817 62.57750129874559 57.235555312010625 0.0 74.72844865295717 73.11573941050165 57.843305372202465 62.89312118576474 66.48722431145794 60.58097386998915 66.79673975450768 59.913350280553175 69.8378260687259 56.321358486005174 72.0059549225442 59.35483716442218 72.32226597680365 71.24309584395445 71.92332024039078 53.359872744106084 58.14351300906559 53.96009106473877 57.75697450404872 53.76969371748593 61.8820313791395 60.079848509630956 55.968341469746356 65.00049629882835 69.71014611376948 60.931290378006814 65.80077951466563 68.73264080944844 71.88552640345507 67.64648673533463 65.10883346346759 60.98328499929623 55.13539143667109 69.58633024171175 71.21473273557574 59.68213356224624 69.99414452080816 65.88386478292901 66.70738001714048 72.57579778142377 69.2914138796819 69.72321267381825 60.95468639643052 58.76365400547209 53.50314298111674 62.587980583179665 63.54129998571893 63.883153454014206 60.40537923556865 66.17302276866099 50.45676864838852 61.24308003461483 54.91776224368556 53.39914187929604 57.643081960446686 75.24268088892049 71.37915615426732 70.71511857747754 55.57904525019562 61.223256867443894 63.157004771639585 72.50066872370715 66.20945059128324 51.54248212920831 68.79640820567693 67.65435855840408 59.14434014230269 66.55341448749958 60.908159195460605 62.70352572192188 74.50050716893891 60.08911003328085 54.28694434974169 60.11151519217763 62.88641477684886 73.98924970321106 73.59527549194658 74.07310804764239 63.22301404864662 66.81187429493917 63.53531835517566 61.5132804127022 66.60946735760372 51.4827443645469 74.30036014708803 61.59898753442311
BeniczkyneBajzaLenke_HU14745_1 67.7492468734714 70.5059504892414 73.36116115432445 60.588420035504136 58.54036854388388 72.40589409979727 71.88099228627938 69.02570560302267 58.32241013338421 73.6613364847591 73.40531581055671 59.82893102477427 65.37416992125218 74.72844865295717 0.0 33.825311932151884 72.74229183362239 63.24306257541 59.61546930163602 69.98388293420156 71.56570356238458 71.39901159507978 57.90785251645318 65.91214734590949 50.306689531029505 59.01910843471507 55.65757465467142 51.64584363971504 54.12195419998193 66.94702786404031 56.91244173327505 77.94684848634026 74.74880954283834 77.50171390980009 68.61128352175233 64.86936435616308 65.01567395846023 68.92507544569985 64.72704331854274 75.06163835383532 49.16355192638433 49.22228071461162 49.9274486421868 51.78484239049823 73.4987993343268 78.54668275216564 69.79390547087696 53.334515968035014 56.25233937883371 72.89838807553984 58.73847545015579 49.327298623522694 57.65293896269735 51.326958110497785 59.3375973760881 55.57806680421181 64.57783585739509 71.48019156925233 65.948622770295 57.53652884860618 69.07395352200828 60.628893980726254 71.49621193848434 72.2087416880532 80.26772477292907 78.76125240551441 81.96337907390631 83.37846017556976 77.9647680192773 51.25114119386564 60.140741162056734 57.41976377400227 66.4731845845206 59.23467677323717 63.5069222733619 46.372310599663955 62.84797711694272 72.70850374524554 64.6635285487864 54.456701186054524 74.32390491336398 66.72277644423852 66.24395162974947 67.93036437424134 47.719151142139246 68.10479476247025 71.8186127047116 72.09831996800192 51.02073410748866 45.54936123370239 49.54848225937626 56.37976886559005 76.3519065677882 75.14309486008673 69.01836080524672 72.78060769177746 50.67665204687743 70.55984874495576 50.458039030815584 70.09452025354834
BeniczkyneBajzaLenke_HU14769_1 67.52363368150269 66.50500686576518 72.63169960370593 63.8602592918002 50.01266491835866 75.90143564183816 69.92263753593728 69.27872693116727 60.95497046497083 72.44433077752898 76.11640709060806 55.144967940520345 58.56530126970404 73.11573941050165 33.825311932151884 0.0 69.80744009226707 70.47755563928341 55.83019048099102 67.16225452903836 74.18660444285729 77.65201547190726 59.559380997681494 62.15342910488386 47.12356982879432 67.31465448387148 55.83911775309265 53.59336782710006 54.43758634592542 71.39525452028478 60.22239614432396 72.75901305737548 71.31928026400796 72.47245012934535 63.16673046636238 61.81064197932609 69.69005901020454 63.95349945347567 62.81719365133897 70.2477500225065 47.854698004423824 44.63885718616235 49.44385031405985 54.963903271282 70.60868128814238 72.90699649077077 71.88635118453296 55.96281868171445 54.88886823607476 68.86273297106129 52.06696625167401 55.74927083586656 59.08768485535343 53.42714245845273 62.502236742888115 57.0268260299393 65.37262651856486 75.34167401069074 63.24653118200047 61.04696025159786 64.46828582368478 63.58362064737956 69.82220446180335 68.2392646581003 78.47668125315536 75.01063387171924 77.80347125856083 78.7405354940372 73.98820387714665 56.90644623024774 62.97250930498774 61.33477420917637 68.63590287551865 62.955199333834216 56.988974512128564 53.7432601074755 58.784013395987 72.1303520022319 67.30381416296196 62.12720674753584 74.90596795054272 72.8996991037561 63.11815709622912 63.33581763151221 49.0638582702248 66.87144193183374 73.7948272999474 70.82555795345061 58.65973900619146 53.59255677132274 52.27930830165361 61.666226961977166 71.01766256910193 71.01250291137984 65.61821388697508 68.81922446361415 56.721670397559876 68.26933866326942 54.404708739615934 74.09735129962644
BeothyLaszlo_HU13445_1 53.730013525014364 57.82011441486141 47.42996138681776 67.09711290931065 63.937552812385036 55.86996126451241 57.97617679522277 66.67255601978714 72.51404643387225 53.4169555008732 51.92724766738613 65.47794511144855 63.72531334887625 57.843305372202465 72.74229183362239 69.80744009226707 0.0 59.08249693695852 76.45741341523154 56.31296567043921 56.12447212766214 65.3603290868326 63.85247556164728 59.869154564388815 72.40199403225968 70.0952267788995 75.87724353480432 79.21113152708575 76.86754878711834 65.82030741748926 75.79469182059528 52.06798826673217 50.340783308554755 48.12777100957948 52.23219384031089 62.39591216940536 56.44972671272211 64.83343881335264 66.4673737529245 57.2720556213542 70.4707093204872 70.74743025165425 73.83774955692382 73.008926461955 49.464527891098435 54.368184206143994 57.47733850263241 75.224319675932 70.39498267975318 54.33462161691407 73.31103043091889 76.24004597648036 70.48480888314612 73.13010465967417 69.04631616640042 74.71090217991583 56.41848851899873 57.28769649167587 60.78290900355846 77.17213802992582 53.73033944690703 52.54859465849336 49.70195308547132 66.0672133238424 52.160950201605395 51.57514470517518 50.98060611870367 54.12766206946168 49.45400232516751 80.4495539655173 80.67418129988313 80.96991142551663 60.71817199120527 57.94783281992442 64.15574612586649 77.70945933325301 57.98598522248856 49.54202051051368 49.57370341814877 72.9641555126839 59.21903626564141 62.1383973110532 55.253574602099945 59.70114649475537 75.39183885344495 62.49991129763962 49.86224863905784 54.921847728218694 77.42948418440307 83.30595342451464 81.17950720171802 65.64973101669165 60.473044933821775 60.97792398530417 67.15079020037011 57.065866335533926 77.37368734381545 53.21215715536032 68.47625711304329 57.85857734689181
BeothyZsolt_HU07718_1 62.82774023570009 66.06742588539957 65.89483842876902 56.20084798274118 73.3579677096465 54.32101074039169 67.45652892715857 65.28064654150923 60.33357282180264 63.356672500562645 58.88570376951637 71.70133821755734 69.12678851946585 62.89312118576474 63.24306257541 70.47755563928341 59.08249693695852 0.0 68.86196573973464 67.90496941549678 59.4901951524575 54.849363344679965 55.89003121576988 71.88467016215534 71.14863693941031 54.40404053010123 67.21038663346273 66.83900029170961 65.24546638035429 55.989991126436664 60.571497440030896 68.8665030000016 68.9095062492615 66.90966434846477 64.15681791000446 66.03686878870622 57.11690259765528 70.99182893203631 62.47222229439897 62.24452877460258 67.29469829574789 71.27789160622052 68.06622941095262 59.94393911015464 62.77663840011791 65.60551243960721 61.94048322982122 64.54510483815544 66.74883140029023 69.76309594448288 67.59091488659418 59.18462107191132 62.93058525079614 64.12128988524444 58.60073993876946 64.91015825796998 57.32649156008175 56.65797102040532 63.80470525267818 57.98017209627945 69.41724675485452 60.01447011846989 64.78021521263169 70.05339008696059 64.03737265732538 66.33555519334958 66.5732379369969 65.15182318739322 66.6319917759558 64.61242349133664 65.79583085665554 62.71254122756627 60.341650325174925 60.61947432556069 76.06505630633262 61.538267662416885 66.56274134226429 62.954865752040696 58.5953944928295 53.887336499634685 60.69982472895236 52.931261498313305 65.68174827782352 69.76001000812064 64.23459183725424 63.48414487071135 56.038758344018895 62.5390035339113 58.84018551638163 65.16750364835937 64.09025705248416 58.28260107530781 70.23704266775411 71.70808087817997 68.50941583002633 62.95394247079911 57.82712356290171 60.15867847918654 58.15168549674196 53.75117180435381
BorossMihaly_HU16361_1 65.60876768502153 67.43757043840684 74.16462617839403 63.91771932060812 58.1598505341469 70.69007477315445 71.28261329652884 68.57129920411992 61.95381974869632 74.21677545799008 76.76104083094327 56.39049026848643 57.726773747658186 66.48722431145794 59.61546930163602 55.83019048099102 76.45741341523154 68.86196573973464 0.0 70.90546801299988 73.41939178832017 70.04098093728102 64.03706340888107 62.43528974121548 51.79866701719203 65.99423273538201 58.50746207294614 57.58327174740195 60.373917283396715 66.76412319883606 54.815225309768906 72.96160166816168 73.10246369257364 71.12273580039802 66.21203341032567 61.385158347611366 69.49191794381933 57.523889409625326 61.597253344133264 66.13128978818979 55.6666113060853 54.38640637002826 55.03055404552037 61.55563579426386 72.24398978558249 65.1690402114298 71.153295161799 60.39051093148296 59.198116392646035 73.82175337641746 54.55772679625629 54.45929351628463 55.28277024542525 58.67348404691405 61.33837476360515 57.30097625367219 67.8130978982994 65.77091360411923 62.13205663594441 53.21462744180296 68.71639671525848 74.48851359968496 75.30848790939223 59.976474398083106 66.86976945841066 71.5915219740851 70.06662249971299 65.02858703078539 70.89717090696507 55.167389995977466 52.830663797193225 53.1072024639604 67.63784227193615 68.11264492245294 55.93821544454286 58.01946989096531 65.83675602481098 72.63012973222692 77.72719434279678 63.35753652435683 68.13046804497345 67.23587951209166 70.85145889575293 66.97484342097208 52.97677409968518 58.91879184316909 76.692233091199 67.65475275480992 53.229907283180914 51.29164206930114 48.957578645332546 66.01342269702819 62.886812748906415 60.98274115299342 56.828642813665525 70.57574348386179 55.20915651558182 66.87798471373478 62.1876500348936 74.06036327122557
BrodySandor_HU00628_1 57.58868445817833 54.48198683521729 55.335582961653074 72.49726208383349 63.864878143734444 69.8909559521312 50.36717839851363 58.00231028273047 62.69911549227721 46.54954196003473 56.81438482422356 62.79092835953837 58.81528253530308 60.58097386998915 69.98388293420156 67.16225452903836 56.31296567043921 67.90496941549678 70.90546801299988 0.0 56.740933195847035 66.44551765216856 66.70919468572893 58.00331395806392 66.22572481057216 67.8480207133503 65.95134226279339 67.84953415655973 68.89048656439522 66.1788629855595 71.90288323201077 55.747072140953954 56.360398798595 62.807022656323014 61.56424309835922 54.953047515583705 55.09053447381646 64.20559174397272 64.75436790168067 65.3260958744209 66.36215691308163 67.31667201418585 67.31497395192179 73.47275001284056 62.19531827272972 63.087563336480585 46.95194855825902 66.02621126175741 63.594925137359056 48.634943526666156 66.78185524044308 76.5497599643406 70.64929362440068 68.30590400840742 74.98552192225371 67.12958760192198 66.90533306376443 64.10912522423195 71.37859288680659 71.99111967707613 64.23616470736853 62.59705878311332 54.69930392555609 62.44209344539083 59.44374486876195 56.58325047786768 56.592086257873 61.11246270130586 49.804954375868974 70.84311476312968 68.9754448099084 73.47093317819743 65.47066202891433 59.66906256439335 55.362747421916026 69.11886394667508 61.4299278318506 62.45366746017732 55.47925714357071 76.80943042324756 64.29095343850948 67.21329688093844 66.42068178118338 52.799416859292386 73.14514593241218 58.28827290660423 63.29030382004242 57.44409134368933 70.94845705574812 69.24116359332623 72.80423589573975 59.81985264117402 60.87837668721924 65.27803632403818 67.89512766491617 59.69342558774653 76.61729239251947 64.04684214771792 65.97533293934596 65.89593509485306
