"AguilarGrace_ENG18470Aguilar_1" "AinsworthWilliamHarrison_ENG18500Ainsworth_1" "AnsteyF_ENG18820Anstey_1" "ArlenMichael_ENG19201Arlen_1" "BaringGouldSabine_ENG18980BaringGould_1" "BarryWilliamFrancis_ENG18870Barry_1" "BellocLowndesMarie_ENG19121Belloc_1" "BensonEdwardFrederic_ENG18930Benson_1" "BensonStella_ENG19190Benson_1" "BlackmoreRichardDoddridge_ENG18640Blackmore_1" "BraddonMaryElizabeth_ENG18621Braddon_1" "BronteCharlotte_ENG18570Bronte_1" "BronteEmily_ENG18471Bronte_1" "BroughtonRhoda_ENG18830Broughton_1" "BroughtonRhoda_ENG18871Broughton_1" "BroughtonRhoda_ENG18901Broughton_1" "BuchanJohn_ENG19150Buchan_1" "CairdMona_ENG18941Caird_1" "CarrollLewis_ENG18652Carroll_1" "ChestertonGilbertKeith_ENG19080Chesterton_1" "CholmondeleyMary_ENG18973Cholmondeley_1" "CliveCarolineWigley_ENG18600Clive_1" "CollinsWilkie_ENG18760Collins_1" "ConradJoseph_ENG19170Conrad_1" "CraikDinahMarie_ENG18630Craik_1" "CrossVictoria_ENG18950Cross_1" "DickensCharles_ENG18481Dickens_1" "DickensCharles_ENG18530Dickens_1" "DickensCharles_ENG18540Dickens_1" "DisraeliBenjamin_ENG18440Disraeli_1" "DisraeliBenjamin_ENG18450Disraeli_1" "DisraeliBenjamin_ENG18800Disraeli_1" "DixonEllaHepworth_ENG18940Dixon_1" "DoyleArthurConan_ENG18900Doyle_1" "EliotGeorge_ENG18610Eliot_1" "EliotGeorge_ENG18660Eliot_1" "EliotGeorge_ENG18721Eliot_1" "ForsterEdwardMorgan_ENG19100Forster_1" "FowlerEllenThorneycroft_ENG19004Fowler_1" "GaskellElizabethCleghorn_ENG18482Gaskell_1" "GissingGeorge_ENG18911Gissing_1" "GlynElinor_ENG19001Glyn_1" "GriffithsMajorArthurGeorgeFrederick_ENG18961Griffiths_1" "GrossmithGeorge_ENG18920Grossmith_1" "HamiltonCicely_ENG19191Hamilton_1" "HardyThomas_ENG18860Hardy_1" "HarradenBeatrice_ENG18931Harraden_1" "HornungErnestWilliam_ENG19111Hornung_1" "JenkinsJohnEdward_ENG18702Jenkins_1" "JeromeJeromeK_ENG19011Jerome_1" "KavanaghJulia_ENG18552Kavanagh_1" "KingsleyCharles_ENG18510Kingsley_1" "LawrenceDavidHerbert_ENG19200Lawrence_1" "LeeVernon_ENG18840Lee_1" "LewisPercyWyndham_ENG19180Lewis_1" "LintonElizabethLynn_ENG18720Lynn_1" "LyallEdna_ENG18872Lyall_1" "LyttonEdwardBulwer_ENG18741Bulwer_1" "MacDonaldGeorge_ENG18953Macdonald_1" "MachenArthur_ENG19070Machen_1" "MaletLucas_ENG18960Malet_1" "MallockWilliamHurrell_ENG18770Mallock_1" "MasonAlfredEdwardWoodley_ENG19010Mason_1" "MorrisWilliam_ENG18972Morris_1" "NesbitEdith_ENG18890Nesbit_1" "NesbitEdith_ENG19020Nesbit_1" "NesbitEdith_ENG19060Nesbit_1" "OliphantLaurence_ENG18700Oliphant_1" "OliphantMargaret_ENG18661Oliphant_1" "Ouida_ENG18670Ouida_1" "Ouida_ENG18740Ouida_1" "Ouida_ENG18831Ouida_1" "PhillpottsEden_ENG18970Phillpots_1" "ReadeCharles_ENG18632Reade_1" "ReynoldsGeorgeWilliamMcArthur_ENG18460Reynolds_1" "SharpEvelyn_ENG18954Sharp_1" "SilberradUnaLucy_ENG19071Silberrad_1" "SinclairCatherine_ENG18410Sinclair_1" "SkeneFelicia_ENG18490Skene_1" "SteelFloraAnnie_ENG19005Steel_1" "StrettonHesba_ENG18641Stretton_1" "ThackerayWilliamMakepeace_ENG18480Thackeray_1" "TrollopeAnthony_ENG18551Trollope_1" "TrollopeAnthony_ENG18650Trollope_1" "TrollopeAnthony_ENG18742Trollope_1" "TrollopeFrancesMilton_ENG18400Trollope_1" "TupperMartinFarquhar_ENG18411Tupper_1" "WardHumphryMrs_ENG18880Ward_1" "WardHumphryMrs_ENG18951Ward_1" "WardHumphryMrs_ENG19091Ward_1" "WellsHerbertGeorge_ENG18952Wells_1" "WellsHerbertGeorge_ENG19090Wells_1" "WellsHerbertGeorge_ENG19120Wells_1" "WestRebecca_ENG19181West_1" "WhiteWilliamHale_ENG18850Rutherford_1" "WoolfVirginia_ENG19192Woolf_1" "YeatsWilliamButler_ENG18910Yeats_1" "YongeCharlotteMary_ENG18531Yonge_1" "YongeCharlotteMary_ENG18560Yonge_1" "YongeCharlotteMary_ENG18651Yonge_1"
"AguilarGrace_ENG18470Aguilar_1" 0 1.08090848767397 0.991228175256041 1.00512841137628 1.06532200335345 0.997421502416193 1.04733887039812 1.02096804967346 1.07580577919176 0.956394459486772 1.02854878401785 0.971503895026516 0.972937135362079 0.993058664286906 1.04011788367838 0.96736451258211 1.19614194245443 0.90890192651597 1.09998500628298 1.16069878405049 0.968445273163463 0.933144013911645 1.03265234686244 1.06049000389461 0.870916907520136 1.09220693129936 1.0100693558935 1.04564680730733 1.05667044429465 0.915092961780862 0.975143346037071 0.922059499097915 1.11890922182202 1.15324156389508 1.0289452189112 1.02179446757234 0.964184161087979 1.01590833901057 0.905649838176336 0.900119042267546 0.915560835052536 1.06586518541203 1.06113137930528 1.00248775759509 1.08445244486538 1.06904696747354 0.921691291595426 1.04625632222249 1.0208037469388 1.08836040079089 0.930726414905496 0.984044106802316 1.12852390150439 0.947504872381876 1.09724949122756 0.979331986907598 0.89577981229119 0.925278872100426 1.1235149561466 1.06830400338143 0.999911309523089 0.988019765034458 1.11349391424677 1.05202870828227 1.0314122193186 1.10183621729001 1.14198164069845 0.939034342027183 0.921131047914661 1.03762092106191 1.05554822037528 1.08464072557792 1.03551782973137 1.04735621786795 0.957566323535588 0.978100338719856 1.00213192877011 0.812202460617312 0.787749950031884 1.09822546656963 0.999465408161513 0.989678818187973 0.910380345734564 0.923663959007229 1.04431369750199 0.860900329821353 0.84905062444403 1.0460098486296 1.12705052567094 1.05002665837614 1.13775026837476 1.12080299944258 1.06308292596867 1.14408925973984 0.96252440691974 0.979127434102297 1.08952730218586 0.824606203171216 0.883939149167826 0.812688786884201
"AinsworthWilliamHarrison_ENG18500Ainsworth_1" 1.08090848767397 0 0.976602581554962 1.14810765513056 0.907254735198751 1.00338598900812 1.05318280986038 1.12705555062377 1.01073279517166 1.00522428016806 0.956390196306756 0.916645275629756 0.887267769413079 0.981668250879774 1.00769362564376 1.03223595455482 0.911012196200985 1.05129253915289 0.971524464525825 0.940904178121977 1.00699232370194 1.0558105389026 0.950696883137021 0.976085709544407 1.15390946531804 0.974139606510296 0.945559951108739 0.983003283047748 0.960074913102473 0.97237871140955 0.943169317563711 1.03668334691011 0.994637097698004 0.868356205956064 1.01133482710274 1.02091100134944 1.09350703236331 1.06903814542347 1.18451594362256 1.03830533940779 1.07248620748566 1.10517193829275 0.955897109778538 1.01081168124809 0.980537339671449 0.954597797410777 1.11935803203405 1.00570765293045 0.955535315123086 0.980544032309409 0.991394960709424 1.01992443244523 0.988116368492333 1.06346692559038 0.961420135278604 1.0985195094403 1.05418384423239 0.963318318538061 0.956786200433102 0.953052183824543 0.942469346539379 1.0710549846903 0.871386045472009 0.988704169369023 1.05801504900564 1.05141153651593 0.954235916232411 1.05289270606671 1.12195986917404 0.986588463571762 1.09732009702849 0.97462769629869 0.9817383580899 0.951251330960612 0.82251678874531 1.09529361466531 1.14589171672017 0.956592912048701 1.02840578810238 0.996002734361411 0.952443593189648 0.979409590395816 1.0416458266304 1.12232756964333 1.00924418905873 0.959646359284902 1.05048211643562 1.0131462313102 0.955253141039382 1.03741300763356 0.950915864588423 1.04343288227569 1.08506032972074 1.03241923301096 1.08241496253812 0.981276685562323 1.03079399001009 1.10850299450262 1.10640687574538 1.09479854138003
"AnsteyF_ENG18820Anstey_1" 0.991228175256041 0.976602581554962 0 1.04440229007087 1.07577414582773 1.05415704822633 0.982559612621985 0.937495910124089 1.03191466779292 0.98534473278605 1.01489576328874 1.04340198353478 0.992707602199794 1.03566924376629 1.03803776437206 1.00851249797635 0.948571329997928 1.03413301300367 0.947931543583519 1.01170823899253 1.05760258710252 0.976534958568484 1.00684249625348 0.941251839900754 1.0181695756396 1.07100657366439 0.982410052256153 0.967158869409045 0.957356329964193 1.0387844957707 1.04379649433445 1.02114257248859 1.04731671661679 0.95452694005001 0.970463567581212 0.959844470369017 0.949648133727936 0.999318592731408 1.01385712623648 1.00958964395086 0.965820995223602 0.976442361124527 0.910604085652877 0.931657424095436 1.05832439851535 1.01125443632347 0.971255256180482 0.838939659886189 1.02236613090262 0.949668722727352 1.05874959565187 1.01644255715051 1.04728431153078 1.04079290208307 0.970011163859114 1.04239031784965 1.0007008990851 1.04202023141046 1.09397137854336 1.06623042356161 1.02403419232248 1.0070693889363 1.05222462793433 1.08500745545187 0.961110150640942 0.982149939439246 0.978202192354895 0.938592415765093 0.964596296200965 1.10024575868846 1.1417080913698 1.17347199842065 1.07163984723643 0.960990495706772 1.03247942735904 0.926161601524925 0.943670414609813 1.04159240973299 1.09332662677158 1.01979214887703 1.01566217826211 1.04095289723236 0.974991984614687 0.956585177240781 1.01162230352153 0.932230326475302 1.0412271699325 1.04432073265434 1.02260743049362 1.03995697706664 1.02679735631326 1.02596477540235 1.02229552729033 1.08338521518649 1.03573941111754 1.04393279535876 1.06984301381106 0.940459236884275 0.870774908690403 0.957337210919534
"ArlenMichael_ENG19201Arlen_1" 1.00512841137628 1.14810765513056 1.04440229007087 0 1.11187057356302 1.03472861384011 0.958408168062851 0.934842483204102 0.940346639065459 0.977764205704214 1.01112538002937 1.04008790927733 1.08822667435572 1.0467877724632 0.99552684886512 1.0316552785337 0.956923779960036 1.03636998177961 1.03883576555474 0.992149482598354 0.96257419255186 1.05348284986528 1.0266189412467 0.997875447694256 0.958497765195051 0.997051009363145 1.09770697217448 1.04869617337758 1.0945371191562 1.03252911532516 1.06671683613507 1.00499370158679 0.970683007263639 1.0731037829283 1.04795024806888 1.04649174130079 1.03722730602384 0.943182922178036 0.849555157462606 1.05562571064759 0.974198873562165 0.926971768536559 1.0984291933569 0.989630672170238 1.02120293520526 1.05022973148494 0.907463139231012 0.982441663291092 1.11441730771172 0.921737742129035 1.04323234912822 0.972749007477321 1.00292444209989 0.950677731128834 1.00803431049086 0.989685345368895 0.914978979992756 1.00852774866662 1.01326044466979 0.998573122127004 1.05205885123749 0.972186464093102 1.0543837504593 1.05546628447946 0.988898416273512 0.949005100177539 1.01108720918599 1.00995052030581 0.991376035667827 0.996028170243287 0.931082049973331 0.97737787687111 1.05425459214661 1.09094049703187 1.09108510983028 0.950817376098363 0.95899138411943 1.02021061233146 1.05169448962364 1.01867420957847 1.05965880526761 1.04216620955587 1.03435607745373 0.979315378968403 1.01608294506212 1.08132168830505 1.02482420463622 0.992612460243701 1.07408138276422 1.01198568366632 1.00783403596773 0.917181952822885 0.948624339849625 0.934352913837576 0.944310336929048 1.04081065679068 0.903865323450851 1.03359837369406 1.05100088924636 1.06172339240494
"BaringGouldSabine_ENG18980BaringGould_1" 1.06532200335345 0.907254735198751 1.07577414582773 1.11187057356302 0 0.96562346665278 1.09772694216333 1.13300194006114 1.01561890709528 0.975597258723579 0.997298293907189 0.971521761751211 0.929779367336138 0.992539347022681 1.00150263644693 1.04540456312252 1.02210664841437 1.03046350802559 1.12366700616031 1.00199144570358 0.999961320497073 1.01945628950381 0.982562237278328 1.02563656746206 1.09712904600191 0.970700025406165 0.994923998043939 1.03455613797132 1.01511234870549 0.956430222981032 0.947337166214879 1.01340011714313 1.02554835830256 0.963425703495107 0.982695631553024 0.999000776041859 1.06035571952647 1.05389779536863 1.10642663166021 1.018806185728 1.12706487343266 1.07763082523735 0.975493086679396 1.10023847029229 0.931825289383468 0.977073578993367 1.12743892941301 1.07255159712133 0.925058428141031 1.12758735156352 0.995940579754513 0.981081305756792 1.00053373623757 1.08331819456841 1.01187476668311 0.976230417906249 1.10174173830239 0.935537465812427 0.881243498100511 0.967871979151464 1.00427309236537 1.0491717816738 0.90512360832109 0.839090651760159 1.07240227914863 1.04092397437884 1.04312069414319 1.02317923833823 1.14263421199305 0.876645275713999 0.959916031445512 0.840806569767983 0.90296809898939 0.92353444471513 0.883189479715846 1.074792481789 1.11062933645738 1.00238679763809 0.898963370000654 0.905080766350101 0.960481883042659 0.990411434302897 1.01817911359258 1.05942196227998 1.0062097207594 1.00899062774934 0.970764309502912 0.998179280238298 0.958031884375056 1.00676653247455 0.9750153795317 1.04847167413212 1.06130824561591 0.964273485017358 1.02162207917107 1.0618508467846 1.0360711854018 1.09837185372198 1.09338705415045 1.07686103664726
"BarryWilliamFrancis_ENG18870Barry_1" 0.997421502416193 1.00338598900812 1.05415704822633 1.03472861384011 0.96562346665278 0 1.0198086109051 1.04501092461833 1.0506338342703 1.02324280979657 0.999276554824262 0.972485783708586 0.962881597568821 0.974209742664074 1.02925564024875 0.983533691677378 1.06768207710799 0.97129355766184 1.07706778975219 1.05562653778265 0.956608871152753 0.957957610136726 0.949943772422218 1.01814443014551 1.02393734832123 1.01940162210558 0.991176723055662 1.03310132045022 1.03908378948066 0.965280411482905 0.984381613432676 0.982611634881764 1.04535714935917 1.03309566426879 1.00515008250846 0.995158804860893 0.998024952832511 1.00294934453128 1.02474844391402 0.974132033814541 1.02455923180847 1.08319078099311 1.01027704891592 1.04827794535983 0.987404001377837 0.98965205569119 1.00592343262464 1.00466637248726 1.00587708259115 1.07764561145493 1.00099477034963 0.984297302272283 1.03541167778216 1.01455848653444 1.02015686750687 0.996550459661175 1.03225438786898 0.937182927166077 0.940921604107608 0.993746836160972 1.02264359819667 0.996615542799831 0.96960974816237 0.9842009246593 1.01892490235763 1.08949642065842 1.07360565651235 0.989212990795971 1.04629469572263 0.966319051444563 1.01559912907683 0.946354105595038 0.979454706884587 1.00808927990122 0.995588985315131 1.01618920788727 1.02587896903907 0.955481778223784 0.947952008454158 1.00288002861902 0.99419351718637 1.03394300884314 1.01509705058255 1.01812197609337 1.05460062438109 0.99345871363572 1.01750027473878 0.99385325718821 1.04177508516896 1.01856459549048 1.02207266617729 1.06181209599452 1.04929487770507 1.03316740037067 0.971271278878049 0.988961474620529 1.01995570505431 0.979031125236245 0.990801300739908 1.00237147879049
"BellocLowndesMarie_ENG19121Belloc_1" 1.04733887039812 1.05318280986038 0.982559612621985 0.958408168062851 1.09772694216333 1.0198086109051 0 0.916699742197718 0.995098864468826 1.07442767699669 0.982828783547119 1.00119491667909 1.0441942746203 0.971851983890066 1.01908681324589 0.960936159854872 0.975275590059355 1.04585750429695 0.932171189745866 0.991091172926819 1.02307077069125 0.988073437270482 1.00575395965255 1.02438624227323 1.02066884017856 0.964959823743209 1.04835133882571 1.0251149608207 1.04220315131535 1.06979808536108 1.04675975292589 1.0271010075521 0.943286112279329 1.01393532960281 1.06160441312143 1.05899980726595 1.02784992350243 0.967789885395911 1.03622409273561 1.0552357572784 0.99685512310096 0.871932729000672 0.921790906054753 0.898801796828739 1.02173809053654 0.998721073567564 0.932429528126509 1.01260546426973 1.1191713770936 0.98631529290041 1.00110828036409 1.10952596064689 0.992882114129975 0.96657019197946 0.936122224560137 1.11428674955064 1.0022522058894 1.00384096469052 1.07815725923764 1.05702175321769 1.00100563000728 1.05261401997234 0.970568983797075 1.02457917679652 0.928843218438437 0.955328903087634 0.968629765108618 1.04820365896609 1.00469927008334 1.08757850800126 1.01473390454495 1.10962598174548 1.093344708999 1.02341516733706 1.02755481059986 0.963282894363535 0.915439748819988 1.04386463854611 1.09148646807308 1.02919838635823 1.05176101468292 1.00303183343764 1.03625996847789 0.960027135632382 1.0269136047038 1.06685237246268 1.08599432212801 1.0349190386369 0.993193640266719 0.930670263635673 1.03296846346092 1.03069666415476 1.01461639516148 0.983916844734802 1.08085008557809 0.966164754053013 0.973665593956814 0.995139094291383 1.00930363371173 1.02531846485988
"BensonEdwardFrederic_ENG18930Benson_1" 1.02096804967346 1.12705555062377 0.937495910124089 0.934842483204102 1.13300194006114 1.04501092461833 0.916699742197718 0 0.984023069073188 1.05588611669561 1.06141471399021 1.06241913202861 0.993798720048336 1.0241187014647 0.991896417675679 0.998433586920505 1.01386049093561 0.992796807146407 0.904742905660168 1.03399455977299 1.02970681375654 0.956176410271774 1.08047179161242 1.04402753372135 1.00498457767508 1.00300968924366 1.06203441536553 0.990670852370516 1.02704298223759 1.06582325567795 1.05290529794357 0.999777234044056 0.998242382064261 1.05999806129623 1.02075965011459 1.00314245428517 0.921834878934371 0.877716605285564 0.879291520389605 1.03783317019772 0.932307003241096 0.810380915680353 0.987677006908189 0.853581890584248 1.12348691287094 1.02524506819516 0.886509138378408 0.99804728541024 1.0615980004339 0.893538577394874 1.03390376053124 1.07284120522384 0.964890590791174 0.948728259769036 0.973026462774682 1.04542919159558 0.979772182348152 1.09663537040809 1.10368719683717 1.14593075474457 0.990987956122274 0.970162853559927 1.0909799876444 1.0833075270796 0.933853248019127 0.88181214136468 0.961803950199444 0.927023244758438 0.907383215875078 1.13888715516562 1.0331973605745 1.19917694880143 1.12592911931495 1.03811185939486 1.10565439320833 0.799371450261612 0.875342419086059 1.11942071030388 1.125051853967 1.06915131626309 1.06690927263294 1.04293468500324 1.01077849150765 0.893644098581721 1.00422151587467 1.03580537975161 1.11805102589469 1.07320538253558 1.08102988316544 0.989341609087589 1.1212267632719 0.990055569577101 0.973000482176181 1.00920847631607 1.06223456007682 0.982998135089824 1.03397001555514 0.913626172908529 0.904838770315408 0.94037527538127
"BensonStella_ENG19190Benson_1" 1.07580577919176 1.01073279517166 1.03191466779292 0.940346639065459 1.01561890709528 1.0506338342703 0.995098864468826 0.984023069073188 0 1.01538599111233 1.02697498729679 1.04003168520478 1.04866211802188 0.988847130816709 1.01484936257111 1.00363986625591 0.952655892156339 1.00923282438171 0.933165266871604 0.913284033279767 1.002238756565 1.08035814706902 1.03247756520407 0.980145192420902 1.03085278039533 0.983862868507601 1.05960416405963 1.03630005809035 1.04714949103705 1.03985017762128 0.993493486996967 1.02881364675341 0.950361911619881 1.00665927597784 1.0726915645232 1.09324483012604 1.07517160602163 0.99688129665109 0.998688509781821 1.05902602670622 1.04333777159728 0.95111095774675 1.0387026368039 0.989699109300174 0.987115422301621 1.02828850845342 0.998816624358333 0.985319756446719 1.01077816421771 0.984487611658719 0.986155913191901 1.02501714072457 0.974097872885048 0.975898122427261 0.992612087062073 1.04972502927682 1.02470556713921 1.08155387836096 0.973636344776462 0.931080520488508 0.971025026140576 0.985467047762374 1.0204981063052 1.04346388991087 1.02142103710393 0.934150233431174 0.933866156196783 1.04642473794129 1.03027230930208 1.00392279099932 0.926673912031429 0.941033163095531 0.964480292683174 1.0136135079521 1.05072309787676 1.0124577198464 1.0120491136204 1.04621100805415 1.0772549477318 0.99556146613364 1.01183772998253 1.06811254181354 1.0822529587818 1.10620965542229 1.03557724496765 1.09106845957179 1.05555696948105 1.02601988811413 0.995919109089677 1.02280157092166 0.940096163660779 0.943293341695223 0.958767064361254 0.958338487073042 1.03175395535962 1.01452664282082 0.927454686575231 1.06363377289492 1.0437127923139 1.06451229549068
"BlackmoreRichardDoddridge_ENG18640Blackmore_1" 0.956394459486772 1.00522428016806 0.98534473278605 0.977764205704214 0.975597258723579 1.02324280979657 1.07442767699669 1.05588611669561 1.01538599111233 0 0.999788615489422 1.02945913597547 0.984300274183288 1.00233549142058 0.978929474806678 1.01411332624913 0.994566301762931 1.04398757379691 1.02823168249014 1.05572607027153 1.04571202921034 1.01979209742881 1.02321351303291 1.0412159109774 0.974989509973376 1.04397015665799 1.00472925891072 1.00332114618235 0.972103908679955 1.05486594901371 1.04551433664005 1.07521861560688 1.03225247300979 0.968059928998594 1.01125008823404 1.04727987317107 1.07252309672405 1.01694057831747 0.96825611981048 0.940411962275774 1.03692985322901 0.988678440008355 1.00288216949519 1.01040760290407 1.05425579005098 1.04292524535931 1.03041533274083 1.01294406488703 1.02553341740219 1.03347039998852 0.953925627670365 0.95945197171461 1.03459867993522 1.04987460839875 1.08089901170766 1.00083884376977 1.03602672200844 1.02514209158739 0.92023128130264 1.01164496420813 1.01021897398716 1.04176144476282 1.01010104218798 0.928537854978982 1.02158576066775 0.96941309406114 1.00692380565918 1.04787785132798 1.02625088427231 0.940773600303777 0.921434974189032 0.951642584960267 0.943929287318844 0.917369343641979 1.01642219559528 1.00685842274201 1.01439735721363 0.997419386651623 1.01150465432276 1.0249723079636 0.94262743276378 1.03411901771071 1.01609035355378 1.05083721653494 1.03150578927762 0.974715410399857 0.894578182686544 1.03807753678159 0.982204965384528 1.05602625748781 0.993753548778943 1.01022702228706 1.0593797859252 1.00414253626913 1.0208840997472 1.11783583286431 1.03144932045001 1.008153363094 1.00154003017801 0.973522054892116
"BraddonMaryElizabeth_ENG18621Braddon_1" 1.02854878401785 0.956390196306756 1.01489576328874 1.01112538002937 0.997298293907189 0.999276554824262 0.982828783547119 1.06141471399021 1.02697498729679 0.999788615489422 0 1.02722415475697 0.981231854760479 0.982364315581735 0.942718627787977 1.00264666511688 0.952471838613253 1.06203222443012 1.05869983494704 1.01116879447053 0.975282805331812 0.991958598882623 0.902872653600401 1.04532040111631 1.00030907930523 1.01440215665034 0.947199909687473 0.915752342385821 0.959158162991141 1.03819330651181 1.02995432775603 1.04281376657376 0.975631133832005 0.971496166501042 1.03533017425664 1.05206007890312 1.05279115834122 1.05895552768299 1.07691370499506 0.991874840960039 1.01231343600226 1.0325878590985 0.991905432175416 0.994670733391294 1.0140350913508 1.01299269080793 1.03025293025144 1.02904019224377 1.03266025005859 1.01047204362031 0.989548741931278 1.05992047180761 1.05522877693612 1.01530965464131 1.06991758818572 1.09453025409684 1.03399174172708 1.01246392588526 1.01576170609514 0.992551795540006 1.01341388331958 1.11409874723299 0.909742884772979 1.03770229253918 1.0086497054213 0.99342040871003 1.01969188903561 1.03487794810869 1.0591514188968 1.00461348713687 0.97848252560035 0.983037549347069 0.993203131236251 0.988109612119184 0.918775248132289 1.0210032321946 1.06053169779995 1.01300921426675 1.03776366749745 1.05999961816225 0.975995039247457 0.872954339212473 1.04476147565175 0.980967164332283 1.03037122560081 0.97431821025258 0.998982306576632 0.967846896001379 1.00556366371476 0.999225604882219 1.00709866962866 1.01224444487623 1.04643636626664 0.977821078179832 1.03288844204522 0.996548208188226 0.982520223739647 1.04923815768479 1.04818534395775 1.04961952137773
"BronteCharlotte_ENG18570Bronte_1" 0.971503895026516 0.916645275629756 1.04340198353478 1.04008790927733 0.971521761751211 0.972485783708586 1.00119491667909 1.06241913202861 1.04003168520478 1.02945913597547 1.02722415475697 0 0.925933139791439 0.972978351021582 1.0338674629761 0.994793078774161 0.99955167625188 1.0001847587678 1.03232461325808 1.04114826597486 1.00735029951168 0.993748689406834 0.951993064991988 0.991105177255791 1.05341588925848 0.913714415634829 1.00940415161553 1.02855313857474 1.02436011256469 0.875455610772453 0.939141532787853 0.971556707837623 0.998129937750764 1.01366265370385 1.04487027654453 0.983559661158085 1.02328889357243 1.07838032184154 1.06632938313723 1.04327583660352 1.00569810039803 1.09660361912954 0.957418228816574 1.02142130237685 0.971893480848691 0.972551140761206 1.02755242721834 1.03312178377053 0.989226116493357 1.04713611151563 0.981152887458161 1.04838910934177 1.02155300320438 1.01580783821734 0.967490564849786 1.05515591248022 0.983746202884448 0.906495424810061 0.986780156604313 0.978919256628166 0.977758274107907 0.999967827515938 1.01918738540983 1.02633295511874 1.06582435285825 1.04822139422046 1.09160439609204 0.984066006469786 1.04708300308039 0.966910437082421 1.05354052253436 0.999585507097791 1.0139337634038 1.03892829666425 0.896992733608585 1.0834472751133 1.05973794564596 0.930681598222245 0.952678481884455 1.04007763262199 1.02973686591888 1.01998737359627 1.0113104220506 1.08290352386463 1.04484420979435 0.996504908791991 1.02799792499399 0.983564462698479 1.03648665576347 0.985646917638709 0.984030972746183 1.02160540696735 1.03732488853206 1.03512306893396 0.998680657208048 0.952326776990947 1.05000026329788 1.04858456129777 1.06875676266496 1.05685562580467
"BronteEmily_ENG18471Bronte_1" 0.972937135362079 0.887267769413079 0.992707602199794 1.08822667435572 0.929779367336138 0.962881597568821 1.0441942746203 0.993798720048336 1.04866211802188 0.984300274183288 0.981231854760479 0.925933139791439 0 0.97371754086801 0.951546624259234 0.996079426082912 0.990442473447013 1.04346488276502 1.00278297135541 1.06801548936567 0.999540889312424 0.957115560470212 0.980676371983474 1.02466427751744 1.02187647797155 0.99388873057267 0.969474589741679 0.98106568584319 1.01075052225236 1.07702840869774 1.04604089403169 1.07885946274932 1.06653669895843 0.995409203273573 0.990253232997693 1.05316029465787 1.03756783622527 1.01507423101599 1.05957756614807 0.948163149528391 1.02799115021994 1.00496378868822 0.996503175879798 0.956997790618864 1.00475326468447 0.980731069285882 1.01814043264568 1.00474732748726 1.03409471306134 1.0289738871167 0.961349021575625 1.04569165197145 1.01698526076181 1.04594773091494 1.02955374039486 1.07242260939882 1.05591413343747 1.05129965765139 0.925650340011069 1.0321860819338 1.01692979931483 1.10387716548724 0.917482446460519 0.953500600429876 1.03047389438643 0.991885071470545 1.06755641847972 1.05016803751903 1.11149160412866 1.01949412720977 1.03425749181424 1.02177349173179 1.00632729883902 0.946265446130525 0.925954457216252 0.987935484627721 1.04460323732166 0.974626838372242 1.02406581575058 1.04346719325605 0.901674028784588 1.03596594560301 1.02197635440453 0.993986597669458 0.986793070260947 0.94755920554298 1.01402944025562 1.0443318394426 0.944993965456008 1.06271051717306 1.05617618215398 1.08985005074821 1.09513258281209 0.984092642141 1.05619885035451 1.05677134791749 1.02486361833247 0.950640645586265 0.97984530390557 1.00322189796131
"BroughtonRhoda_ENG18830Broughton_1" 0.993058664286906 0.981668250879774 1.03566924376629 1.0467877724632 0.992539347022681 0.974209742664074 0.971851983890066 1.0241187014647 0.988847130816709 1.00233549142058 0.982364315581735 0.972978351021582 0.97371754086801 0 0.836326250405393 0.766225178450424 1.04307035802681 1.01244446838519 0.973473868186598 0.999324840931948 0.992839185735629 0.979618108154798 1.00651763076003 0.972062435969324 1.01707592179886 0.946140837228415 1.01095719728629 1.01783439040484 1.01624027010822 1.04723261823142 1.04829202424146 1.08771539814793 1.0048327015863 0.979685787204269 1.05101782912868 1.05442812274315 1.04258807466437 1.01354480355142 1.08926951569452 0.999109625481742 0.983737024705024 1.02779317442138 0.964961301327847 1.04920085447718 0.976741916892244 1.01490145184605 0.990634380700505 0.973698628150922 1.06751248451667 1.05987444711898 0.99354685456051 1.0323342515809 1.00017874061132 1.06064672784355 1.02407096311089 1.10409915740409 1.04549183217674 1.03054276755004 0.96203501940929 1.04427357199108 0.993669488090194 1.03628080221012 0.936289879561409 0.991616269911093 1.00267293986858 1.0304681848246 1.05803695153347 1.04107941753484 1.04851863983657 0.978134642290499 0.996433813351953 0.970638417755313 1.01814434437984 1.02784741161989 1.01062888589901 1.02023749060251 1.00201918780533 1.01259396699646 1.01904244427697 0.96429324762917 0.998655262903678 1.09109010352943 1.05445986059277 1.0241228142061 1.02667776601782 1.00158628277537 1.0125782777701 0.99525219010156 0.993127646508695 0.991327758195429 1.02169346967919 1.05786310632127 1.05243205652601 1.00132885206354 1.07815487785807 0.96754840592213 1.03410327934887 1.00637778886124 1.0224931811233 1.01394237291182
"BroughtonRhoda_ENG18871Broughton_1" 1.04011788367838 1.00769362564376 1.03803776437206 0.99552684886512 1.00150263644693 1.02925564024875 1.01908681324589 0.991896417675679 1.01484936257111 0.978929474806678 0.942718627787977 1.0338674629761 0.951546624259234 0.836326250405393 0 0.852939903487492 1.0234222406646 1.03995470420425 0.995304405357136 0.977328884903 1.0030550643291 1.02382001878087 1.05776754066811 0.992469510777767 0.97693711490198 0.936637907150284 0.981936775041793 0.998645022856447 0.997864586180833 1.08809189724288 1.05005059452704 1.09434252657128 0.971983677766676 0.991820349166596 1.02051422844025 1.03660156626822 1.03289436749461 1.04156774062258 1.03893859240205 1.02456512758495 1.03228515236656 1.00191275604335 1.04547719045526 1.0252026896885 1.02000641802275 1.05410453629019 0.994712900209952 1.05193366577418 1.04140975304693 1.02706161332159 1.01405654923887 0.992556552469761 0.966680849772961 0.979621131572049 1.04807038473795 1.06504744047529 1.02629012410258 1.0579435544064 0.971543936259314 1.03234781572781 0.981560797917201 1.06165569714542 0.982561204417676 1.00182649870307 1.0125375486886 0.976504580830572 1.01914735577657 1.05126001940416 1.03854947714704 0.973053580224742 0.922353950307551 0.951167656645395 1.00828022550977 1.0045466497349 1.05036331884204 0.976820046954744 1.05067652297256 1.00930841318055 1.08533425531378 1.00730231848956 0.957532791712579 1.00000389093523 1.02106339560558 1.02532036074099 1.03386011029836 1.01135151056612 1.00229075126296 0.986860587382761 0.957737007605919 0.998780091167395 1.01200087502231 1.03184241269403 1.05381872371602 0.961553870752606 1.05494342484017 1.04212902696839 0.980924018132103 1.0391850308493 1.00955975277756 1.01811766175146
"BroughtonRhoda_ENG18901Broughton_1" 0.96736451258211 1.03223595455482 1.00851249797635 1.0316552785337 1.04540456312252 0.983533691677378 0.960936159854872 0.998433586920505 1.00363986625591 1.01411332624913 1.00264666511688 0.994793078774161 0.996079426082912 0.766225178450424 0.852939903487492 0 1.0467446229071 1.00440077839579 0.973876393993887 1.00012988121946 0.974693810704298 0.99558717081839 1.01777657840941 0.96197980317677 0.989337494874418 0.947394224184627 0.9717774227914 1.02743815167232 1.01680827113329 1.0504073834529 1.05536454489761 1.07552436893335 1.01139136489144 0.993533385695748 1.01835548360565 1.03010522960637 1.01424317780481 1.04144649923998 1.04168917670904 0.998716620917731 0.995763291345719 1.00546456983987 0.982942488931419 1.02211733656115 1.00228839933703 0.988306031148819 1.02535613145593 0.966092704278884 1.08673727640665 1.08214205209705 1.008743009895 1.05683413900205 1.01044141677534 1.03987492673232 0.990567389547895 1.11205518948664 1.02234637439166 1.03810232001983 0.997500748882385 1.03099220050363 0.9735678765889 1.02816926844458 0.98824613049377 1.02905520881884 0.991757982696811 1.02480144716981 1.0456142845817 1.00294648334337 1.00176258798944 0.996514563999571 1.00112043586629 0.9898391922995 1.0155726812463 1.03409592600062 1.0431768342664 1.00490349570301 0.992506836299856 1.00010969595524 1.02074059126661 0.957368048767375 1.02606914750106 1.07788717243889 1.03342117092094 1.01197988678057 1.03058437225364 0.994237360680274 1.04157471385947 0.999451135640123 1.00679930836492 0.987031324802689 0.993352471317678 1.05460923899576 1.02602110755706 1.00609584859826 1.02941723489949 0.976767889516963 1.03128581385234 0.986390512384947 1.02284795554885 1.01596504170144
"BuchanJohn_ENG19150Buchan_1" 1.19614194245443 0.911012196200985 0.948571329997928 0.956923779960036 1.02210664841437 1.06768207710799 0.975275590059355 1.01386049093561 0.952655892156339 0.994566301762931 0.952471838613253 0.99955167625188 0.990442473447013 1.04307035802681 1.0234222406646 1.0467446229071 0 1.12794675245776 0.971107104838256 0.892793739938263 1.11218466008137 1.11411696736117 0.995286452147867 0.887272770912266 1.09409856888539 0.976323119818209 1.03487789705746 1.00229579751258 1.01963409257609 1.11143943637117 1.05422651862409 1.12798404597946 0.948011381991059 0.881663909718653 0.984763723127472 1.02001978511703 1.08536056142403 1.00269004247414 1.13290766918022 1.02320422904607 1.05378925821627 0.894769140114846 0.991454506393767 0.925871674116413 0.911422374893851 0.9634096104777 1.08166228314102 0.914995458264808 1.04059921412747 0.825632580743767 1.06588495020713 1.02574244952917 1.00990007786726 1.10528253761746 0.956576567431281 1.07946752981432 1.02901981315086 1.11130986737169 0.95302264621551 0.914025215842458 1.07027569478309 1.15715768737922 0.887639286260155 0.945966117615822 0.97712411919748 0.909063240587674 0.927206904228653 1.0913253260184 1.13375006909273 1.02024909625706 0.991785411751317 1.04448184269206 0.960066559695514 0.940763937331618 1.05080807153187 1.05844602004914 1.00259911856367 1.15454786854255 1.21546713054776 0.932394680022885 0.944451982525219 1.01065027604071 1.09744090822843 1.07883807045741 0.96351144808652 1.09025891677532 1.07050883349236 1.01159458313796 0.889297277803838 1.03212636481156 0.85691478340157 0.858459389055111 0.968805966436958 0.934901036674318 1.06312482040682 1.06921000424999 0.941605276134171 1.0906798487252 1.07924633250063 1.13142029066708
"CairdMona_ENG18941Caird_1" 0.90890192651597 1.05129253915289 1.03413301300367 1.03636998177961 1.03046350802559 0.97129355766184 1.04585750429695 0.992796807146407 1.00923282438171 1.04398757379691 1.06203222443012 1.0001847587678 1.04346488276502 1.01244446838519 1.03995470420425 1.00440077839579 1.12794675245776 0 1.07246554124332 1.04550694272147 0.973965160476986 1.0139364917819 1.02630594881422 1.02643716697401 0.99627846335757 1.00526494116092 1.04167205375173 1.06596668936854 1.04051670044976 0.929505016019101 0.978972591598089 0.932470898041943 1.04809319481309 1.07860773835395 1.01366491132153 0.969932570451692 0.946916835209679 0.990501828751312 0.881272585613847 1.02431465109735 0.956011918718085 1.11651587035484 1.02508019969388 1.08644430915729 1.03032422839265 1.04763143698472 0.98379537155732 1.07118573054538 0.933048738327263 1.03532246439194 1.03499895018561 0.984713770438564 0.991832842409016 0.912345308978564 0.97494909886987 0.91696587927531 0.934158568481632 0.933297761042313 1.05448437823893 0.993939498763456 0.934470342737154 0.899550905000069 1.13931770297445 1.11235261195932 1.01774346073165 1.07679121580829 1.07344094068713 0.91833887283606 0.933381809312854 1.01864627217186 1.03523307202062 0.988972417278201 1.02238036562703 1.09057586973724 0.987673193645313 0.961855769740848 1.00997035485503 0.926356797260522 0.888823995386684 1.02451819308731 1.08736886538491 1.05923883322995 1.004741607199 1.04981266159976 1.07263823093875 0.996089635151854 0.998759119274041 0.95934521436599 1.09415196190116 0.988186941563948 0.993507054878681 0.995190675053863 0.958388566889283 1.06201336803206 0.927732218599693 0.962155754892138 1.02431783992095 0.99192150270858 1.00896903692164 0.973059164227964
"CarrollLewis_ENG18652Carroll_1" 1.09998500628298 0.971524464525825 0.947931543583519 1.03883576555474 1.12366700616031 1.07706778975219 0.932171189745866 0.904742905660168 0.933165266871604 1.02823168249014 1.05869983494704 1.03232461325808 1.00278297135541 0.973473868186598 0.995304405357136 0.973876393993887 0.971107104838256 1.07246554124332 0 0.955814183544326 1.07570978962586 0.990057207132409 1.04212146242365 0.91292206176409 1.01867351100921 0.989951451218111 1.01616995283691 0.999092121426079 0.971804361397006 1.17111553621678 1.09097471864601 1.14498626313547 0.96958654645852 0.999395602723436 1.04002741163345 1.11200530734028 1.08178648543474 0.970544872381312 1.03772516912721 1.00273596263646 1.0368811210112 0.845654932029108 0.971068351841076 0.935799837596761 1.04440721790975 1.03109893577569 0.984774948774085 1.0018523444448 1.10931540875548 0.784168267459881 1.01992233221551 1.02636734257647 0.909226519075005 0.988197182005933 0.961681804359595 1.11801904270902 1.00525810386078 1.18239210611779 0.964495512544226 1.0787321927133 1.02139626108718 0.997246961562387 1.00321511404972 1.0087006201807 1.00366389148038 0.908614792359233 0.724040165969801 1.06807006062255 0.99525826761352 1.10848073840683 0.988058075831761 1.112757152823 1.06361770483915 0.967245216881052 1.13806638422358 0.952393645641493 0.939804341643113 1.11115800823323 1.2300678239074 1.03367935864446 1.01997257783845 1.08443139851908 1.11635572386825 1.0270010538399 0.962027710778763 1.04834013316095 1.09042780388332 1.05997808104738 0.978464777073594 1.02357455016891 0.935788670760662 0.964891255131628 0.995332829817665 1.0098566148268 1.13909884960518 0.926195949672844 0.992773113165368 0.966677364751125 0.956989971619803 0.993512062721592
"ChestertonGilbertKeith_ENG19080Chesterton_1" 1.16069878405049 0.940904178121977 1.01170823899253 0.992149482598354 1.00199144570358 1.05562653778265 0.991091172926819 1.03399455977299 0.913284033279767 1.05572607027153 1.01116879447053 1.04114826597486 1.06801548936567 0.999324840931948 0.977328884903 1.00012988121946 0.892793739938263 1.04550694272147 0.955814183544326 0 1.04900959399004 1.07177375499774 1.06786417554508 0.941264300228883 1.09832662751463 0.898895572082576 1.03238920640129 1.05082856319766 1.02198759490514 1.06264392147783 1.0398680270397 1.09482770776637 0.956015888334449 0.917643332708362 1.04021448709552 1.02816695486697 1.07110581423506 1.02465259029197 1.08339720206109 1.12873132340255 1.12311700926134 0.985819154639071 0.985463844925346 1.01352426768328 0.890466409348698 1.00952218737868 1.11685409222554 0.943287998401561 1.02883646817138 0.999155421150458 1.06214676055437 0.988372481166506 0.852597139752998 1.00624192045088 0.933648346869348 1.00887873127562 1.08286072558734 1.04636704422518 0.942871101722416 0.880809600612812 0.952441465241815 0.956544773957997 0.923051709383509 1.01332677841782 1.05891367844609 0.966957539841475 0.903666195898853 1.08709020272197 1.08736583041231 0.932900736033405 0.980228127111858 0.925878822658117 0.975904662277359 1.00765999403647 1.06431119131337 1.08164652789154 1.06880693317372 1.06010730060659 1.14042368012907 0.888750800404552 1.01226464542798 1.08158954752819 1.07547215129099 1.10052919176649 0.976760017170355 1.1577086583241 1.07429978902338 0.98605941459505 0.963196799197596 0.984806319359777 0.824914043842704 0.909624863167068 0.9516498792304 0.898038955789521 1.02942468907988 0.995054275713898 0.968471717831926 1.14837665262457 1.10478897203208 1.16730564751796
