 ArnimBettinavon_DEU015_1 ArnimBettinavon_DEU022_1 AstonLouise_DEU010_1 AstonLouise_DEU012_1 AuerbachBerthold_DEU002_1 AuerbachBerthold_DEU008_1 AuerbachBerthold_DEU013_1 BahrHermann_DEU055_1 BallHugo_DEU095_1 BleibtreuKarl_DEU061_1 BoyEdIda_DEU074_1 BraunLily_DEU082_1 ChristenAda_DEU064_1 ChristLena_DEU093_1 ChristLena_DEU099_1 ConradiHermann_DEU056_1 DahnFelix_DEU044_1 DohmHedwig_DEU057_1 DohmHedwig_DEU063_1 DohmHedwig_DEU073_1 EbnerEschenbachMarievon_DEU027_1 EbnerEschenbachMarievon_DEU058_1 EbnerEschenbachMarievon_DEU100_1 EssigHermann_DEU078_1 FontaneTheodor_DEU035_1 FontaneTheodor_DEU046_1 FontaneTheodor_DEU051_1 FontaneTheodor_DEU053_1 FontaneTheodor_DEU059_1 FontaneTheodor_DEU066_1 FontaneTheodor_DEU070_1 FontaneTheodor_DEU071_1 FontaneTheodor_DEU088_1 FranooisLouisevon_DEU028_1 FranooisLouisevon_DEU033_1 FranooisLouisevon_DEU047_1 FreytagGustav_DEU011_1 FreytagGustav_DEU030_1 FreytagGustav_DEU048_1 GanghoferLudwig_DEU067_1 GanghoferLudwig_DEU085_1 GerstnckerFriedrich_DEU016_1 GutzkowKarl_DEU024_1 HahnHahnIdaGrnfinvon_DEU020_1 HeykingElisabethvon_DEU087_1 JanitschekMaria_DEU060_1 JanitschekMaria_DEU075_1 KellerGottfried_DEU036_1 KeyserlingEduardvon_DEU080_1 KeyserlingEduardvon_DEU097_1 KretzerMax_DEU069_1 KrnbergerFerdinand_DEU025_1 KurzHermann_DEU005_1 LewaldFanny_DEU021_1 MarlittEugenie_DEU037_1 MarlittEugenie_DEU040_1 MarlittEugenie_DEU041_1 MayKarl_DEU054_1 MayKarl_DEU081_1 MayKarl_DEU084_1 MeyerConradFerdinand_DEU032_1 MeyrinkGustav_DEU096_1 MeysenbugMalwidaFreiinvon_DEU086_1 MllhausenBalduin_DEU042_1 OttoLouise_DEU004_1 PolenzWilhelmvon_DEU062_1 RaabeWilhelm_DEU029_1 RaabeWilhelm_DEU031_1 RaabeWilhelm_DEU038_1 RaabeWilhelm_DEU049_1 RaabeWilhelm_DEU050_1 RaabeWilhelm_DEU072_1 ReventlowFranziskaGrnfinzu_DEU077_1 ReventlowFranziskaGrnfinzu_DEU090_1 ReventlowFranziskaGrnfinzu_DEU098_1 RilkeRainerMaria_DEU079_1 RuppiusOtto_DEU003_1 RuppiusOtto_DEU009_1 SackGustav_DEU083_1 SchnitzlerArthur_DEU091_1 SchnitzlerArthur_DEU094_1 SchopenhauerAdele_DEU018_1 SpielhagenFriedrich_DEU039_1 SpielhagenFriedrich_DEU043_1 SpielhagenFriedrich_DEU065_1 SpittelerCarl_DEU068_1 SpyriJohanna_DEU052_1 StifterAdalbert_DEU007_1 StifterAdalbert_DEU017_1 StifterAdalbert_DEU019_1 StifterAdalbert_DEU023_1 StifterAdalbert_DEU045_1 SudermannHermann_DEU092_1 TieckLudwig_DEU014_1 VischerFriedrichTheodor_DEU026_1 VischerFriedrichTheodor_DEU034_1 WassermannJakob_DEU076_1 WeerthGeorg_DEU006_1 WilleBruno_DEU089_1 WillkommErnstAdolf_DEU001_1
ArnimBettinavon_DEU015_1 0.0 1.891442241753023 3.1629623225808006 3.222155979780421 2.890471379470319 2.745334563173744 2.568742768699456 2.742035955510286 3.24202051706754 3.1444455090619 3.19435025184718 3.38754087502533 3.10963535537527 3.1848982823651104 3.075750753538474 3.1273524614424124 3.214124900526833 2.860584081607613 2.9996834308660407 2.785150644188769 3.3034755882793405 3.11853710176338 3.0648548062166103 2.932407598744607 3.2729016508489397 2.830202052714012 3.1419562440659203 3.0695721834805987 2.940547286430588 2.9662517549543157 3.141900653858772 3.2092215619692297 2.6363762085767797 3.3504037969144695 3.32179626953224 3.26729745651527 3.109251483169319 3.133653426303149 3.016767374994635 3.17314423384507 3.228997293172894 3.3021644157440604 3.3140743506670702 2.646809867349826 2.9929326346419027 3.0284636413430044 2.972323960294206 3.11414798854368 3.09017849432192 3.0396122101766982 3.23800286546858 3.15382740888385 2.729957710760301 2.871388382250335 3.25661315556762 3.34164466399232 3.35852343452836 2.562145023593508 2.731180702603922 2.7638422102822537 3.40181172016498 2.872551330484296 3.0126298956260147 3.1809590821024596 2.914401054889625 3.19487387270423 3.023750565629617 3.1667524571798795 3.25751573068864 3.3516037114510606 3.2060887625450905 3.1922884906707627 2.59140154247748 2.702179123358266 2.782532906893311 2.579776433439556 3.23759263425967 3.19960553083496 2.881861170833586 3.27954160171021 3.11334410080506 3.21446713155219 3.07098348677097 3.0190901468273124 3.105088725342042 3.17862664962908 2.833883194600239 2.933850374982353 2.94764383475593 2.919817782431659 2.770994637512068 3.1383321028535205 2.695711087818776 3.020927674785729 2.894275037063759 3.1455769509743225 3.017058782191504 3.14455258005097 2.881888921520944 3.31820383430661
ArnimBettinavon_DEU022_1 1.891442241753023 0.0 3.14699136533472 3.191965316223389 2.8745648491316613 2.7777174015601314 2.609913345218309 2.8177874221378767 3.3478290250252103 3.1614957141070867 3.19617846665862 3.4863772018570103 3.16980155579809 3.1989431331155287 3.1585788123235403 3.076520954788654 3.248044295157347 2.816206622153606 3.0169201765728246 2.814510743720956 3.3002079524973906 3.0614002996733003 3.088773412301993 2.998118375633836 3.27843030638296 3.000359337322387 3.1714864942656105 3.0438270091610424 2.9737744529960097 2.93566017922626 3.10485641636813 3.2092459777031097 2.683053769559246 3.2792231119027546 3.28856657229034 3.34101811747073 3.13786902158693 3.1042414484410106 3.14601794309875 3.3445951294168097 3.4377886275218197 3.2971491267184696 3.2495985650935704 2.684795887060308 2.828769957057603 3.0569450448518376 2.9988826851205728 3.07501183568671 3.23409818952485 3.12233667395998 3.168261815687 3.1225872870847398 2.7132009368485663 2.726598942184285 3.23839924580425 3.28214980013996 3.3315492165247704 2.566942887765559 2.669572975763246 2.7560057411269296 3.4042620596187403 2.978599609719015 2.954191794219727 3.1144998581694168 2.89032867110313 3.1581079723300496 2.871535796198375 3.012444753348371 3.22738973205616 3.240476976785256 3.124000226033149 3.114905685822671 2.6002875400613337 2.5249320061197107 2.750728161126482 2.624660617183272 3.1935311093040597 3.1256913935007398 2.9201976434384562 3.2813924044390803 3.12757728114315 3.0856988410726 2.966588960805539 2.9374924552616744 2.949467367529067 3.30554287963475 2.903266462315054 2.8668299162757687 2.965087914904603 2.821477829962935 2.719909656061768 3.21840192544681 2.850884226852571 2.9717274378075658 2.8921108463777943 3.17958375860087 3.1481878428968995 3.022451380082967 2.970748599999461 3.231410428457694
AstonLouise_DEU010_1 3.1629623225808006 3.14699136533472 0.0 2.690921428289289 3.2231056162524103 3.2477649873812595 3.31085707999007 3.19171801142432 3.1951899730933997 2.9762313499253903 2.87154607589319 2.7408918200748476 3.13093513803024 3.33412100102646 3.34833065818182 3.06595761763114 2.941397027940836 3.1756496669402603 2.799717267337676 3.18504157634292 2.78947021949987 2.727590249899181 2.948360033760867 3.05760483634589 3.1219505822678197 3.213902946310773 3.25740827523874 3.17294388381978 3.26680494503971 3.37139065506866 3.1409994599446494 3.2002928059409603 3.36179520512878 2.8913149316110203 3.1968966062785196 2.991240289697433 2.8879786874938693 2.934993947817196 2.9871214997863547 2.9500148034366553 3.12267591127685 2.896628099607996 2.9975037305323617 2.8163325872798763 3.1514916171215903 2.9216225987885647 2.855374848099758 2.9842427411553443 3.042212176286876 3.08556368317945 2.817860414156003 3.0737896998685774 2.902555028249986 2.70419586978004 2.8672894525283397 2.709208354877926 2.76601372762989 2.850762881342865 2.9004091941911563 2.945204129050226 2.785978688970424 2.8083218285297242 2.743249707542093 2.584890892885614 2.873179990627066 3.16621459058286 3.2995567700143096 3.18129681368221 3.17252530189217 3.1012673414254177 3.2081683855943 3.27956359666525 3.21643692028323 3.28390521360427 3.1296285026366704 3.18945825146502 2.65813454588556 2.626681887037435 3.3050808625226997 2.65992969386979 2.8163899044798715 2.820713062266104 2.907570453983883 2.809241903213975 2.994804757206193 2.8884455949783625 3.31361080831463 3.1609143377150595 3.22976485091031 3.0178523277173053 3.1484847862647802 3.092849406274948 3.3935941537256493 2.931242051861198 3.1957574849266406 3.077894937744749 2.855227141614427 2.9083487793674276 3.16458474278899 2.6958234249888644
AstonLouise_DEU012_1 3.222155979780421 3.191965316223389 2.690921428289289 0.0 3.2985186905129504 3.3031470897804502 3.62652154287654 3.08671088828261 3.18829024310901 2.6317387021981262 2.714990884724425 2.610542011306536 3.15465094228995 3.3705753136979206 3.24510074207067 3.079808926298707 2.72584467981629 2.9336883594988663 2.935022463194056 2.835645517238624 2.750582126513164 2.9071088222808834 2.811717130872703 3.162226515946707 3.042974709822503 3.3220687937398 3.46535255706494 3.3098838799303296 3.55685589815871 3.5155930318595203 3.0707600753716897 3.22253903579455 3.65207406830691 2.527259126214021 2.706228048113475 2.671972977829447 2.890292532046257 2.778153940196439 2.775888777946556 2.921067858334032 2.7709503901664254 3.21001282617361 2.702650548439263 2.759563093392982 2.8438374131807196 3.0224247245105778 3.0726143542461704 2.7956738488341353 3.20481772732822 3.2360359851930696 2.815416482431207 2.6328187146724558 3.3087282010189707 2.659035284143449 2.897485477404525 2.6864000839577873 2.59843214200518 3.3232934665902008 3.34317151259771 3.3307149577762 2.537190742195576 3.1996180167132504 2.632076056901022 2.7708023488005855 3.0589239241211357 2.996915216582437 3.3851971754586394 3.067442669700994 2.769876115698085 2.6905406593748546 2.971862806142825 3.2049031182518295 3.4000718388071394 3.4543340008295402 3.5024843748831302 3.20522505484466 3.1476655066978405 3.14856682087935 2.7451744681288828 2.8978632664791153 3.34737971296817 2.599867578354854 2.850203513793242 3.0403342539439806 2.9709373786930553 3.058465025325084 3.5340860197649695 3.2594415878904304 3.0176221554826905 3.22828983225723 3.003321685629417 3.0393696787595013 3.46835621066103 2.7015118514256042 2.9191497743637678 2.772096161193169 2.9896683807210582 2.87120733551081 2.97474668374617 2.6184531442794623
AuerbachBerthold_DEU002_1 2.890471379470319 2.8745648491316613 3.2231056162524103 3.2985186905129504 0.0 2.530989135790724 2.329262289740483 3.0496410520821136 3.1331462203402305 3.1854613595074195 3.027092851612522 3.31116877571694 2.8580488213450908 2.816075193079165 2.808635667965519 3.180442375568576 3.1661166925959705 3.147926710578664 3.082966553710811 3.18438311326845 3.123083462848821 3.2168675523612302 3.108851317160121 2.791281518458627 3.17183025708188 3.085607767986318 3.0013747335866934 3.0880206134934802 3.09072413056169 3.0809056275433404 3.22182175446466 3.2005342100517002 2.946141030718306 3.20430809693184 2.998617564758173 3.106993595877182 2.948094577626308 2.89723705554412 2.873512088783843 3.063336449541035 3.064932043021833 3.021413447360629 2.90726841220137 3.092339809194828 3.1299255992094004 3.20656602903719 3.1788138802989 3.0175571245875297 3.1820947459079996 2.965959651463133 2.865475355204351 3.07918705321927 2.760711796825111 3.000245075247961 3.0961859098889577 3.11668406418322 3.13866926603189 2.995653001079848 3.0580848469223003 3.064602688474427 3.13779840826478 3.1885001183550097 3.11388213290625 3.22707808053247 2.8032189848568247 2.756117920752966 2.9500002593661083 3.025598549512853 2.9515944239100977 3.11072778306426 3.0426123174654305 3.0610662881495347 2.913046420853712 2.997065642744624 2.966205695591405 3.0480725687003423 2.992582579822831 3.03871549117462 3.0861181842116947 3.21985681171118 3.1718206606346797 2.9723634780503243 3.13084375542085 3.13354463412698 3.1226985296842296 3.104535335186834 2.789054206725145 2.829658158541305 2.98505284502716 2.981823865020612 3.097666641441468 2.960784662831455 2.833929536679826 3.1038672284193503 3.0958383470674304 3.002992641547203 2.932049464156782 2.886102779411782 2.984053134535301 3.12489704752579
AuerbachBerthold_DEU008_1 2.745334563173744 2.7777174015601314 3.2477649873812595 3.3031470897804502 2.530989135790724 0.0 2.35523526919341 3.0157718590328875 3.0106379572373747 3.11423096940824 3.20143124485973 3.3741850614439395 2.7668836385434883 2.9170345763829957 2.911070106155574 2.933393944960916 3.16434012435439 3.1119599808918497 3.148949701667 3.10316105491325 3.1327527529394024 3.0885814992321716 3.1413703843463496 2.879115919505738 3.13091223522126 3.0971861171288797 2.907642557950968 3.0764640588230012 2.9624654082408384 2.785645795155227 3.2075217728076297 3.07907455114674 2.731000688568918 3.3511751884486696 3.1129447211462393 3.31295237106361 3.0651819375772202 3.0178787727284524 3.11350748796899 3.093446525218538 3.103626097248421 2.757614763817494 3.15798819804213 3.2250292158230103 3.1012645777916346 2.931832464876881 2.9471106077630678 3.1961983469299895 2.9327355566767723 2.934411990498574 2.983930399634115 3.050314210755803 2.6373761266130322 3.17218256719808 3.2370575703816797 3.2568249351630802 3.2868236193579 2.797493251701653 2.8574739168431265 2.912181865231256 3.37236127263324 3.16231688108026 3.1550515884443198 3.25775891586669 3.010376172187687 2.8165474313774768 2.9711462951018057 3.152160173482974 3.16788288290144 3.20753772813514 3.20282040556633 3.1158639075307932 2.8671198010073278 2.743439108383675 2.8148739139934786 3.039447606058701 3.051892270978383 3.033636541513831 3.3469895335636295 3.3062774285326304 2.991927546667511 3.1452150621824604 3.17335831224798 3.1338168181104895 3.03279080294305 2.92032258716522 2.712215912554011 2.934411599937527 3.08324660559809 2.955771362704822 3.092413912740424 2.993132533823444 2.7714124504336484 3.0914002959483797 2.874216135986989 3.05649615670009 3.04160991048746 2.9447390974308068 2.9854856162853274 3.21915592879352
AuerbachBerthold_DEU013_1 2.568742768699456 2.609913345218309 3.31085707999007 3.62652154287654 2.329262289740483 2.35523526919341 0.0 2.847337756866617 3.017871314656297 3.3478365355934203 3.234954788503741 3.4724729827755803 2.615761781172546 2.7035338297800537 2.796508788846822 3.04400182494601 3.3167724369999996 3.1909234254155194 3.13789588401006 3.1344564806191912 3.32903600036266 3.2041287180772704 3.2326741542042994 2.9068296414896713 3.21457927773446 2.572291396794398 2.737236831038468 2.858717616726588 2.566966490617495 2.681700741189477 3.1605641038139103 3.0809734617153994 2.354439634611024 3.55366470879841 3.3483866537593796 3.46580068281397 3.17628116239187 3.22388799105196 3.14256886719226 3.163903272145548 3.2798480277128146 2.941663063350827 3.4099556362883505 3.15421134133723 3.24916517716671 3.0689123726215977 2.974656247342026 3.2651645570546606 2.9819013197116 2.7825228694434667 3.20284338341332 3.44034575099701 2.665072733988676 3.17941344016712 3.17649430846621 3.30040314273138 3.3856233035473298 2.810184955341685 2.857650568997735 2.8443000680755177 3.5827827705539796 3.0476737999086714 3.1715220872344108 3.3324981684485904 2.958783445446182 3.19179823090208 2.852471499646138 3.03372004211267 3.2963742436817802 3.4294754935752803 3.216404345579307 3.039845405737026 2.45888281273242 2.703725253891297 2.605454926549112 2.81561119184149 3.040953283820948 3.0694563519494302 3.2323578543517506 3.3606432637762698 2.964400503360378 3.35183984162928 3.22779779261674 3.12917352754907 3.2569970887680597 2.971185826698494 2.3563655156469236 2.845618797855903 2.844708084204058 2.9192282997886507 2.895151629133879 2.988895643138629 2.435178517709474 3.1304239586236697 3.097661639293328 3.3054571378439297 3.18243569112199 3.10744334499448 3.102394803501353 3.4247622187078703
BahrHermann_DEU055_1 2.742035955510286 2.8177874221378767 3.19171801142432 3.08671088828261 3.0496410520821136 3.0157718590328875 2.847337756866617 0.0 3.2729417298725703 2.9484610151053308 3.2017892140847506 3.180332958710225 2.99372640192671 3.1221301723657042 3.1530606536531 2.649396430312808 3.4333202489560297 2.7501697026531 2.844845483425443 2.763486394775843 3.2558911642050394 2.948673663777118 3.20384594327303 2.9422482354490995 3.1804705415497896 2.9803278580588692 2.9750939058985857 2.908854755085308 2.728770270536609 2.714781095881528 3.0999020972725 2.968090180085132 2.605198082758748 3.16963097991994 3.0796803838071547 3.1695047455096104 3.42385084150685 3.4721485237422 3.4214737964179607 3.4137241793804503 3.39392105825454 3.22990801157726 3.2467676009765 2.913209641593436 2.86434002517747 3.1696957734009805 3.085444995000773 2.911165376239181 3.2201633468724 3.1809137244233305 3.229400736267639 3.09761162190497 3.1316892427614693 2.871195255079469 3.33164325965901 3.33991265367439 3.3687743554928904 2.878194768222894 2.806557529469143 2.8859146948508183 3.41182754267567 3.13866692074192 3.1095572517274297 3.06117807642044 2.959388656053194 3.10518296798689 2.952212148096149 3.0993680947553903 3.2309181078197 3.3247318235650294 3.2234178105066302 3.06315143569963 2.575445445898488 2.3813552076934563 2.738406630719025 2.464712742026364 3.36741166410031 3.34190615888916 2.88359882487011 2.963649182818264 2.8955407398897597 3.08395145585974 2.9645012259806576 2.985595971317279 2.789326679288205 2.923544297088063 3.0082560971965853 2.973835819601834 2.921868582924753 3.0501828944527105 2.734444537649681 3.49520183270565 2.768296783513298 2.982454365719092 2.8086972140734403 3.1125321648859803 3.17473866409072 2.9017457952583094 3.26809021471752 3.2490311008644195
BallHugo_DEU095_1 3.24202051706754 3.3478290250252103 3.1951899730933997 3.18829024310901 3.1331462203402305 3.0106379572373747 3.017871314656297 3.2729417298725703 0.0 2.808817047273129 2.9270474200486847 2.804715017340493 2.850030395041165 2.5383129892495573 2.771992564981825 2.778095899147934 2.522645424591634 2.955213220763028 2.905747714718984 3.0856897789126503 2.742221750711182 2.8858143126636966 2.7997103617154693 2.830281409013688 2.8753744637988 2.9610326762827643 2.796847062121784 3.15480973850719 2.9112035464390713 2.964863070296536 3.07798244604663 2.9576271574334037 2.954573939484132 3.1590005535957 3.013470945400355 2.7729215112773287 2.838079306660284 2.921210472640895 2.926088592478552 2.429931244341126 2.504497727038256 2.9084462254047603 2.9972421803666407 3.20935704828621 3.5024562186174 2.6885081145517544 2.715432215065837 3.4625018557030898 2.308943777208406 2.618244492345418 3.1774047030751467 2.984253652105454 3.119086606912853 3.47648042037629 2.9075365667428894 3.3020714516119094 3.11563501170086 3.31443148788415 3.2839536364398505 3.24794235977027 3.020650154515084 2.818576403504421 3.2010352629766095 3.4790026047422398 3.3719000212259704 2.774295341336776 3.197172276383924 3.16887611743585 3.056687823728846 2.899609819192725 3.0293724456307998 2.958517095776825 3.22834898015065 3.32248534184886 3.0594450026715116 3.3211000968769904 3.19571114621697 3.1793903655464 3.1506707831553804 3.12615499360186 2.89390799816391 3.18886816680177 3.39237620244129 3.4590092586533503 3.2676442127656884 2.625060480745966 2.832189215724969 3.5449547876806804 3.27106303841374 3.5310454843695096 3.45882708510572 2.868550208419514 2.959190958234169 3.3007309983631696 2.868596423580178 2.9688027935726646 2.818464890807621 3.3889710387362904 2.780792320943714 3.07737244050983
BleibtreuKarl_DEU061_1 3.1444455090619 3.1614957141070867 2.9762313499253903 2.6317387021981262 3.1854613595074195 3.11423096940824 3.3478365355934203 2.9484610151053308 2.808817047273129 0.0 2.874866180846573 2.69044438074015 3.192341631272917 2.948921902208724 2.967008787579433 2.809772627656308 2.654623230108567 2.76144427669516 2.909209831639315 2.8155808193150778 2.9040118544635143 3.003442160216574 2.9555921738652677 2.949244185847189 3.0111022630091 3.37845091615794 3.1933969468139303 3.24577258414698 3.21406540375087 3.029459997500016 3.079854600784164 2.996306606430765 3.2545743914140703 2.7927901052990958 2.7911416476885402 2.7818811328793407 3.1505089187149196 3.0452110251832236 3.016517022964498 2.9723916329306332 2.753935955379928 3.054963923578321 2.686514525146784 2.783621700767716 2.828588086393812 2.9959987503300862 3.039854467078067 2.863678770925362 3.018818214354024 3.0794278690592236 2.997669896451134 2.5237460827980907 3.3315907360548502 3.1906183638458563 3.044167202146906 3.0098515811831823 2.8779397387781005 3.267941027093081 3.3072987866796577 3.32754412112557 2.6183175688219515 3.09019073873871 2.981685275677341 2.9183937484209443 3.1409838075569727 2.9401802677763245 3.1919954152171495 3.0320583379996258 2.980004222635598 2.7341464793879107 2.9461554555552008 3.0385224851298975 3.3398322109611804 3.117784303469843 3.106304009263881 3.44971564199304 3.2971589988565597 3.32210183617326 2.748871591845627 3.0159362742537317 3.1610221263549603 2.723997488879219 3.13997835248757 3.3470041706888507 3.185943663836469 2.7730340313318247 3.3977850715592606 3.51390489651244 3.26385377205788 3.51843136333651 3.1803642639465 3.206819911542641 3.284071291263598 2.940064223701667 2.537032625424136 2.6940971402921923 3.0105147077499828 2.985640119693099 2.7752375607677027 2.665886798754928
BoyEdIda_DEU074_1 3.19435025184718 3.19617846665862 2.87154607589319 2.714990884724425 3.027092851612522 3.20143124485973 3.234954788503741 3.2017892140847506 2.9270474200486847 2.874866180846573 0.0 2.693508142798038 3.077762997298822 3.07542815248176 3.15113137389295 2.9970867974874276 2.8235058351031648 2.9350216614801967 2.7928089297131153 2.946388672401553 2.728647826657459 2.88770725906197 2.85869294172476 2.881061921883421 3.07587960925696 3.25880394578956 3.29418188977911 3.227783719743465 3.287144713569017 3.34661973661572 3.1335210058474603 3.13300615943019 3.3627981743340998 2.890625648324311 2.946273626184297 2.894806941137034 2.878713452287433 2.788000243599825 2.8997376773100516 2.883772448208858 2.804507664229091 3.0952331768189403 2.829615189376364 2.951532821259902 3.12894942618947 2.859839694970729 2.840572563218982 3.1004264479134696 2.794813498036454 2.880458071162855 2.9993098800893 2.839972518521497 3.22452324598604 2.911609165982814 2.921839261009273 2.833853875458634 2.877441520499021 3.21193519947195 3.2057858813520497 3.1988653019066904 2.884292163920092 3.041380693224074 2.7968116460112022 2.958499676856376 3.0644422989865046 2.927828252878343 3.2802588685847 3.1142635009174704 2.963460596361302 2.888399102344085 3.0869472024500997 3.18351862326362 3.134770211281129 3.2604811059205607 3.2292186110376795 3.17511474948214 3.0153297201684244 3.0757780332823 3.008050787051748 2.947055398533545 3.0282797621281388 2.749100242790159 2.974757783635379 3.1127640020010805 2.995034496010251 3.0235176157579673 3.23132835235003 3.22799363872131 3.2070909288936003 3.26262000929595 3.2110526575822904 3.0884534996003397 3.27878513586509 3.038807777070589 3.00698477732834 2.8750373091412937 2.871080796546363 3.06338504659435 2.941751355570841 2.849212903176226
BraunLily_DEU082_1 3.38754087502533 3.4863772018570103 2.7408918200748476 2.610542011306536 3.31116877571694 3.3741850614439395 3.4724729827755803 3.180332958710225 2.804715017340493 2.69044438074015 2.693508142798038 0.0 2.903284805550876 3.1217869242529197 3.1371699570100837 2.986258336419227 2.545169343929105 2.9095248003261682 2.8035619848664646 2.9073777140393364 2.5976653157098006 2.730895393409166 2.5145404307845363 3.140730039458528 2.933009646978329 3.1564804294314794 3.2532317078071697 3.2741922825392304 3.36695887097802 3.4097881886879 3.09325101652464 3.0807176980768256 3.5886802900638806 2.770710084183467 2.943330081207735 2.6098219284559745 2.97531262913788 2.9414218782271755 2.847151946820169 2.624820624654547 2.5393161770804054 2.9996516326906857 2.865636410904893 3.034258597579151 3.016301814128208 2.893120936168148 2.76140005849477 3.09023633500995 2.6284703050951 2.845551782519311 2.9993147402404365 2.9570020538893207 3.29951271988689 3.137245319268165 2.657538696933217 2.841384792533987 2.627024758827993 3.4049672646620897 3.3510394850542697 3.245161444661 2.544220585244381 2.878997275207495 2.891907123431975 2.903792191806482 3.26775548572507 3.029796333585963 3.3190708808680895 3.25862486284509 3.0285172587108202 2.825858444845437 3.1299966260430105 3.133203479938426 3.3218860542941497 3.5841997359799 3.3439406349423297 3.256833202075979 2.97865657961673 3.059795431046599 2.788511522067679 2.812560856311748 2.9577057266207376 2.817344149180639 3.19335829705493 3.18247400878147 3.20215667085902 2.6574877768396 3.4167058698141 3.42700312367859 3.200945979208436 3.3705545014310703 3.32717824069239 3.0489604114080904 3.36016952048525 3.048714554085388 3.061149319551321 2.876400103628576 2.8824301676192747 3.1956153227960797 2.978601610707646 2.705742844278773
ChristenAda_DEU064_1 3.10963535537527 3.16980155579809 3.13093513803024 3.15465094228995 2.8580488213450908 2.7668836385434883 2.615761781172546 2.99372640192671 2.850030395041165 3.192341631272917 3.077762997298822 2.903284805550876 0.0 2.7025790330021646 2.6152405462300243 2.942227940497348 3.0590491059172598 3.2128459502552205 3.0895797774796065 3.3030757432692903 2.930967369081445 3.0170797542859793 2.931887318673199 3.003516113513033 3.1953593485550007 2.746301599098063 2.876668127415808 3.089409993152288 2.841734040922102 3.1025874466580694 3.23981393023134 3.1780030947308306 2.9081515516532797 3.2870182728459296 3.1805008875215997 3.12530295452161 2.9881150854412426 3.06517209150275 2.919941702549802 2.711623142803068 2.780296601833911 2.933929268988644 3.35693333626158 3.3277048134095604 3.3365424521618605 2.924832989256517 2.699785276187869 3.1162069780028125 2.6444517025390857 2.659681397125717 3.16232756923891 3.34528612337271 2.882106907620842 3.37395721212222 2.764551995271214 3.0016123986490912 2.89618533643473 3.089518292721237 3.13166721591003 3.09582882268832 3.25363664745611 2.820673816922249 3.25820081640415 3.22463342763523 3.2530316868746496 3.1356713299832912 3.1260684393319402 3.1669118119060697 3.1701957960018206 3.12896597508911 3.18351621939237 3.17516514256279 2.815706237190652 3.27296045467415 3.051863737677762 3.0031709577478383 3.00118754396932 3.027863538342034 3.047261799305423 3.26542820088345 3.0664539765957097 3.31905589648522 3.2501194279721397 3.1705341256627504 3.3554707102723507 2.7154469786775772 2.585726083659114 2.9989365562963752 2.840430970845998 3.053264136790777 3.058135789649397 2.975215456454459 2.652117629139918 3.18503832060721 3.28330807842955 3.2393263882226604 3.077895629463846 3.10357483514244 3.0997444812844797 3.15983005592979
ChristLena_DEU093_1 3.1848982823651104 3.1989431331155287 3.33412100102646 3.3705753136979206 2.816075193079165 2.9170345763829957 2.7035338297800537 3.1221301723657042 2.5383129892495573 2.948921902208724 3.07542815248176 3.1217869242529197 2.7025790330021646 0.0 2.18247921890419 2.992924977652681 2.877232279342228 3.1640364275152297 3.19305608481629 3.34026750076249 3.019426920958365 3.24379887484302 3.129527005074947 2.96969338364842 2.981574986599556 2.791301376378933 2.510942806962171 2.797891077574371 2.574504202931039 2.652037553397049 2.866441484640734 2.8657125471989358 2.7239621079840246 3.23711681591214 2.991104705129885 3.049391129081359 3.12164698961472 3.114046688226252 2.906341829033005 2.7502211254932094 2.73479727058593 2.854250741158639 3.04570297786556 3.25853735469701 3.306426275162859 3.032100933474094 3.1145881358686 3.167953871699179 2.814194558436578 2.813543181734115 3.22958000164636 3.2174245521630302 3.019277938593573 3.3818304030626 3.05100699825589 3.17492184240232 3.10306219238377 3.2274785389873406 3.27324407797545 3.20452239086946 3.1748320700931503 3.08239028837089 3.208603411117224 3.3613314599632003 3.048533593869001 3.0436103101105187 2.8854088942634033 2.9687929082377 3.075504206267439 3.089027855529679 3.0273771904939037 2.865851262242939 3.027626435719212 3.1384613218216657 2.9908444745896547 3.3349343166119496 3.1184692568347803 3.1582335254670504 3.0713479233860417 3.231895423374078 2.999033718007179 3.253496516942397 3.4359024859354106 3.4080257840558206 3.42830789534918 2.8003860548407395 2.577471381611459 3.2034883529914957 2.953382756336423 3.3364085877615297 3.11942809817927 2.935585130473928 2.62063769041678 3.11244032943002 3.033541505158063 3.123648641603586 3.143797196456806 3.0574878450841663 2.9014963023733245 3.1169389168028445
ChristLena_DEU099_1 3.075750753538474 3.1585788123235403 3.34833065818182 3.24510074207067 2.808635667965519 2.911070106155574 2.796508788846822 3.1530606536531 2.771992564981825 2.967008787579433 3.15113137389295 3.1371699570100837 2.6152405462300243 2.18247921890419 0.0 3.2653964816184997 2.9446755007279948 3.219465182568994 3.3365088960751397 3.217441394262056 3.13420683639314 3.3469063820600398 3.1210776844680597 3.013308083327598 3.0466377089659904 2.849450458858991 2.8202209692511158 2.979276859729699 2.903906817130454 3.0963803004197903 3.042234422626659 3.040366776606102 3.065668182024673 3.109265456211653 2.96023218771121 2.9664298937774323 2.9930731461471414 3.0352145406878344 2.780160882906142 2.738993917394656 2.6818916410418314 2.9777185900776453 3.0518263486478774 3.13354744178086 3.2518175364446007 3.25875352747187 3.18526049936111 2.717844517011276 3.072514932764072 2.967558657570435 3.0993368551686906 3.109055077471825 2.967761773024308 3.3971040347787 2.9193805543040092 3.075758004633411 3.1120025010111 3.28065916197877 3.2817962617450003 3.2241724120086195 2.983541898173344 2.910631023353118 3.1729911048687454 3.23466824563111 2.995019650494079 3.0828401890185093 2.902171537639046 2.886855494163896 2.98683294597609 2.97776609747373 2.875202114959108 2.923547666709437 2.931979145332297 3.30406961053059 3.1600813633020204 3.2308552235083496 3.0800784031486197 3.12907954832952 2.8066080833813176 3.2311775060853494 3.25989964997034 3.2909747776805345 3.37483901789144 3.3418591381616602 3.4991072389492297 2.83557652743334 2.5632367213823786 2.8997395681270017 2.850953625644848 3.0522482027017332 2.9338715948367553 2.927843660827627 2.6887853289940837 3.075747424671138 3.069784216625296 2.990744637214344 3.061629398117076 3.13120637613191 2.5601411102371063 2.9961052199196834
ConradiHermann_DEU056_1 3.1273524614424124 3.076520954788654 3.06595761763114 3.079808926298707 3.180442375568576 2.933393944960916 3.04400182494601 2.649396430312808 2.778095899147934 2.809772627656308 2.9970867974874276 2.986258336419227 2.942227940497348 2.992924977652681 3.2653964816184997 0.0 3.100148216407855 2.604066027061486 2.804549425354697 2.776903037653879 3.0595075426470597 2.8710298622310098 3.1333453240946305 2.9842838569771195 3.1591467873807897 3.22053914425814 2.971175331735188 3.0469439694222697 2.808768703280848 2.6629062520701137 3.100498041365432 2.944944442125352 2.7963999714837637 3.2228769965324924 3.0581399767348656 3.216680885685 3.3773885425362904 3.36011959470739 3.6049013649086303 3.1780997060819884 3.185561006565591 2.9042604453940424 3.1416599075372997 3.072858016695281 2.941136211578664 2.822743474772229 2.740955712383175 3.33430998470262 2.61845274784383 2.733533992483273 3.134980448506414 3.09658571241497 3.2326504606917 3.26504140222817 2.924013199003019 3.1445196272725697 3.046287780833829 2.963994572306071 2.874711009180033 2.989051284869208 3.28679172106175 2.950726822486113 3.14657176737291 3.1625334532469003 3.3269804416097903 3.045993954541567 2.918579084144163 3.1825185758613 3.24044079884455 3.1526268766220094 3.1335133569551497 2.9751476309723204 2.8785410367817414 2.500000797758023 2.595674538011379 2.932995514847903 3.16707598125209 3.1647363380593596 3.118186768903823 3.0406264406430177 2.7784782479936876 2.935080139106263 2.985363163986874 3.073331786685884 2.863931755791491 2.908221474683266 2.99194938715064 3.32118640076483 3.1704493927729795 3.2205638706265702 3.037443692478424 3.5506173280696 3.1286946750046902 3.1180052177740305 2.667958149851324 2.896172743266369 3.2406520248542 3.04862200976668 3.3290940175403803 3.12782613207463
DahnFelix_DEU044_1 3.214124900526833 3.248044295157347 2.941397027940836 2.72584467981629 3.1661166925959705 3.16434012435439 3.3167724369999996 3.4333202489560297 2.522645424591634 2.654623230108567 2.8235058351031648 2.545169343929105 3.0590491059172598 2.877232279342228 2.9446755007279948 3.100148216407855 0.0 3.011069613653776 2.9603517613641888 3.1229044491560294 2.584856280814453 2.803035529715388 2.520409088233454 3.0812014819817617 2.8762241233991888 2.939276954789336 3.1405795175539 3.19003873950686 3.22417414005938 3.2719517211994598 3.0124974828611277 3.1367461128456617 3.41726676942954 2.8013829158203563 2.8586087040323402 2.5706963700929766 2.75434185747728 2.706373698609388 2.558852107920271 2.558692761026707 2.501126720798231 2.95273246955918 2.8765059486427287 2.96005942755109 3.3144570105165747 2.976706029273896 2.897376875045927 3.3184507755419097 2.696567865048368 2.842593056559145 3.1826265933640503 2.830227638289858 3.237810171102612 3.235556202473191 2.8599147513887537 3.065625124946119 2.83421121043745 3.29289768782451 3.35001445380442 3.1164072166922665 2.500181254660336 2.96808045937669 2.949389912512862 3.184257586441508 3.1318127263680946 3.0082546046583207 3.33789961994179 3.02747796477372 2.958364159357353 2.699935524118577 2.952342046670007 3.054239894271623 3.47145641130118 3.64284077070793 3.3802938528370996 3.44618492465543 3.15082012768999 3.18336449555868 2.887182362536703 3.111586758558225 3.11419072666455 2.888576884127355 3.24962271974329 3.3554068154351397 3.3297734835574317 2.820193783305548 3.2200224509353212 3.52867499608049 3.1476329192021284 3.4969937987514133 3.4029087783736998 2.7009313428682864 3.2674959203727276 3.00897472810472 2.930410328935772 2.874126442673875 2.952944044001962 3.35409876695699 2.668072693893084 2.808012771666763
DohmHedwig_DEU057_1 2.860584081607613 2.816206622153606 3.1756496669402603 2.9336883594988663 3.147926710578664 3.1119599808918497 3.1909234254155194 2.7501697026531 2.955213220763028 2.76144427669516 2.9350216614801967 2.9095248003261682 3.2128459502552205 3.1640364275152297 3.219465182568994 2.604066027061486 3.011069613653776 0.0 2.5180119179637668 2.209330697814449 3.103211064327562 2.957282414306282 2.89398359428081 3.0150960014054373 3.10076812380505 3.14839564232374 3.23229571683394 3.1506137536960095 2.996285552224849 2.884306269226733 3.103871359160329 3.0686236565889002 2.930187753141177 3.0096437191680474 2.943889600327531 2.9655645362346967 3.2967447980047098 3.27987045608077 3.3296242849758197 3.1464551281218704 3.046829692112023 3.23521935730785 2.949782082769797 2.766352583362249 2.8170748251663644 2.9235806686149726 2.829398388268682 3.185631941053815 2.902528661090242 2.98684648844776 3.27047474320958 2.8119028564442354 3.35793458868696 3.1046857954397997 3.0731189084374 3.2370093143224707 3.07651729340812 3.090308922021176 3.0652088493490903 3.1263606805685202 3.2310785874663903 3.0439181156646944 3.120547716542231 3.1285304598376955 3.2825159253726275 2.9912717302140663 2.996900730352082 3.10391217600448 3.1272307261616197 2.953695551045528 3.066570182544086 2.978048597453232 2.951146439345843 2.585289105678315 2.848057375843728 2.9268769963580823 3.33854658999509 3.3932564934802603 2.827440123095177 3.1402122850222103 3.005475646435756 2.782116384174607 2.923820689277173 3.2043280956018703 2.874536850529813 3.014766486505679 3.3279728810868505 3.20047630549334 3.0811053378785296 3.1494072274884397 2.909608129903888 3.32539258503366 3.17768570907531 3.049276876278246 2.547573881459915 2.8376573500440827 3.11663835243606 3.1531051679315896 3.0324218830098046 3.13947576059031
DohmHedwig_DEU063_1 2.9996834308660407 3.0169201765728246 2.799717267337676 2.935022463194056 3.082966553710811 3.148949701667 3.13789588401006 2.844845483425443 2.905747714718984 2.909209831639315 2.7928089297131153 2.8035619848664646 3.0895797774796065 3.19305608481629 3.3365088960751397 2.804549425354697 2.9603517613641888 2.5180119179637668 0.0 2.629783720938828 2.8247160270782548 2.658416194952542 2.6908730669926397 2.904092226462528 3.1128811219960095 3.11556645890293 3.2446070474849398 3.1827910210778 3.1466769938232604 3.12256690712127 3.100112857793543 3.12712621045139 3.0792736391088793 2.989340670534455 3.12180076126854 2.960330739834416 3.0674417567595 3.13466161377967 3.16679107082122 2.917110214590667 3.000609623142786 3.2337683039774 2.991115845713477 2.876190509126757 3.15288687839431 2.755089820524581 2.658489640218924 3.2311845791573504 2.793982950168582 2.8423896949755414 3.1388803166867003 2.967691398535534 3.2065478326360397 2.8703386184824966 2.936342332046919 3.071777517347023 3.0083459266755987 3.0219842055253183 3.074924390442418 3.13263236839512 3.10606879662269 2.901704922175912 2.923917370569776 3.1226348307467204 3.18995806286184 2.977330880803056 3.33990693218411 3.26552695259383 3.18041790334228 3.067782710080259 3.2266248395955106 3.23985068764056 3.037845214296227 2.9585207582402253 2.958112458893255 2.890959229298615 3.1311746417616897 3.1066960497053495 3.031862996314036 2.977583354136979 2.875852280893826 2.811555846429988 2.9936388094110145 3.0421801873484906 2.890206374478592 2.929535349388698 3.3157371885732 3.24193883951226 3.29546449101022 3.11783898142537 3.13192708536463 3.1412761770173283 3.2587145161228497 3.15571482979306 2.88113605501427 2.9488434936569248 2.873061683971329 3.26781889363623 3.0852966954418357 3.1011287892902897
DohmHedwig_DEU073_1 2.785150644188769 2.814510743720956 3.18504157634292 2.835645517238624 3.18438311326845 3.10316105491325 3.1344564806191912 2.763486394775843 3.0856897789126503 2.8155808193150778 2.946388672401553 2.9073777140393364 3.3030757432692903 3.34026750076249 3.217441394262056 2.776903037653879 3.1229044491560294 2.209330697814449 2.629783720938828 0.0 3.1279082033749503 3.0567612412193466 2.9718151172496174 2.9744883472801424 3.1172923790750398 3.18213550419979 3.27746729371413 3.2033708998068997 3.1765112421637696 3.086200713569447 3.131269184486623 3.10123043638574 3.089974135873277 2.8998323444847847 2.881845486981766 2.8501804296538378 3.2478195679096302 3.15549464469374 3.22803856895545 3.21302452069028 3.089265991177728 3.37301433892104 2.918840909775054 2.7182618678509534 2.814833745877489 2.999257488909447 2.956848554058139 3.037194277439399 3.0600250546500005 3.0977823076512427 3.2192456800800704 2.732281304152221 3.31377995495402 3.016830390837317 2.9972333792881947 3.16387629370931 2.947234942770889 3.15830637726894 3.072134228924681 3.0933420440675388 3.1984642748969 2.996532973672103 3.089591960936714 2.986089645314333 3.27291935819276 2.957285978383391 3.1008814339994597 3.12691850413368 3.050937739099475 2.949322916702454 3.0793292072560208 3.06126168154508 2.9728135962222613 2.6723910081697815 3.0076148886562857 2.7273597702722876 3.308849515880839 3.39873969997687 2.6925078511284433 3.035003702572594 3.06233429206726 2.843071780080459 2.853102580351586 3.0561957210518873 2.8673511131564506 3.066896165877732 3.37318852093309 3.0157330839825196 3.0356380646671566 2.993539368564147 2.806822397203721 3.26455711647185 3.2100367757816 3.023707423642666 2.6078728450226976 2.848969773192175 3.0181299906849848 3.1563150792868298 2.8972993759419783 3.1167037613333344
