 ArnimBettinavon_DEU015_1 ArnimBettinavon_DEU022_1 AstonLouise_DEU010_1 AstonLouise_DEU012_1 AuerbachBerthold_DEU002_1 AuerbachBerthold_DEU008_1 AuerbachBerthold_DEU013_1 BahrHermann_DEU055_1 BallHugo_DEU095_1 BleibtreuKarl_DEU061_1 BoyEdIda_DEU074_1 BraunLily_DEU082_1 ChristenAda_DEU064_1 ChristLena_DEU093_1 ChristLena_DEU099_1 ConradiHermann_DEU056_1 DahnFelix_DEU044_1 DohmHedwig_DEU057_1 DohmHedwig_DEU063_1 DohmHedwig_DEU073_1 EbnerEschenbachMarievon_DEU027_1 EbnerEschenbachMarievon_DEU058_1 EbnerEschenbachMarievon_DEU100_1 EssigHermann_DEU078_1 FontaneTheodor_DEU035_1 FontaneTheodor_DEU046_1 FontaneTheodor_DEU051_1 FontaneTheodor_DEU053_1 FontaneTheodor_DEU059_1 FontaneTheodor_DEU066_1 FontaneTheodor_DEU070_1 FontaneTheodor_DEU071_1 FontaneTheodor_DEU088_1 FranooisLouisevon_DEU028_1 FranooisLouisevon_DEU033_1 FranooisLouisevon_DEU047_1 FreytagGustav_DEU011_1 FreytagGustav_DEU030_1 FreytagGustav_DEU048_1 GanghoferLudwig_DEU067_1 GanghoferLudwig_DEU085_1 GerstnckerFriedrich_DEU016_1 GutzkowKarl_DEU024_1 HahnHahnIdaGrnfinvon_DEU020_1 HeykingElisabethvon_DEU087_1 JanitschekMaria_DEU060_1 JanitschekMaria_DEU075_1 KellerGottfried_DEU036_1 KeyserlingEduardvon_DEU080_1 KeyserlingEduardvon_DEU097_1 KretzerMax_DEU069_1 KrnbergerFerdinand_DEU025_1 KurzHermann_DEU005_1 LewaldFanny_DEU021_1 MarlittEugenie_DEU037_1 MarlittEugenie_DEU040_1 MarlittEugenie_DEU041_1 MayKarl_DEU054_1 MayKarl_DEU081_1 MayKarl_DEU084_1 MeyerConradFerdinand_DEU032_1 MeyrinkGustav_DEU096_1 MeysenbugMalwidaFreiinvon_DEU086_1 MllhausenBalduin_DEU042_1 OttoLouise_DEU004_1 PolenzWilhelmvon_DEU062_1 RaabeWilhelm_DEU029_1 RaabeWilhelm_DEU031_1 RaabeWilhelm_DEU038_1 RaabeWilhelm_DEU049_1 RaabeWilhelm_DEU050_1 RaabeWilhelm_DEU072_1 ReventlowFranziskaGrnfinzu_DEU077_1 ReventlowFranziskaGrnfinzu_DEU090_1 ReventlowFranziskaGrnfinzu_DEU098_1 RilkeRainerMaria_DEU079_1 RuppiusOtto_DEU003_1 RuppiusOtto_DEU009_1 SackGustav_DEU083_1 SchnitzlerArthur_DEU091_1 SchnitzlerArthur_DEU094_1 SchopenhauerAdele_DEU018_1 SpielhagenFriedrich_DEU039_1 SpielhagenFriedrich_DEU043_1 SpielhagenFriedrich_DEU065_1 SpittelerCarl_DEU068_1 SpyriJohanna_DEU052_1 StifterAdalbert_DEU007_1 StifterAdalbert_DEU017_1 StifterAdalbert_DEU019_1 StifterAdalbert_DEU023_1 StifterAdalbert_DEU045_1 SudermannHermann_DEU092_1 TieckLudwig_DEU014_1 VischerFriedrichTheodor_DEU026_1 VischerFriedrichTheodor_DEU034_1 WassermannJakob_DEU076_1 WeerthGeorg_DEU006_1 WilleBruno_DEU089_1 WillkommErnstAdolf_DEU001_1
ArnimBettinavon_DEU015_1 0.0 27.041009675322464 53.96723715152809 54.250822548749944 48.633579460262204 45.601261974355005 42.5418931688463 44.03740754832871 56.035479157533416 51.28677624706878 54.740955290172806 57.40165336749851 52.73356023705524 54.53190955521619 52.11483324170315 52.49841747587793 54.474059935101586 47.5768723883513 50.36465216463297 46.25516996142037 57.01559559295265 53.60756495305655 52.16173017428968 49.64772176870247 56.93432968326588 47.83118581824268 53.09608571804901 53.05391560839266 49.79311325871587 50.67564973263675 54.52452071682132 55.94284095814179 43.8444400850474 57.77634114129143 56.99974721209337 55.53002127776611 54.008482739094724 54.74584470462941 52.38631922343261 54.735319811981384 55.160338613154316 57.469241414919864 56.264791820998944 43.89982090935241 51.350773324931296 52.58282544937933 51.064077420680974 53.82288134467412 52.77769232042922 51.585714471093915 56.673053768521314 53.99516383995706 46.52475437742235 48.51342092575023 55.76313302261742 57.55509293980358 58.008755873227884 43.461394409147246 46.761964926785055 47.18476811900428 59.287031588719586 49.63141852033992 50.42042632777375 55.892990111780996 50.51416763745429 55.3645377438386 51.306878059485165 54.76544593779261 55.88614487055259 56.587038771623426 55.23510844140166 55.041764165101235 43.64364901748783 45.404977775296985 47.2989144297115 43.493898256036495 56.51949148703036 56.317783959865565 46.87520981484438 56.53675593100899 53.32340732278076 55.39147276715669 52.27773609611824 51.58168630188168 53.20423056293372 54.5795678070782 47.890742321743744 49.583708080849775 50.3754601660813 49.9468903666714 46.57807814442231 54.0639291730628 45.383387548734106 50.6421870617439 47.4382882099471 53.79054262377824 51.666432844096484 53.95978104408373 48.0212803731872 56.841479453345976
ArnimBettinavon_DEU022_1 27.041009675322464 0.0 54.51719825611591 54.083433743541065 48.080574744437385 45.12979855954053 43.40920781771828 45.07072201642274 57.45618755436251 52.206736115941325 54.316749320821216 59.92946237765726 53.632777802121325 54.73214981703961 54.118643933114306 51.671865931800255 55.87131804273348 46.238136126310714 50.61391277643397 46.494927259278604 56.985864324856166 52.861662209848745 53.36238329248177 50.490471188774976 56.918305897919375 50.78432225362062 54.60206408531392 52.07930090425284 49.48488933979677 49.6214889816413 52.92565815414443 55.0988147932153 44.20277953281608 56.84399468473815 56.24404485729679 58.10556845983192 54.241566590333086 53.45352314121967 54.07920186967771 57.72163123299792 58.86826037341488 57.72312648185202 56.04070034964096 44.29047263642727 48.073129466556225 52.57994815716618 50.74992237536057 52.561628662375384 55.66506053328997 53.56499616780413 55.19210890848336 53.48177688567411 46.564849541696006 45.74108981911538 56.24520419878087 57.30966832546209 58.054711649859094 43.340652386919494 45.747542354767326 47.48545022876006 59.617588655305624 52.30161670146552 49.72670592892174 54.15722431492598 48.92258137926351 54.28052676492685 49.05714423853071 51.75109577279016 54.92785700889922 55.79341903873805 53.92486597799924 53.65096764896372 43.466177604549216 41.54192179555386 46.30812434552812 44.17791153891466 55.7679544411646 55.14694109946342 48.161731911807124 56.8515278504499 53.39040769623044 53.581555711944105 49.934491651906015 49.9416659417156 49.956896756261806 57.09720046101511 48.717657142298556 48.75606899790005 50.540576780282024 48.58049252688312 45.67893510177467 55.64231750529499 48.25768326526751 49.74972545223589 48.4629350366536 54.60505462046348 54.06864421351242 50.66941748214552 50.55552028104575 55.762751704756084
AstonLouise_DEU010_1 53.96723715152809 54.51719825611591 0.0 43.9472311893563 56.14661648962235 56.333147174279766 57.53464493670508 54.54946326587342 55.446685830401115 50.66832627356719 47.30076989003579 45.54147413589042 53.866532372581695 58.21608892475198 58.27219856885572 51.013077481936 49.73573113404608 54.58835113932693 46.53313391437616 54.44809468616559 45.80345862180252 44.93937006925247 49.52972230757553 52.13142352824217 53.39778596984557 56.3276844804413 57.44749287982385 54.74502302356666 57.021259266951894 58.986366302574346 53.63333934603994 54.55095645681703 58.990324839733475 49.4087167203905 54.95340352184743 50.12666360431456 48.84677681194877 49.84014381363228 51.030295495964694 50.3491792514154 54.196530800440584 48.97605005605585 51.21087940841638 46.65991823596205 53.88419534233421 49.22408377790916 48.65895538069307 49.62776805532364 51.32147540050551 52.70087199140973 48.174011175462475 52.58357235737383 49.987226204357086 44.02123863556432 48.88323029464955 45.405056784086376 47.27373578315144 47.706369793828586 48.90928860546162 50.09945125399524 46.32842546486148 47.45546152432148 44.86316780573395 41.7808050627508 48.573157757432455 54.47694137368549 57.62943931291753 54.29255485880179 54.02780852354366 52.82802142643874 55.04580724533747 56.589555061978636 55.44672279868 56.59176811496057 53.23139831567057 54.54733657621549 43.89935364461181 43.70369711874121 56.320594740303406 44.51599876601432 47.240775310704116 46.41841496126537 48.89555560378727 47.88401243598314 50.27623347107358 48.45087605632654 57.284799103382 54.94112351127274 55.29659897715965 51.66073865989608 53.65138692878547 53.894246593000894 60.11166067264786 49.37178703059376 54.120525759630766 52.48916029859348 47.424787140036734 49.15974751515148 54.21571062044179 45.790472358791774
AstonLouise_DEU012_1 54.250822548749944 54.083433743541065 43.9472311893563 0.0 56.8558189695414 57.55632806058338 63.135948511795505 52.63602264510052 55.301743205973764 43.15920244681805 45.137951837197754 42.905868982891725 54.16128731464214 58.6416277361022 56.43550742256804 51.910939610645954 44.130309946540365 49.206428191871375 49.13996433124264 48.46890516412626 46.01256637858019 49.03937199163324 46.02817636861176 54.902918455669194 52.790196881123485 57.97759529738986 61.49069291949068 57.31935592682405 62.2850180838776 61.89907589403326 53.11011327448889 55.580481942395025 64.79807065871425 42.2378656513201 46.507723943131836 44.96690920749024 49.10822533436392 46.43137929243745 46.58318986308772 50.384217753522194 46.875858891823924 55.85110895406655 45.41878133656134 44.54724395005848 47.82853617997837 51.91870125430667 53.55803790746591 46.32192321347244 54.686897545488804 55.719648355304265 47.50215830359706 43.86405234413772 58.55958462034746 42.86865353876243 49.48577849758238 44.71768086980747 43.12524449596099 56.937185626424814 57.821534462909376 57.56777582797548 41.40868462659974 54.87077370979981 41.756191790729176 45.544740499455976 51.31596440826931 52.21148853603331 58.999440259621245 51.71399054333723 47.282770600514304 45.23576240908778 50.722329721971946 55.409747005333706 59.4407291701176 59.489786782035786 60.32699540011754 55.8094812227015 52.95842851840455 53.98733102628087 45.66499354911568 49.954932063071524 57.82925654752517 41.74533224507177 47.3257712409931 51.89541003534606 51.62605724437401 53.48179621841547 62.667744799528116 55.93271736643749 51.56906338766479 54.88796543130192 49.60124339021884 51.87358530025556 61.1849320969802 44.07678308765775 48.85708073415882 47.337821626767635 51.625000080633534 48.77035822421337 50.989496155762474 42.91391394944749
AuerbachBerthold_DEU002_1 48.633579460262204 48.080574744437385 56.14661648962235 56.8558189695414 0.0 40.82906394227243 37.12275504219669 51.98696027320096 53.43666441782493 54.71675475584568 52.85382737298799 57.11511586112784 48.199354876064845 46.71168812358941 46.73372375267832 55.908004926798206 53.41935700864814 54.811482961082135 53.542329352101724 54.758434926966636 52.426398686683655 54.39543822285606 52.194137726170766 47.46234156156996 53.99677284189608 51.75891766552469 51.15547090137448 53.11606495722339 52.82170006299437 53.21667457591177 55.33131484529905 55.660035737269894 49.94768419452444 55.006525190251395 50.44678951861657 52.80812720459414 49.96637833031844 49.78328232430525 48.5681090139086 52.557052480361634 52.206012110435324 51.24383199701551 50.023162395506986 52.83481204228111 53.918097599443556 55.17404260737569 54.51187141713805 51.407465450562064 54.0891276536624 50.24570735089862 49.32046724268795 52.711053722338804 45.283661669624635 50.741615121783354 53.170688798713755 53.78830894632194 53.737924638458004 50.55114800690398 52.266888767117486 52.01109207003729 53.716781320624456 54.1474209227493 53.0877876289656 55.33385912893852 46.367185163202684 46.53076561165902 50.01660314445727 51.46996901992894 51.05557174802762 53.20928460065336 52.37163515372812 52.99350558089588 49.119360390766474 50.756837896789385 51.13946623919227 52.16148973192902 50.123689402485105 51.7618516908948 52.7355670900677 55.552201502209364 54.242018309437405 51.016949397116676 53.79736192410702 53.21397211531169 53.517160745309674 52.262159258302674 46.350996821077615 48.144022305871054 50.20354458229896 50.7413406779612 52.31555352424524 50.18404529735986 47.46329005944988 52.43589043920066 52.32644417536076 51.38258850712225 49.894992451944574 49.14938045704776 50.84827495096522 53.204473655149954
AuerbachBerthold_DEU008_1 45.601261974355005 45.12979855954053 56.333147174279766 57.55632806058338 40.82906394227243 0.0 37.270228607442704 50.413912847690234 51.158223713769125 53.13681319709576 54.69176239885997 59.121188151683434 47.297854948401564 47.627279100568884 48.35498216709181 50.709631509252205 55.156178175379665 52.592000878042654 54.34139891472921 52.562803589760136 54.965435293149994 53.28463048546941 53.86713359374312 48.61779936151751 54.18707241362038 52.676631484691555 48.66485580524092 52.967005845016985 49.55126899317083 46.753798849880155 55.40022705694509 53.146658020104674 45.042652296240234 57.535321055333426 52.81768668540432 56.99466975493791 52.69071815233433 51.71594071767677 52.90137838290346 54.764512127005574 53.45816855722805 48.13049122686328 54.04462929389092 54.67744087376839 52.71352324428145 50.195411488534496 49.545587518725455 54.36319776951748 49.56356182446134 49.41536215840476 51.04545469621104 52.63478400454912 43.91799372394501 54.28802154780371 56.42851000079122 56.80642557703746 57.32590187360616 46.74180803318259 47.81923555597674 49.52377457312965 59.1740271476378 54.734342905750744 53.99632703072012 56.64924601943168 51.853396837026075 47.968816402882815 49.31510419644951 53.41050284136356 54.20716624060178 55.17395910898781 54.30964657332698 52.916619941149285 48.391898533309906 44.84946673712982 47.085787767945156 51.30628642240341 52.317171898935946 52.217282068427934 57.808836411573196 56.839338948133616 51.66157390076956 55.07736954777093 54.432061225601274 53.54437181979573 51.9018045381058 50.527303891167 45.09859821358853 48.645842901171676 52.73146308529977 49.63781679229542 51.456571399520364 51.89081714967534 46.42618522372318 52.55838167575209 47.47192150356542 51.875495165266635 51.91849525540414 48.89063319165669 50.72467644640917 54.983747676487965
AuerbachBerthold_DEU013_1 42.5418931688463 43.40920781771828 57.53464493670508 63.135948511795505 37.12275504219669 37.270228607442704 0.0 47.636427750969304 51.55409494144855 58.53723290473858 56.22120131529542 59.714786856148635 43.878122909166485 44.14743378642403 46.059408349668075 52.914948899352865 57.06677826538717 54.147740151125795 53.177804057117996 53.72265244894483 56.39103705740859 54.898005227451755 55.374199125291 48.78401771396586 55.9407321700398 43.311546197663496 45.84493893921602 48.67737206959725 43.80813270454523 45.119511862182804 54.3999483508722 53.64023686691286 40.09757021175075 61.5332291775074 56.88921505982912 59.84030978294329 55.04257414410574 56.05773828626731 54.130886687335334 54.137803734155575 55.01642142204655 49.96160118312037 58.35912216606491 54.25353840422815 55.29109593807851 52.58468046232991 49.66700766590239 56.13905566156708 49.77370469065408 46.46380892394311 54.78699430522137 59.39174218680042 43.19613748867494 54.38074496100432 54.87148402309192 57.341043495908124 58.63417074693403 46.48032785547913 48.7934005693683 48.35879574382815 62.87335466897968 51.48171800824159 55.35193181095109 57.891827507739876 49.45415992196772 53.82958926461304 47.50457580971377 51.78723959623232 57.318381431681864 59.1841513836151 56.01456220456075 51.1019950940585 40.51506226998936 44.93105076675309 43.217241614661575 47.41326846519261 51.711270500803685 52.57595157808053 55.39218695734984 58.40170242689862 50.888860021640355 57.54128653481038 55.419279539505354 53.26529888735772 55.41967750540189 50.37960810545295 38.262294150492586 47.761257110290416 48.20328470086561 49.942956919739274 49.30137998639978 51.09527581349883 39.253650588982985 53.78354431606776 52.13213037576351 56.862868714079205 54.38823245673211 53.294853661807565 51.40824197614185 58.476508866230674
BahrHermann_DEU055_1 44.03740754832871 45.07072201642274 54.54946326587342 52.63602264510052 51.98696027320096 50.413912847690234 47.636427750969304 0.0 56.683538693303525 49.60135011030376 54.96235610572124 54.813845907874324 51.15436866249212 52.19718808986056 53.25382673862526 45.117211029561254 59.62667863833151 45.383326887857606 48.76825168913802 46.29050896607197 57.185847609166395 50.14733799802104 54.851759805587164 50.21801262077487 55.19288578147632 50.76923849767572 49.2572640485708 48.49039727326516 44.965121961596694 45.20809457258286 52.391403500599964 50.017714534272606 43.07576509289086 54.26064694539036 52.858906036123535 53.8340211404875 59.651442975005395 60.01273085538301 59.26730539207129 59.14854221049721 58.23191533832405 55.42613275073261 55.76903799756955 48.689920944539274 47.73134929158394 54.171594964745445 53.363951482654336 49.33923473738814 55.68829563310039 54.59479831914836 56.2616278104236 52.64659106023856 52.248731980448675 48.44623833020302 58.68331054763974 58.70109947667365 58.52849979254757 48.35992053809679 47.97863734421384 49.21218513032312 59.87453738699351 53.54146874516384 53.54110818857224 52.378127470248884 49.649741089364525 53.75443529250975 48.996598715988064 52.722046634035884 55.866552951311824 57.51126277598867 55.208729717795364 51.70357004878863 42.559982867430996 37.154937364333954 45.80145954670063 41.577465881909326 58.68150435569444 58.18545204962526 47.62189393392146 51.119867575604594 48.791641404954504 52.728024144715285 50.89864157315368 51.30681600477287 49.32669725394804 48.63730381197954 51.29387224407681 50.9558799818723 49.817146753976374 52.359635897657775 44.83544834494729 61.48489215637017 45.57027861098368 50.41591717429086 46.821411325427576 53.987182809394625 54.69775131783282 49.002549012640245 56.00365187887137 56.546909377410195
BallHugo_DEU095_1 56.035479157533416 57.45618755436251 55.446685830401115 55.301743205973764 53.43666441782493 51.158223713769125 51.55409494144855 56.683538693303525 0.0 47.80080625645193 49.966306502316044 47.19262692596203 47.06732601895958 41.643774286166774 45.97803833467728 47.833688336054365 43.66828762121555 50.151507873561634 48.565584555558495 53.01934232345731 45.876332593766506 49.76531317596743 47.303044738889234 47.2474670806929 48.57322323304177 48.74219985167922 45.39872169844358 54.43731208962482 48.155317566883525 50.01421041552148 52.6536187833091 49.69907667010451 48.49628274726715 54.55899182527467 52.095115940824414 48.30125719898316 47.046049866397325 49.926682013471996 50.417110184180665 40.75210766695447 42.14024559437176 49.511658425056474 51.05028996632827 56.02023689744994 60.92060654734721 44.99840190572689 45.93947451999142 59.617684551762956 38.981321027095106 44.08548715571948 54.58891664413483 50.931135637772705 53.12093069874797 59.533397012637096 48.658414017319416 56.453404049385554 53.317544832522884 57.805979776790664 56.37697735108557 55.68092667724418 51.41205331898924 48.18171252690098 55.431497571451416 60.928028034071986 58.61184363558763 46.336332812268566 54.063734049588646 53.5860706158758 52.208462677594945 49.54774471029456 51.59110330924845 49.666176006177956 55.06947155148057 56.86477730641437 52.435551491397185 55.909249406968264 54.01807234499974 54.11153686373604 53.70228552096062 54.04942075626984 50.133124421750495 55.46175827932722 58.1808566267063 59.44270067150031 55.34882119914459 42.90280236412736 47.59915550159732 60.398941405526394 56.592818941072075 60.546678021217346 60.29787009672419 48.59719888360358 49.00627698967245 57.491451924487194 49.143749292387476 49.50961859974863 47.26106603141642 58.34517875210567 46.64261897362228 52.569113434013964
BleibtreuKarl_DEU061_1 51.28677624706878 52.206736115941325 50.66832627356719 43.15920244681805 54.71675475584568 53.13681319709576 58.53723290473858 49.60135011030376 47.80080625645193 0.0 49.26092895180568 46.14451456798154 56.098581517061234 50.50419375925173 51.59975612833534 47.57322591067749 45.398769620162696 46.28912947458587 49.0284333145361 47.44632719070427 50.91714945185464 51.467759354192495 50.23601582997074 49.88879540889048 51.997048853689826 58.41498897881605 54.520340959660444 55.044449077008466 54.3766414061913 51.71384422346128 52.70259130771033 50.944966946918306 55.87997694233512 46.627037470066064 47.23092240040095 46.825259076578526 54.04835165585217 52.41944523837889 51.43176218464239 51.46385405401197 47.59604458259469 53.15945367660019 44.605111812308806 46.52406929803504 47.710579394554166 51.61953704163318 52.19910268761895 48.41433971946728 51.25847046103708 53.12641588969621 52.087127100254584 42.24063631966989 57.279105745216796 53.94142037892168 52.21446102783908 51.490784855912615 48.732700229767815 56.28891083929517 56.88850404788744 57.173031251240346 44.016682272371554 52.661641731378836 49.81939761613672 49.876097260499215 53.15617740222248 50.85809073781396 54.08525947532654 51.286813506125945 50.136971534703434 46.41728292004299 49.59202870269036 51.140030746167604 57.89814407256513 51.98717691442483 52.506107385559176 59.09203173191682 56.7401577976827 57.427948027041616 45.0288392058637 51.97419487104202 53.7756424936285 46.25184318421132 53.247467379511804 57.57071118703811 55.29150642943274 47.19466585792952 59.32324503332572 60.76992093909055 54.90142429017457 60.709823055185076 53.46475860438797 56.1752401155521 57.0843455017277 49.10480081815228 41.698438376406145 46.00568488431899 50.78862946296811 50.268622605675 46.986663387496776 45.62528942469811
BoyEdIda_DEU074_1 54.740955290172806 54.316749320821216 47.30076989003579 45.137951837197754 52.85382737298799 54.69176239885997 56.22120131529542 54.96235610572124 49.966306502316044 49.26092895180568 0.0 45.13803079667509 52.359329015933476 54.288823043418766 54.90875796747485 51.0992365836557 47.649227612649106 49.735988255374444 47.092741831050176 49.65699256129728 44.425410393447436 48.283051720054345 47.41057879992448 49.53446150869035 51.97942594603697 55.846053249742326 57.47341461321966 54.591802600069876 57.52234133901027 57.751956062743645 53.1265555849902 53.29868014290057 57.75900241459925 48.74635666299861 48.593229327603744 48.5041839189654 47.86876117815381 46.6493175022729 48.77396198567551 47.85049390633167 48.122263143990956 53.46963858407217 48.50984698500903 49.69131879491279 53.791972917223426 49.26562292125223 47.89704502894376 53.087956541610566 47.275491287559646 47.95911784432791 50.54382275239903 48.89600084731153 56.15180042373504 48.137853538643824 49.54716164203179 47.258385414113825 48.41317601993219 54.99846073383501 54.983270397088845 55.179199780900994 48.29868962721987 50.95647197630556 46.91990368153986 50.214133747967075 51.579846276075244 50.369794351792265 56.7335467561932 52.67790131862679 49.694579218135274 48.57892129814188 52.576736952391116 55.00197497723963 52.93034502051173 56.25476697977214 55.04057281179566 54.51187688241341 51.519873655527796 52.16819851282126 51.930323872536455 50.0998997516295 51.60081935676054 45.538753009274835 49.9050259159527 53.37894824700484 51.31785265890426 51.645444455913506 55.61979312834801 56.112096923311505 54.97630971161325 55.94415983612988 54.902227951866806 53.372152821326054 56.58308564693769 51.30481889392186 51.574066139787256 50.004512799970435 48.47800636459707 52.75965140296002 50.83136114396773 47.615314561020504
BraunLily_DEU082_1 57.40165336749851 59.92946237765726 45.54147413589042 42.905868982891725 57.11511586112784 59.121188151683434 59.714786856148635 54.813845907874324 47.19262692596203 46.14451456798154 45.13803079667509 0.0 47.67871284473781 54.038089082906936 54.28904829218875 51.005838093997944 42.33803001353968 49.61063900483219 47.14673954202414 48.756291157057035 43.544320168043676 46.16911174705267 41.44818946716512 53.85391012791033 50.54651822677817 52.576881499378004 57.01632107874128 56.318702591801085 58.61919446489464 60.49439858855183 53.25556252772073 52.66429353711614 63.8483638463932 46.31799693402695 49.82331242752537 42.37961828224108 49.93544454479124 49.71290804607759 47.19461073531911 42.33108986815747 41.242833673765574 51.270159477544816 48.51646296799966 52.61779542287499 51.105153915610074 49.79160112436596 46.83776656299058 52.66580451488757 43.18515920306541 46.18146378658771 51.79589195932429 50.56594063818877 57.84347637641369 54.446119652762256 43.140599107009905 46.245009474431356 42.341692286730314 60.10536188852917 58.75501956785506 55.97806675774885 42.33163493815097 46.8547809244536 48.70802504896167 49.2056561251722 56.7545777918123 53.03225812318887 57.898623944278384 55.40839891124906 51.90279283747124 47.20525935496116 53.89731264785697 54.657618788236945 56.21317218279078 62.913591330192546 57.931301803886356 55.04676085085708 50.9681237709398 53.12532299977612 45.3545194035629 47.55497245650071 50.66951811287531 47.86470835006373 54.4299426837905 54.043116813328446 56.36202345283025 44.96746610343291 58.597228903490254 58.87463880671963 52.838310678244376 58.263373395103685 56.6868824639886 51.780232490274656 58.17983592819562 53.44786384629569 53.17571637843966 49.37704314801029 48.7290344836355 55.68105577650353 50.465131793049316 46.25449185992254
ChristenAda_DEU064_1 52.73356023705524 53.632777802121325 53.866532372581695 54.16128731464214 48.199354876064845 47.297854948401564 43.878122909166485 51.15436866249212 47.06732601895958 56.098581517061234 52.359329015933476 47.67871284473781 0.0 44.653404826509 42.99776879893854 50.312019898044156 51.113350606474604 54.6120243884873 51.920288536811434 55.69050794654515 50.3061584779372 52.86014126409889 50.11292552081285 51.23092345677547 55.8314963030663 45.54416099037274 49.36287761750404 54.28850683633365 48.56737263013806 53.87102895616276 56.70748701484709 55.57493886520892 49.45517178039966 56.04962898072363 54.01099084547516 52.71823507058576 50.98633987829368 52.01443217476709 50.670230288568696 45.38340792661722 45.49156443624673 48.956063515769465 57.958864168400694 58.02327178358432 57.50577131026775 49.858945535067505 45.367354783480934 54.3520593944627 42.23954815944689 42.70212424673675 54.187395211703524 58.61952340678572 48.665911981541115 59.63039843098022 44.591753132884094 51.506808495392455 47.75313799058936 54.299075909047055 54.95434845814752 53.91572518277712 55.74875938245696 46.96464739999444 56.12361460746155 56.277965489691454 56.603959244086134 54.15801961406302 52.41470389664291 54.058580328691896 54.184114667698445 53.30402352673156 54.31096152859121 53.06765468053621 46.72667170053999 56.007583931640404 53.08744668664104 49.95187295321327 51.664324565808315 51.708168475196416 50.80774812777086 56.15009756472459 52.445368814519504 57.29771221743876 55.71161114289888 54.12409641282374 57.51220416770843 45.88092278615987 42.34221626992481 49.839275468769344 46.70566272514567 51.92588570023552 51.342020923847286 50.73146170105948 43.57835472014316 55.14854337505523 56.43887336105098 55.863093220036895 52.25644168005085 53.19096836329276 52.71084314957006 54.148252845777854
ChristLena_DEU093_1 54.53190955521619 54.73214981703961 58.21608892475198 58.6416277361022 46.71168812358941 47.627279100568884 44.14743378642403 52.19718808986056 41.643774286166774 50.50419375925173 54.288823043418766 54.038089082906936 44.653404826509 0.0 33.9947999030663 51.29818134609404 49.78688233045859 54.10052449226787 54.66370015467626 57.85740859575958 52.19882019191096 55.486291694075774 54.24355365535977 50.0645676454315 50.67341528812578 46.28184033963781 41.102330533422965 48.13985852950331 41.959179647926604 43.59046641009247 48.45736462575185 48.857555319398784 43.80846559026217 56.020507264244266 51.067353191555995 52.81785243593092 53.83764640691227 54.13566231595629 51.020667418214515 45.86929027011537 46.001794452624615 48.18855206667651 53.12024784101797 56.23421769837585 57.5700493454771 51.564910377419324 53.46399261552478 54.80080648800212 47.95951506664624 47.38901080417733 55.31488280756717 55.531669856792625 50.34354529407716 58.526415791402385 52.09881974318295 54.62846291975119 54.01856329745505 55.16396348599437 55.82765691114851 55.35650548591296 54.66162851871405 52.9914541988168 56.15484528176511 58.36192412354822 52.35127166627041 50.15683017576892 47.94335179088732 50.30321931147841 53.026599721446665 53.108377319710634 51.71692820315007 48.122220542090695 50.99161878489496 52.620269301888264 50.86232347361348 56.920470023298776 52.939633555169515 53.72527180735794 52.99486065575891 56.05475573060896 51.09096692036543 57.246315271304105 58.77607215363252 57.9181682362102 58.48817944744613 46.791275801624316 42.16166018807756 54.254471144408534 50.525371720855624 57.51378712702452 53.945217252438695 50.18042905652307 43.314142941065235 54.17645571369597 52.168813090689184 53.44996095298597 54.37717425860829 52.68291604164143 49.70788416896255 54.02608007985785
ChristLena_DEU099_1 52.11483324170315 54.118643933114306 58.27219856885572 56.43550742256804 46.73372375267832 48.35498216709181 46.059408349668075 53.25382673862526 45.97803833467728 51.59975612833534 54.90875796747485 54.28904829218875 42.99776879893854 33.9947999030663 0.0 56.45838075164815 51.197836082115636 55.73696658804452 57.697705219604444 55.55106651162097 53.64991640646976 58.278037034396775 52.91316351379996 50.95940569343233 51.96703299452412 46.48942435986491 46.07216778700313 50.871339412890485 48.64770061490469 51.768696527174505 52.60519586876666 51.786784134267975 50.52166260980773 54.35994619520362 49.91916690646382 50.898181167705864 51.246000027338034 52.27352548064565 46.829759090488686 45.912406847112074 44.71602770586916 50.64913191007983 52.923586520562445 54.06784084309722 57.14121265684328 55.93517758274865 53.96632907357762 46.53511029772773 51.47620743271614 50.420140430433044 53.092399798014505 53.756048675922024 49.67768069887338 59.40549335188136 48.69951316383681 53.50314361726703 53.50983535484127 56.70427887371334 56.98361184059362 55.125380268621875 51.443228279370366 49.95530379092157 55.7868999338148 56.12483802140713 51.799232686508994 51.42987972910908 48.633514436905315 49.17002672075634 50.935214182138616 51.10191378112309 48.64118839547619 48.49346032315497 49.587107128374804 56.55167476236603 54.70460176486141 55.578527147046785 52.592403909217694 53.495810976586995 46.7552418790813 55.41134953221915 56.789962935276314 58.189505667053275 58.22050911219764 56.84927563531998 60.15454836610239 47.60880970781322 42.58829949399685 49.36134773501678 48.40323176673199 52.001418182437526 50.682847465366464 49.84779414021279 43.40957570219142 53.91555705186307 53.20033111392164 51.24847743966857 51.82339678733184 53.68997753051362 42.11642502567214 51.30267021124189
ConradiHermann_DEU056_1 52.49841747587793 51.671865931800255 51.013077481936 51.910939610645954 55.908004926798206 50.709631509252205 52.914948899352865 45.117211029561254 47.833688336054365 47.57322591067749 51.0992365836557 51.005838093997944 50.312019898044156 51.29818134609404 56.45838075164815 0.0 54.04209919039298 43.380742638302856 46.45614956365599 46.60075799708198 52.29420931891147 48.25138070239117 54.190605219435824 50.40362274274627 54.328660574172766 55.23802965458862 50.061204827586664 51.23524642008224 47.42569972943769 44.871488197669066 52.025064717148275 49.775551245027806 46.63842987911752 56.26797935444018 53.25466928195301 55.54893444977187 58.23859713792324 57.099682403372306 63.13354305777892 55.10671296712708 55.49960521805452 49.44257871429481 54.21570775873969 52.140287514178944 50.242995261079614 47.549990676465356 45.46945545949474 56.90086263114419 44.513581772431365 45.834472444878394 54.378710027300365 52.432141845946695 55.50853142166711 55.183453289219614 49.56805027734444 53.121002901834046 51.58159588806261 50.511810080901604 49.13513339882192 50.5169296893006 56.625236687064806 49.661246695399676 53.69107512846713 53.258902048314596 57.50203393920671 53.29044294221082 49.17050506234969 53.83393352475895 55.673993330541556 54.006020637551785 53.449636205434665 50.66545589701972 47.71911287121469 40.72354960510712 42.453765259581075 49.300157746727784 54.13488627253803 53.77422684637831 51.859247290627 52.19078416407339 46.41523764166579 50.26676970202839 50.416638475659646 51.949338394496166 47.631834684345804 49.825311191965156 51.29575635453572 57.068011068021946 54.449228296904735 55.34853546114708 51.21204092475471 61.67153071447932 54.01145364645833 53.37506590436578 44.56542751337492 49.484870498149796 55.13121239308679 51.763406649681755 57.43971323227122 53.68745029716971
DahnFelix_DEU044_1 54.474059935101586 55.87131804273348 49.73573113404608 44.130309946540365 53.41935700864814 55.156178175379665 57.06677826538717 59.62667863833151 43.66828762121555 45.398769620162696 47.649227612649106 42.33803001353968 51.113350606474604 49.78688233045859 51.197836082115636 54.04209919039298 0.0 52.44223765907347 50.44057250432172 53.81893157765168 43.06824750140695 47.56531638005716 41.31801754305008 53.841709541408626 48.52237277074839 48.29758914487689 54.173709469469735 55.181724947398536 56.21986749338732 57.83796771899886 51.6294568035628 53.68958725418286 59.77029716275548 47.13787942327522 48.01895861918312 41.87872651342786 46.27593124334821 45.684737682853196 40.26682875839918 42.807318643905106 40.7670668017395 50.13857555929594 49.016304054662974 49.71470190146148 57.407109260539556 51.959136416338566 49.50388390264693 57.065629778889964 46.323459618244776 48.44102423200331 54.81510405990127 48.27688360416068 56.61457431432158 54.62437525336253 47.545789663575185 51.29900209545205 47.25415373871687 56.514702986951114 58.21864082932521 53.51591450459209 40.06886244951177 49.83354779243635 49.502287163363 53.77454232913543 52.844295232266035 52.88389514726972 57.53081962513243 51.46281006140508 49.861452370615105 43.91909602893852 49.07398878519172 53.02352971295312 59.94903078582029 64.17169308522925 59.53755512893616 59.45486510562765 53.59600510786239 54.13385140798525 48.16483140190703 53.4513516737879 54.01144572148792 48.218478935108564 55.865338069429626 57.08367997679427 58.19022331140561 47.52807207921868 56.792341330066535 61.055127071649245 53.40100164167025 61.452449273445055 58.269411610998006 44.480832695761016 57.5163334286327 50.37892257253132 50.153827158131435 49.224790058245745 50.255288527208336 58.02124997814257 44.00926260937038 46.08254975405197
DohmHedwig_DEU057_1 47.5768723883513 46.238136126310714 54.58835113932693 49.206428191871375 54.811482961082135 52.592000878042654 54.147740151125795 45.383326887857606 50.151507873561634 46.28912947458587 49.735988255374444 49.61063900483219 54.6120243884873 54.10052449226787 55.73696658804452 43.380742638302856 52.44223765907347 0.0 40.39565841574919 34.78240090202512 53.02227427936608 51.34926593626584 49.757992539343704 50.64730027018455 53.087972237267735 53.7972500342387 55.03883109199709 53.33503350445174 50.743258432012496 48.78181348264715 52.40146112093514 52.06369994609518 48.323027575790405 51.090268516084315 49.38239827068699 50.84739536226207 56.97408043286678 56.31491519705701 58.207642465170814 54.46325379380141 52.84341647614729 55.9998676482441 50.70392368648313 46.77134284925681 48.42407730204562 49.520671246426936 47.1892733839957 53.997323627571475 49.49687064364712 50.442591739135274 56.96021595916613 47.54263446564955 57.58031012133973 52.75606881022276 52.40193360041747 56.07477632180134 52.27596927393784 53.93516541731359 52.41001472691437 53.93767916827528 56.1649418414534 51.69191157937542 52.528450569233165 54.47128336907639 56.651492909237234 51.82049081623484 51.4324150082866 53.12099365603725 53.15524221955576 50.27242201339536 52.40423854671445 50.553035334149826 49.31166411837656 42.65392489431217 47.868761578201266 49.20488938296664 58.09519811557854 59.30032042197093 47.124180299745454 54.099241048464094 50.472291561526 48.32944434905389 48.834991653074646 54.529219246362615 48.80310495283769 52.226041769868154 56.74438970845075 54.86354577377279 52.193034561050816 53.791407937443786 48.55781560577571 57.703493699884405 53.94598195847576 52.29685370494106 43.23061183364683 48.22624629958354 53.29356376628677 53.871882948073846 52.57072665864238 53.72724255945584
DohmHedwig_DEU063_1 50.36465216463297 50.61391277643397 46.53313391437616 49.13996433124264 53.542329352101724 54.34139891472921 53.177804057117996 48.76825168913802 48.565584555558495 49.0284333145361 47.092741831050176 47.14673954202414 51.920288536811434 54.66370015467626 57.697705219604444 46.45614956365599 50.44057250432172 40.39565841574919 0.0 42.78146691598096 47.64649570925002 45.274937533120124 44.77433949711566 49.30366060610909 53.138260440074134 53.567728620502045 55.72181350227372 54.06483326316596 52.918793543063344 53.3853573361662 51.81650679552999 52.975457874429075 52.29870106997506 51.206664918774614 52.85185635498321 49.65352993304766 52.75526244190846 52.907296771548616 54.986414265494105 49.758624857057484 52.37104851989367 56.432885100107335 52.148711970021964 48.418127127560616 54.77558520210177 46.65812877350352 43.83405038979713 54.94201552133087 47.49689869307963 48.05791770680358 54.52596305821164 50.864952010081545 54.470088598060066 48.72899860943174 49.87047156610268 52.31801039626892 50.70411187298095 51.83208310642073 53.14835868816576 54.00875815223995 53.29418194050437 49.0241028058798 49.468951701740316 53.815678036991784 54.673286264992704 50.73583727241196 57.48201135439155 55.96470626755271 55.076881552030876 53.28835100841864 55.542896388455304 55.30157263006329 51.55433944938612 49.00015145511039 49.43571510153959 48.87582039819278 53.931367692514115 53.22163117942314 50.948016630108256 50.56383383233098 48.040515024777214 47.992264891980994 50.75945722666424 52.16926909195872 48.918204689238884 48.83518093673016 57.010799186621966 56.08911699598716 56.117412483251115 54.322215845874624 53.22457953672047 54.34112990361931 55.963896973649554 54.1634797097653 49.14395701691263 50.881137479968686 48.154566740388475 56.115870344418525 53.5684542546347 53.310193743935784
DohmHedwig_DEU073_1 46.25516996142037 46.494927259278604 54.44809468616559 48.46890516412626 54.758434926966636 52.562803589760136 53.72265244894483 46.29050896607197 53.01934232345731 47.44632719070427 49.65699256129728 48.756291157057035 55.69050794654515 57.85740859575958 55.55106651162097 46.60075799708198 53.81893157765168 34.78240090202512 42.78146691598096 0.0 53.31505005702782 52.79427347225374 50.59040193699256 50.619002230578644 53.45831611466109 53.92417003962771 56.73985127824861 54.20471690421276 54.60085218102748 53.14259661325464 53.99367575807571 52.95181530337665 51.86254480847535 49.60882654460094 48.588929070154876 48.895857333299006 56.06380631261957 54.56713674794295 55.88358011144096 54.93439151913132 53.15341036419315 58.42995445128738 50.05010527589305 45.77370329021311 46.68215758745596 51.64474296401957 49.4521316987006 51.05648159166037 51.4893508700716 51.97902168652688 55.24207841711212 47.2337127887244 57.0766631860194 51.26306139363739 51.09475761800843 54.061803235397946 50.62031986810585 54.33155141026869 53.25582797889106 53.99087048705083 55.42367154604802 49.96867881907884 53.25815370109269 52.247492952698906 56.455673865641906 50.50274225186755 52.79064264402574 53.291270119400345 51.94936930013373 50.35027309156512 52.29435443733317 52.160825856243385 49.28375413272465 44.85989232960365 49.737868529848804 44.605187201268464 57.854416137355884 59.20316498924198 44.110489521726535 52.28173425862323 51.62044795512644 48.66880345632313 48.78168951118764 52.244609700142064 49.12392916728172 52.7621787352923 57.33246052042881 51.46757288173514 51.63253295760166 51.11631033276233 47.567297841293176 56.5225025077596 54.41788462561977 51.869391522555304 44.142848465336286 48.27819005036752 51.01003960794451 54.01513243208325 50.11182524555831 53.48950716540284
