 BartelAnton_SLV00094-L2_1 BedenekJakob_SLV00024-L2_1 CankarIvan_SLV00398-L2_1 CankarIvan_SLV00401-L2_1 CankarIvan_SLV00410-L2_1 CankarIvan_SLV10001-L2_1 CankarIzidor_SLV30001-L2_1 CarliLukovicAlojz_SLV10002-L2_1 CiglerJanez_SLV10003-L2_1 DetelaFran_SLV00111-L2_1 DetelaFran_SLV00112-L2_1 DetelaFran_SLV00278-L2_1 DetelaFran_SLV00363-L2_1 DetelaFran_SLV00364-L2_1 FajdigaIvan_SLV10004-L2_1 FaturLea_SLV00352-L2_1 FaturLea_SLV00502-L2_1 FaturLea_SLV00506-L2_1 FinzgarFranSaleski_SLV00273-L2_1 FinzgarFranSaleski_SLV00496-L2_1 FinzgarFranSaleski_SLV00497-L2_1 FinzgarFranSaleski_SLV00498-L2_1 FinzgarFranSaleski_SLV10005-L2_1 GovekarFran_SLV00048-L2_1 GovekarFran_SLV10030-L2_1 GrudenJosip_SLV00425-L2_1 JaklicFran_SLV00126-L2_1 JaklicFran_SLV00373-L2_1 JanezicKraljevIvan_SLV00135-L2_1 JelencVitomirFeodor_SLV10006-L2_1 JurcicJosip_SLV00216-L2_1 JurcicJosip_SLV00217-L2_1 JurcicJosip_SLV00279-L2_1 JurcicJosip_SLV10007-L2_1 JurcicJosip_SLV10008-L2_1 JurcicJosip_SLV10009-L2_1 JurcicJosip_SLV10010-L2_1 JurcicJosip_SLV10011-L2_1 KersnikJanko_SLV00058-L2_1 KersnikJanko_SLV00187-L2_1 KersnikJanko_SLV00194-L2_1 KersnikJanko_SLV10029-L2_1 KocevarFerdo_SLV20001-L2_1 KoderAnton_SLV00098-L2_1 KoderAnton_SLV00099-L2_1 KoderAnton_SLV00103-L2_1 KoderAnton_SLV10012-L2_1 KovacicIvo_SLV10013-L2_1 KraigherAlojz_SLV00355-L2_1 KvederZofka_SLV10014-L2_1 KvederZofka_SLV10015-L2_1 LahIvan_SLV10031-L2_1 LevstikVladimir_SLV00345-L2_1 LevstikVladimir_SLV00478-L2_1 LevstikVladimir_SLV00483-L2_1 MahnicAnton_SLV10016-L2_1 MalovrhMiroslav_SLV00455-L2_1 MalovrhMiroslav_SLV00456-L2_1 MalovrhMiroslav_SLV00458-L2_1 MalovrhMiroslav_SLV00459-L2_1 MalovrhMiroslav_SLV00460-L2_1 MalovrhMiroslav_SLV00461-L2_1 MalovrhMiroslav_SLV10017-L2_1 MaseljPodlimbarskiFran_SLV00132-L2_1 MaseljPodlimbarskiFran_SLV00310-L2_1 MaseljPodlimbarskiFran_SLV10018-L2_1 MencingerJanez_SLV00174-L2_1 MeskoKsaver_SLV00072-L2_1 MilcinskiFran_SLV10019-L2_1 MurnikRado_SLV00473-L2_1 MurnikRado_SLV00476-L2_1 MurnikRado_SLV00526-L2_1 NadlisekMarica_SLV10020-L2_1 PajkPavlina_SLV00231-L2_1 PajkPavlina_SLV00234-L2_1 PajkPavlina_SLV00240-L2_1 PajkPavlina_SLV10021-L2_1 PesjakLuiza_SLV00227-L2_1 PodmilsakJosip_SLV00122-L2_1 PregeljIvan_SLV00417-L2_1 PrelesnikMatija_SLV00452-L2_1 PrelesnikMatija_SLV00454-L2_1 PrepeluhAlbin_SLV10022-L2_1 SketJakob_SLV00172-L2_1 SketJakob_SLV20002-L2_1 SorliIvo_SLV00325-L2_1 StritarJosip_SLV10023-L2_1 StritarJosip_SLV10024-L2_1 StritarJosip_SLV10025-L2_1 StrukeljIvan_SLV00090-L2_1 StrukeljIvan_SLV00092-L2_1 TavcarIvan_SLV00136-L2_1 TavcarIvan_SLV00324-L2_1 TavcarIvan_SLV00406-L2_1 TavcarIvan_SLV10026-L2_1 TrostIvo_SLV00421-L2_1 VodebEmil_SLV10027-L2_1 VosnjakJosip_SLV10028-L2_1 ZbasnikFran_SLV00391-L2_1 ZbasnikFran_SLV10032-L2_1
BartelAnton_SLV00094-L2_1 0.0 4.5215367593045555 5.127775120405756 5.054066351386505 5.080076665013374 5.19982235117297 5.0452837277052796 4.432345328217932 4.619458209770538 4.402829950129516 4.5379639219122705 4.579763294384634 4.716246056332755 4.700322615630298 4.612924182953921 4.734837675370776 4.581329892227506 4.755655454854107 5.062697794447849 5.031026476630685 5.316598498016359 5.200909316855874 4.951650841852738 4.871074736499396 4.587568107383852 4.445491297343822 4.379784495082832 5.0456366381219 4.215538082605974 4.785132753342858 4.609666059170825 4.790656446125538 5.1295862857817855 5.099464447501099 5.169220812596181 4.907955742071469 4.755845568091902 4.997045680850564 4.684894940594063 4.714998877787213 4.637073108609359 4.712425235153218 4.76206385032428 4.423132634449364 4.950415667222652 4.682849548569523 4.226728097524512 4.617681989042409 5.115784635977199 5.1831319029040746 5.133804771085557 4.230740648220926 5.159545496264796 5.018310351372184 4.576555008803206 4.593432827870566 4.700744807708673 4.402262531995001 4.627639903370122 4.732908432985842 5.043989494303464 4.936948212275997 4.693493576451563 4.888735853187976 4.711946737038787 4.743756067246069 4.6718273587229415 4.998057856262786 5.057857789143834 4.658946260372044 5.1108646539028 4.938875620685937 4.642133894832922 4.783722063376206 4.831847294489896 4.826282311693252 4.788582784280223 4.901324906735603 4.154408758021241 5.039322228938703 4.6351643183535165 4.628040750759693 4.922710243351595 4.399401716166472 4.302084277613587 4.853092448860105 4.640279150932672 4.718378237797434 4.717852050244165 4.630877984683279 4.650612192053483 4.608148398201388 5.038796842574103 4.966292917119559 4.905265994546827 4.583935193179775 4.887228016412722 4.690980724590669 4.860205605452025 4.884050452283221
BedenekJakob_SLV00024-L2_1 4.5215367593045555 0.0 5.322563522359378 5.249711731330029 5.27397882267643 5.408887314680232 5.076863392937114 5.038641067561981 4.215629295897591 4.544542217110919 4.57417758529661 4.622026999466267 4.581711738172864 4.482972748105919 4.7010972314344555 5.088031744897842 5.284248294584716 5.064192375097959 4.915025428104172 4.993988670881554 5.251138562097631 4.832466665252188 5.102444044669127 4.775889788695735 4.557588848934985 4.994451354617126 4.640291842501872 4.827263837844237 4.266676019206318 5.291155884777348 4.455089340449193 4.510480656195455 4.624782387409081 4.485195083439741 4.795426269355669 4.566508919696784 4.438213460194732 4.866174047390611 4.714882063871337 4.600848507958335 4.948816038620132 4.665349161741139 4.618618521350711 4.666175264052831 4.615137836806602 4.745898116930444 4.6000383042795185 4.55445178439367 5.2570356047375295 5.054868997341564 4.844534661221684 4.75599474438598 5.338941905400837 5.180118292476652 4.937021277688673 4.490664237107126 4.906619548380604 4.622639846196741 4.319658839456024 4.592247460967561 4.900261878350737 4.662213005104194 4.853063762161208 4.4521147274227 4.697298098957935 4.616168981259322 4.370009158598602 5.382462631356702 4.4624169021185525 4.581578827651719 4.95702268875033 4.891297869176965 4.608679917645985 5.114309357824632 4.821908175980049 4.639330518290786 4.836438277502437 4.843505897515496 4.486539630303922 4.823266122769164 4.619209098161081 4.851351798392303 5.483677773468455 4.81034286362185 4.717441306305043 4.7438192812048054 4.951076008858411 4.445421616613234 4.919601925740963 4.01131460222023 4.110781294868966 4.325459492886262 4.41904215526753 4.3267435396089375 4.371511557436465 4.5038612333080605 5.209365758327127 5.014105159615173 4.792915913949737 4.769632364004169
CankarIvan_SLV00398-L2_1 5.127775120405756 5.322563522359378 0.0 3.1139779241066288 3.3856962412879685 3.1926181846476065 4.273530063042156 5.017239065557626 5.01033312347856 5.262663939737633 5.269572388762288 5.089184841279787 4.818486884296258 4.794325011337632 5.004657573716263 4.72983593020844 4.538829797201352 4.811342299006456 4.709390196229096 4.41188081314681 4.164237716067598 4.06264631512665 4.475745803243205 5.142232786959748 4.69697733635224 4.9195874322354705 4.958326272541861 4.6515977242467255 5.4995255748013285 4.625712979560698 4.9612650026549545 5.020543161795441 4.904332177160975 4.744921122457567 4.976816144554511 4.9965147252574695 5.243764021493439 4.862799911218864 4.991154648376645 5.314217222582251 5.050821105506838 4.968976809757252 4.776900726364385 5.18809489338234 4.8463148482293255 5.22626131660124 5.428371804730812 4.856505655249855 4.309632756953791 4.522041023792848 4.587731466271081 5.045680958496064 4.054476807517489 4.020455301845793 4.756425683613332 5.095127703314333 4.983290309521445 5.1902393320810685 5.251416193702777 5.232738621858575 4.927452818781432 5.197924922417359 5.00908410118695 4.547165315982543 4.499031312542216 4.589048677119427 4.8879206427373205 4.574681735473119 4.585224396019785 4.850150379166086 4.506080629347887 4.473723041965027 5.156669979649585 4.976526573144375 4.972337404673751 5.1760482276350155 4.741217651387797 5.080843622576252 5.370062134702246 4.319306241609447 4.90167781286249 4.718735743797371 4.194361730735125 5.293706604496192 5.050776529825411 3.9633171848011832 4.817702737268973 4.977397761861596 4.904186280354046 4.879981984241869 5.074883466623694 4.868996766245484 4.774679880912333 4.9720977422322985 5.011079892192522 5.075010778155072 4.558730934481211 4.746858945911423 4.842770206035767 4.848828055268264
CankarIvan_SLV00401-L2_1 5.054066351386505 5.249711731330029 3.1139779241066288 0.0 2.8976306805010514 2.485028051817173 4.37392510064292 4.811582376256208 5.121848846593965 5.326403886315158 5.300555347052785 5.1954185599993465 4.681094935948103 4.8405742131062635 5.218925756056576 4.571886432254041 4.0680618604902 4.671342370923969 4.617306877973518 4.301853907031895 3.786264500736614 4.112275719648023 4.118799273394639 4.9955294290451695 4.590710433163788 4.938835789404731 5.129015759907298 5.078910263489767 5.639159619681031 4.635470548447583 4.849499173340758 5.15366561912532 5.086087560438386 5.244083138138891 5.114352508178408 5.270783997297278 5.289417180232573 4.852337388394839 4.988527556212378 5.231596781995075 4.832135365637701 4.979730873878267 4.843207822266365 5.1398824758844235 4.820783667210345 5.454218568182979 5.527112195065765 4.929302268321917 4.526878822032577 4.335617799807434 4.365190924820037 4.973450037519952 4.161522207783483 3.6460417833624357 4.725761898212352 5.062928514099447 4.98573591064138 5.172983689397386 5.263496608327232 5.3204846580878415 5.065330545192465 5.55746804630764 4.881612435354213 4.812454925025305 4.412618413853428 4.684031681088698 5.191755966513246 4.515658810999421 4.453772415491248 4.764963456662098 4.510679756502657 4.2646486453324375 5.189454535326258 5.053313726093042 5.189194096298691 5.295807042990267 4.878006106246771 4.933296565873176 5.237878214319185 4.373753397940333 5.2778052265994475 5.041427007497301 4.114673775085793 5.362643678151221 5.079069468183667 4.351155220494411 4.879792606820552 5.2073396757119985 5.044920196102599 4.94732616115426 5.25174696329807 4.904473990140724 4.610996151053507 5.005309993975151 4.781256762795704 5.1924289475795335 4.4409953345896405 4.778832509361213 5.0150329010024315 4.976720122007876
CankarIvan_SLV00410-L2_1 5.080076665013374 5.27397882267643 3.3856962412879685 2.8976306805010514 0.0 3.2756487297268904 4.179530109456112 4.985963421995473 5.380347656331177 5.139997707464294 5.29527955789987 5.095273535109695 4.975715943480469 5.072286331340318 4.850654969665835 4.8003913943256835 4.571837593047179 4.746806090087409 4.496716995838487 4.4431574526152415 4.1038586689463585 4.411072997155603 4.474889998987218 5.0739282325434605 4.737405600408262 4.928037895398505 5.257915466950494 5.038180475139806 5.291418874930198 4.120665422216884 5.329070153536401 5.105933203564941 5.06072178611217 5.182149119086484 5.1210984789969896 5.111682030578731 5.148930379226858 5.070207695196509 5.017784809138102 5.204692704634386 4.92432816230914 5.0816146624110505 5.031967720458875 5.088596811514939 4.9095977563692665 4.973774530556674 5.165489834303423 5.2927328105784355 4.230869969617835 4.195551203958091 4.340908680964816 4.648433726878268 4.0213694266788735 4.26858633089222 4.796502916856074 5.279511830114238 4.9929314454760965 5.076733626659576 5.069976342907253 5.189520691131479 4.683713984711488 4.994302306559125 5.022216471740034 4.803477932192048 4.810975476030306 4.591175120871624 4.8607488684436895 4.383005060726872 4.847627191138246 4.830822385510662 4.7119438774391105 4.75901361840766 4.984891316927972 4.906008315633502 4.645934792181913 4.89134074259578 4.755588645043986 4.691636747698569 5.1434652491560975 4.583401485708129 5.005890255645582 5.132077523935823 4.1471321891798505 5.02306425838578 5.075353179670101 4.520733419099794 4.496583193042124 5.063022734997966 4.7392286532375305 5.037492642744135 5.002392151652382 4.896199747601429 4.774805555388442 4.968497011402227 5.136748266063262 4.782269346350812 4.805368302155102 4.626096030292657 4.959786204381101 4.8146641797950025
CankarIvan_SLV10001-L2_1 5.19982235117297 5.408887314680232 3.1926181846476065 2.485028051817173 3.2756487297268904 0.0 4.56392787415038 4.62347163250268 5.293620857340899 5.250380519143439 5.287601371208818 5.338400901184175 4.959657754693637 5.153244513827925 4.974905216844334 4.4945262376951565 4.118929047891615 4.483228775496364 4.586240820898761 4.269877821028783 3.7469235897496294 4.160445113523604 3.9575924290281446 4.744760027302169 4.69214149329271 4.724236853935935 5.045808568865446 4.9935804169261875 5.701724692494836 4.326667846949466 5.013293712522824 5.132524577168391 5.307792234836047 5.373200118539305 5.225157378366962 5.410236447952052 5.339033563462659 4.6543481945669205 5.142330882695348 5.292521592785541 4.9667953534229285 4.984582983518223 4.848635422245913 5.150815900077057 4.755946604284334 5.410642478376236 5.473178121406688 5.042219718799294 4.341056227110053 4.372085121533066 4.592524454730654 5.122313789329359 3.9328054522457494 3.4923782320143077 4.584951160772186 5.205389119437934 5.011997613026792 5.1536345347300445 5.475532747534078 5.3380057663818565 4.957813903019216 5.450313277337812 4.764384501301594 4.708717322707327 4.50007976746617 4.793426343489818 5.194914988919174 4.1716357940351525 4.6991464803842415 4.655026366681879 4.358921175666366 4.144027941179641 5.274954854935591 4.779605869051416 5.156140136785402 5.305964651984329 4.777607480405789 4.774321120627796 5.202929117958229 4.2876554282147215 5.110610639459375 4.9294927056924935 3.948072416443909 5.274150586418265 4.713868767157292 4.754018499248514 4.7719235414704375 5.443920509118902 5.086613437318076 5.422777475539816 5.616624694460305 4.714582705442812 4.73036922370834 4.999128771679156 4.820659340523205 5.285020578488089 4.306326700723413 4.849296070016489 5.098605613460741 4.955794799681966
CankarIzidor_SLV30001-L2_1 5.0452837277052796 5.076863392937114 4.273530063042156 4.37392510064292 4.179530109456112 4.56392787415038 0.0 5.308411533716479 4.9869844356359705 5.118746220725245 5.285080817364155 4.669943284208777 5.069338085377465 4.897733838413933 4.602241792851127 4.85271304784885 4.736899219296166 4.8779278448838195 4.586632088229678 4.529781589825958 4.50095649421889 4.566584576642488 4.883185147357672 4.807093262939967 4.615688416739056 5.098507514172241 5.352466463456291 4.956633494913862 5.251593765313291 4.277781667610469 4.958697132650752 5.095489517998456 4.558354453409276 4.450821997349515 4.590235668132298 4.717650318028545 5.16575182738898 4.889854863025841 4.7366534278817545 4.840992384289606 4.779350078378212 4.752289498047285 5.263188161664707 4.970079094161242 4.814630379828627 4.711901410326236 4.96740410799969 4.887258233264933 4.543438890460477 4.141188726509179 4.298227396933241 4.453641166573929 4.0931773270565435 4.558036745956997 4.793394418962394 4.790159288984612 4.984916956425375 4.925148531085649 4.764870836511124 5.079610278140469 4.637013311513806 4.812467662941666 4.987890619299739 4.80692647586319 4.996168828204773 4.784120320116648 4.622153858474138 4.797594781795844 4.962149651414603 4.707629444277404 4.345159234075309 4.749223710426525 4.571546363364427 4.822859479117078 4.864932745891268 4.935101975207548 4.665111838013488 4.508141375366639 4.989733433408626 4.789849633862847 4.956598038696844 4.637030308476303 4.305785378064783 4.792993567302833 5.091863798007837 4.432624677794208 4.5275195497654535 4.889781776113021 4.654965590004486 4.906370566441614 4.838086301863777 4.9024186219362855 4.6992100971289945 4.7999932270992485 5.0890835227818085 4.609671388966779 5.018685667138424 4.503032355479238 4.763966198218938 4.842978008885719
CarliLukovicAlojz_SLV10002-L2_1 4.432345328217932 5.038641067561981 5.017239065557626 4.811582376256208 4.985963421995473 4.62347163250268 5.308411533716479 0.0 4.814631187039318 4.323675659741897 3.9676549463427246 5.186547225668361 5.081595039205423 5.239212311151404 4.674861754786454 4.400992564486471 4.2848821502324945 3.902441767083167 4.818213428263875 4.721411190798014 4.704397745526961 5.148163180905969 3.991087632823474 4.70912685858476 4.4804499107174784 3.6183434136964228 4.828764749753264 5.177852203700127 4.163394847649117 4.7377764784419165 4.890912359354887 4.175768506617629 5.451304821463513 5.394731252963424 5.25258745549172 5.325198898019163 4.5910737071297145 4.91919482624704 4.875304145280554 4.912632727387378 4.884895628950608 5.019710202339068 4.3326737694419535 4.6826557445614245 5.095736099770013 5.047626688761856 4.272621013209856 4.931889467055192 5.09700954606708 4.9943288097744105 4.915074024044105 4.368506346513298 5.050509074544318 4.576556237548812 4.371258310628899 4.421316241601742 4.224535204743389 4.484217531115275 4.75485287681256 4.201530428904603 5.070489318414499 4.930938892940875 4.531948172534783 5.100038346805492 4.8216979027081255 4.882003710376397 4.82787882449393 4.560808489006807 5.055218537582007 4.714132979776541 4.861180958788694 4.379570862274696 5.108011826102311 4.994283271275741 5.185490324263087 5.174159214007592 4.995836516456253 4.568329220063992 4.208627568754373 4.770383665208712 4.422063629311822 4.4369003707396555 4.666221155181609 4.7972648578936345 4.240355189822482 5.053748956531178 4.651369482014431 5.380621456641995 5.076738419653868 5.4352315236921065 5.4874190635505204 4.604348064210392 4.880809431850097 4.902996158979865 4.526042620232687 5.198507578963544 4.492702289695261 4.826194311089161 5.096350585390788 5.071788211329272
CiglerJanez_SLV10003-L2_1 4.619458209770538 4.215629295897591 5.01033312347856 5.121848846593965 5.380347656331177 5.293620857340899 4.9869844356359705 4.814631187039318 0.0 4.557991855012123 4.563003774178708 4.258296115654101 4.166504016936724 4.028231996417955 4.9720498745395165 4.555073265133871 4.766300942496527 4.7573373911169305 5.219861716099241 5.264264309362423 5.274996286763836 5.06803256131535 5.369825007722491 4.832776639006081 4.846897828350209 4.896157718307343 4.34104706892636 4.218221369689577 4.3218923681087436 5.292095505611585 4.797299143774485 4.710704492790724 4.441185076304326 4.175452206996979 4.791995686402479 4.804016151081498 4.721350881835989 4.457527353803482 5.2906546903408405 5.232220811419824 4.986479497578575 4.988030417825507 4.769417501583924 4.992021230287175 4.866272648442999 4.840504582969884 5.069287341517393 4.440450788653253 5.375914852069889 4.945967956436506 4.494530971271075 4.872088719241704 5.243122594824349 4.689555843890459 4.9655000337178645 4.479767482383325 4.711402104216312 4.702872500375069 4.643339118984814 4.70551535455525 4.961588860992549 4.718594773232353 5.228669808964477 4.637036824882532 4.5908285037699805 4.748289618930249 4.721983054773546 5.4931022911958465 4.509581011499178 4.788898220025437 4.793094787251647 5.033356781129649 4.731944858144495 4.973619527775579 5.230363003776404 4.951195025716746 4.887812400533536 4.9195058028689855 4.335500122351277 4.967477813043712 4.453996482052967 4.617849811293191 5.404644261632566 4.736795473738788 4.640212684559183 4.605712164103072 4.32412894000654 4.243663863176037 4.2607746899963015 4.185120100498786 4.457278149486762 4.998967100561718 4.930342157748727 5.069457953326657 4.445215599938513 4.6445524640329765 5.11703349555149 4.791313695940423 4.817916649159532 4.678833622456848
DetelaFran_SLV00111-L2_1 4.402829950129516 4.544542217110919 5.262663939737633 5.326403886315158 5.139997707464294 5.250380519143439 5.118746220725245 4.323675659741897 4.557991855012123 0.0 3.5014020929618894 3.9135324716602744 4.440234549970516 4.3000346420629825 4.7922819755854125 4.484209469290817 5.0543147357901725 4.437191892838498 4.852491310842328 5.095758474626444 5.228752433221953 5.000355568572281 4.738055509347828 4.837054522932594 4.709021274001401 4.561515041889771 4.5793253103222735 4.891614982831158 4.080826966634993 4.8976841671863625 4.94767738648455 4.630997216630484 4.926155736341126 4.833644459831138 5.047597925231425 4.970733503678637 4.450241130190395 4.960528725332004 5.044167599014056 4.630633042791671 4.926996656785257 4.755255494138892 4.521382401449028 4.593460071750123 4.732953905081054 4.709349232821242 4.562143150120115 4.969679122113169 4.958607853528461 5.192332283998939 4.892122364531264 4.440959012244208 5.075549640243832 4.9504023078476775 4.734773916407282 4.817988578356919 4.388832766632602 4.428717726595031 4.529456379260741 4.505289572598321 4.818316639158291 4.673081201627463 4.7777011289394355 4.834301472447338 4.832104834272835 4.766617983398082 4.910193945943708 5.013385861503961 4.785005494185716 4.682147700192531 4.810291049920349 4.684203179927244 4.884519644136109 4.977660525221118 4.8149162687361855 4.7178355123219555 5.154591310291005 4.800907940654636 4.665601125786358 4.746314691216871 4.710238761712816 4.694430996474699 5.0279223021216 4.688594654735441 4.677742323971034 4.984823466084372 4.9513926696163715 4.668163137847297 4.785237770381574 4.727233655749496 4.780059511758199 5.060596229137131 5.237195424289203 4.904454597924141 5.129017075942443 4.946142897801871 4.637867342932755 4.680986601212994 4.751389448002594 4.775779901052367
DetelaFran_SLV00112-L2_1 4.5379639219122705 4.57417758529661 5.269572388762288 5.300555347052785 5.29527955789987 5.287601371208818 5.285080817364155 3.9676549463427246 4.563003774178708 3.5014020929618894 0.0 4.341274957650915 4.59526107078921 4.49192515311387 4.864574807087575 4.557973647634752 4.903364381316206 4.372151488471675 5.126989487397189 4.940770907351763 5.184569303821361 5.0658615052875575 4.648474011979532 4.741369187618251 4.6121851487646595 4.31659467634913 4.560950381635565 5.199527065449452 3.9524122305452196 5.018035169397227 4.703228262955931 4.422254751080071 4.9787572950606735 4.955276591117983 5.098028449597511 4.985468402381586 4.177984583142213 5.013705067792854 4.807658660990615 4.464740169668821 4.821947112945535 4.780356637479364 4.378274986309114 4.5517557612514645 5.105753001583437 4.69046436310906 4.462147558100691 5.024913916271363 5.14096510279638 5.2153545220337705 5.107528427616816 4.502310430141651 5.088194366244987 5.1312459490041284 4.568054080698375 4.465240187038513 4.343246393159408 4.429013449903488 4.398504277569162 4.159865115801099 4.872719654120538 4.660224503276654 4.6110528981854495 4.657920770200759 4.883015567135917 4.681421437612531 4.8795991395367535 4.964707477707969 4.641602434485416 4.733034712700968 4.7645938938047685 4.354312964178586 4.827265663129069 5.0760718042882145 5.079226117394548 4.890050504157955 5.257949044080968 4.839502045438662 4.58758628600781 4.499024156926466 4.512974585942499 4.541513142144273 4.908176910833648 4.848936298649028 4.817920129039433 5.0901202680912725 5.103548149379188 4.895047134564184 5.0814839396046185 5.028214860335088 5.017744021645167 4.6897184148283415 4.978189764756358 4.495932083296109 4.602951798450872 5.014258459922164 4.622139496777764 4.772608309923336 5.141453451353959 5.053785462840944
DetelaFran_SLV00278-L2_1 4.579763294384634 4.622026999466267 5.089184841279787 5.1954185599993465 5.095273535109695 5.338400901184175 4.669943284208777 5.186547225668361 4.258296115654101 3.9135324716602744 4.341274957650915 0.0 4.383498436851882 3.701440492780828 5.1025784286530405 4.855739561988296 5.083171318770104 5.043280105798584 4.69592156430235 4.896772920146025 5.0997082275964924 4.750275164902796 5.291280364630677 4.737249386453049 4.768141830632907 5.132583783266435 4.7147944521539245 4.824881759213228 4.387598735080002 4.903000675136846 4.917370522252763 4.870828866962022 4.377016248953666 4.4309062853823935 4.579068164013669 4.429245071859475 4.886455877677706 5.005533994541316 4.808798205441879 4.582839272268134 4.799283641693111 4.573015352613519 4.879945274328879 4.902329609411828 4.81208886271891 4.6156619334461695 5.040178564883554 4.774960696347096 4.798053055467802 4.841451494964895 4.454185889731652 4.63276420565342 5.166799494488312 5.201926453049789 5.117054864427141 4.815843626941721 4.699892070286994 4.741158919203407 4.652482926387616 4.6997468259863915 4.4613187581980975 4.394397062156433 5.063802548807416 4.626222190645668 4.871500954253595 4.615357273917173 4.596709303982008 5.13754534574928 4.413973350100084 4.714926413437687 4.696943870872706 5.084571359007764 4.599531030394811 4.871675680148032 4.565549707948453 4.578131728379737 4.921902710881293 4.985629627976786 4.995289485675429 4.939452648637088 4.851269605301351 4.761387669187034 5.0059324916661145 4.609650911293153 5.169886674665298 4.478810094105728 4.804914244248412 4.371260127960302 4.497857569443083 4.4585535638007485 4.343149632366097 5.273219938166762 4.949323748779398 4.77870545428922 4.9377991841557165 4.739559985028517 5.011782895109863 4.388701459443576 4.747302431945734 4.539208561884688
DetelaFran_SLV00363-L2_1 4.716246056332755 4.581711738172864 4.818486884296258 4.681094935948103 4.975715943480469 4.959657754693637 5.069338085377465 5.081595039205423 4.166504016936724 4.440234549970516 4.59526107078921 4.383498436851882 0.0 4.116555176653468 5.227400839318385 4.871792463872282 4.732073737745081 5.0148248020589845 5.180255468679066 5.101078339445902 5.048538909138258 5.04101087008552 5.335800830667336 5.0106373776657325 5.178355307930074 5.238324702203278 4.519519329954813 4.3682173154789075 4.862763402684554 5.251403091116083 4.257624065251055 4.978985887979024 4.135205530929435 4.124529901878704 4.690306326383301 4.5394221721681385 5.013322955454489 4.433365030092497 4.805665125537367 4.885372104631842 4.540052777760634 4.681587178986384 4.742988724107451 5.031448621208827 4.302667550431387 4.9746008622264535 5.342978818681836 4.2321846263869665 5.283504009464871 4.689634653601387 4.7036013164663 5.111892333436679 5.123525463600103 4.666060145101203 5.127263424456041 4.695920249183123 4.68616192518575 4.928030317259485 4.925548098717698 5.035146655899629 5.042801969875139 5.081720221652956 4.452090911450186 4.566053937595905 4.335738387120219 4.7721898945333665 5.070845172875178 5.30347855829322 4.4280017298168435 4.528080628896337 4.630915553174269 4.844511216834339 4.867494025140007 5.312597907772083 5.3167505209700145 5.149019593863708 5.107285881932198 5.168965015695065 4.56222970625698 4.837370167975869 4.867122503868733 4.874941048045323 5.168256605416831 5.01714412582599 4.915400121573616 3.968019396147639 4.636905378226542 4.184559620617899 4.626013460981827 3.897832777547689 4.107146880319399 5.300145599067358 4.365936114943322 5.041399285680591 4.405765075081961 4.538803904841713 4.835675444093824 4.952323275636017 4.443481990845042 4.492908897519426
DetelaFran_SLV00364-L2_1 4.700322615630298 4.482972748105919 4.794325011337632 4.8405742131062635 5.072286331340318 5.153244513827925 4.897733838413933 5.239212311151404 4.028231996417955 4.3000346420629825 4.49192515311387 3.701440492780828 4.116555176653468 0.0 5.432264375292008 4.701101949311507 4.73466758354191 4.918720014068008 4.922532024085292 4.972240784464798 5.024096875174359 4.802285114015384 5.257892006463388 4.850479383365178 4.913339789779434 5.066907669235295 4.503735737764857 4.409906879452511 4.6683183138556075 5.1385440502248 4.631798048464704 4.998840743973461 4.525953499093449 4.5383783247399165 4.606689964546325 4.500656453227531 4.918814046773263 4.656968425194304 5.07442404117093 4.828683888284613 4.907589813189176 4.8684168055340304 4.778999843950327 4.866197405909175 4.7400607421371 4.845708190859669 5.260402692358691 4.562064913472748 5.067152778180499 4.858871299303971 4.461239127168534 4.922495869459852 5.1481121321167995 4.8705139749928 4.985917668774266 4.8422745693898435 4.694979516398278 4.923849204692031 4.710502921454755 4.836687617713065 4.915898709731966 4.78031056517029 4.969698159223507 4.547363119402744 4.46649583246829 4.595651756858288 4.704030007169768 5.177931546539634 3.936145770954679 4.789639854297492 4.704286689449194 4.818729362536055 4.824337752827226 5.094099472141225 4.965547130422075 4.836792565602354 4.9505086960635145 5.159200125701528 4.936912641913059 4.776919467050776 4.789765612968906 4.830067174375338 4.978293828446013 5.101288122122427 5.138736013232659 4.327773214171031 4.910677673157866 4.2615295159037085 4.622761476323717 3.9825509750313333 4.341037448582718 4.891079398835873 4.714313470318999 4.921145940967153 4.6311084445277615 4.601184734545073 4.8629470467032245 4.709743748594113 4.48400934720085 4.743804180859309
FajdigaIvan_SLV10004-L2_1 4.612924182953921 4.7010972314344555 5.004657573716263 5.218925756056576 4.850654969665835 4.974905216844334 4.602241792851127 4.674861754786454 4.9720498745395165 4.7922819755854125 4.864574807087575 5.1025784286530405 5.227400839318385 5.432264375292008 0.0 4.844281486546829 4.763221838651088 4.804095110412266 4.681328606348785 4.815045427727309 4.796857007229633 4.946551835294904 4.81514356539924 4.9164999945872445 4.671887324434309 4.448352671398575 4.886627392672411 5.082203942556478 4.772279116360436 4.561769101546483 4.826049445384851 4.6123943694770855 4.824954756075079 4.882842728600885 4.88747162358457 4.712569055148832 4.682648796816836 4.950675043425073 4.656462474216579 4.478461090223017 4.602853437472469 4.640004759414915 4.725744259060707 4.599059193697625 4.852483656460847 4.555772745414428 4.3541559276473665 4.8369223972587205 4.801524127504592 4.71881878513196 5.005556592226386 4.305057308127053 4.738194518248548 5.121180449707621 4.579765310601173 4.52497069477042 4.780856854593268 4.758640809848858 4.56660965183776 4.660154024630115 4.710230656046022 4.749769908028219 4.622595698567585 4.8957848272230535 4.692891602224167 4.760392285056655 4.34162843924959 4.712574628591852 5.3605778093274505 4.90679994154174 4.960081683890506 4.977701966307823 4.884452896655775 4.783409428938478 4.662501741755699 4.459500669381204 4.325226061440208 4.299004057404629 4.568794998508125 4.9289185976665815 4.840731425053632 4.715656577478531 4.6698733730070465 4.494977036923782 4.522771439180425 5.021894426793769 4.550292017821473 5.207279096064029 4.925994224859612 5.301947411519679 5.017586870580217 4.442121231722029 4.801253133336905 4.641744195991475 4.766288317557145 4.631141615195991 4.7841651826802005 4.930123724135686 4.805827341136352 5.030969451052234
FaturLea_SLV00352-L2_1 4.734837675370776 5.088031744897842 4.72983593020844 4.571886432254041 4.8003913943256835 4.4945262376951565 4.85271304784885 4.400992564486471 4.555073265133871 4.484209469290817 4.557973647634752 4.855739561988296 4.871792463872282 4.701101949311507 4.844281486546829 0.0 3.698655347983062 3.324844162128646 4.7036952728363035 4.703872128220901 4.3274853848928485 4.7023820589954 4.233763347443022 4.8523989957487395 4.545829453015464 4.423664459763173 4.67139630320908 4.458307074170958 4.86420046714656 4.935363517007715 4.985373864443249 4.6584272782055 5.033518172006828 4.913604600458408 5.057536911663654 5.152066511311512 4.83937892748781 4.721801869512788 5.205752279142372 5.001836936623336 4.971112847539705 5.035127280904486 4.695375401080488 5.149722661217456 4.9143833804730255 4.918544291446771 4.918921041327869 4.984131800778384 4.715275235093897 4.526996749508738 4.533228415725269 4.710512114924972 4.728299572078351 4.1766282449237595 4.8979177178808335 4.855423323347397 4.781390251022064 4.80715062074958 4.833129909334726 4.883336679365276 4.941107432251709 4.960333782275254 4.754012482019536 4.67291430057377 4.5144744405090975 4.832087843508335 4.793835369944704 4.769092696059063 4.628970006156809 4.92689193514051 4.522691290331002 4.437391019239885 5.174608975722407 5.157277041192423 5.162571949386524 5.1227348125775825 4.8121304972346985 4.699485547202605 5.199267684684875 4.544414145496331 4.6172363063183095 4.370105059475324 4.777603033972179 5.066763033706337 4.5807447177734995 4.984683964460174 4.663312255902348 5.125852684131665 4.712495771150968 5.0750303277796815 5.16075628360699 4.929364556735374 4.573001834371987 4.845508111090305 4.609198562962396 5.1788268251654275 4.546593403855686 4.7188204400342695 4.856474067019869 4.944261626909062
FaturLea_SLV00502-L2_1 4.581329892227506 5.284248294584716 4.538829797201352 4.0680618604902 4.571837593047179 4.118929047891615 4.736899219296166 4.2848821502324945 4.766300942496527 5.0543147357901725 4.903364381316206 5.083171318770104 4.732073737745081 4.73466758354191 4.763221838651088 3.698655347983062 0.0 3.516166527673917 4.565096037884275 4.4029148135608 4.002037526206905 4.442428823208748 4.370003696170928 4.742797343355637 4.742058691554275 4.566864226671503 4.886563761438535 4.670891727125781 5.215024347403039 4.687878806307562 5.092885693738757 5.049948306345399 5.089126672924748 5.18326073480668 4.967387205757693 5.192605928341043 5.081051691636942 4.617559134133781 4.93137864734773 5.034087649023332 4.803214847602591 4.912672501974565 4.876718511208293 5.333703258968251 4.919099142654374 5.197393545228752 5.341443371728097 4.78904949837909 4.677514445104944 4.501320098388789 4.535862015291025 5.098327481671857 4.628137396903649 4.055973317728297 4.939617999127919 4.836618744854832 4.958568391068473 4.994049076632254 5.137383663291261 5.088960933331713 4.944488077802425 5.243976717059752 4.530032227273018 4.917167155103445 4.511227507466152 4.8829368928976695 5.0153356435319765 4.315812856150419 4.533103388074222 4.772543336335476 4.379755401413769 4.397738378777086 4.901337915350331 4.934502196986373 5.075092910699994 5.142331824495061 4.678592968113049 4.500526412963019 5.0306961420933565 4.478820035359263 4.808806382962199 4.750567307352352 4.331958532822624 5.068723138739031 4.558477519553581 4.97131543784763 4.587467159522893 5.042061156438013 4.867780857080314 5.215659347407899 5.377554911488743 4.873122455890687 4.710428974215319 4.930691965765524 4.822523820119303 5.0625527921833395 4.528068290598191 4.719151274648262 5.019171499836899 5.111649969815926
FaturLea_SLV00506-L2_1 4.755655454854107 5.064192375097959 4.811342299006456 4.671342370923969 4.746806090087409 4.483228775496364 4.8779278448838195 3.902441767083167 4.7573373911169305 4.437191892838498 4.372151488471675 5.043280105798584 5.0148248020589845 4.918720014068008 4.804095110412266 3.324844162128646 3.516166527673917 0.0 4.619797683493754 4.634938739491947 4.350746418384533 4.815416075215749 3.8894106226467717 4.666807243212073 4.534393676034911 4.261051452668659 4.753105022901329 4.756982764416247 4.666622921105885 4.8962997499427185 5.023200193726064 4.547516409209886 5.198081537414194 5.125416759497045 5.306490946909107 5.250471624514462 4.753737358156609 4.665628030559536 5.143027708819739 5.060178486055535 5.15404815139891 5.113214515373637 4.694543898288277 5.019621937523823 5.106624863576762 5.103233928806642 4.82590908370325 5.008813643800925 4.879512246293142 4.63319090401106 4.618329504147952 4.824425427331073 4.840615162736168 4.176210774905627 4.46014029305043 4.682093917074799 4.814808402068333 4.5391331998212445 5.064754367919581 4.3424393684771605 4.982970885037686 5.06416425905826 4.579413173558731 4.8061980610134185 4.758917429215933 4.684045757289724 4.671921075208586 4.591476387993638 4.7585509424517705 4.842041612802701 4.5945421179538 4.26022872562079 5.301951216514024 5.104616314701952 5.266024155806681 5.097944226861909 4.9227610423670995 4.619081142731317 4.772138546531533 4.352151577510453 4.414118198771244 4.380725470729709 4.669513491256545 5.096441161160518 4.312741533716496 5.271555923909617 4.77016608653759 5.334078599409422 4.9971401191949365 5.255453286497487 5.269835617345227 4.599533853524881 4.6999193035516145 4.837208636950591 4.632513761404489 5.215240815627693 4.504866837030877 4.651327704729597 5.156195240073278 5.288179145917139
FinzgarFranSaleski_SLV00273-L2_1 5.062697794447849 4.915025428104172 4.709390196229096 4.617306877973518 4.496716995838487 4.586240820898761 4.586632088229678 4.818213428263875 5.219861716099241 4.852491310842328 5.126989487397189 4.69592156430235 5.180255468679066 4.922532024085292 4.681328606348785 4.7036952728363035 4.565096037884275 4.619797683493754 0.0 3.924614547094471 3.7083253459957444 4.120865713570803 4.159121809057968 4.297630529440702 4.604140314751817 4.980346621444204 5.0532319183733145 4.769298162768232 4.953169558588451 4.378911934980592 5.009375015510927 5.168770854913002 5.035320456300732 5.153586156239771 4.938224844693569 4.867877327575939 5.063329128062707 5.034614263020198 4.783878088149557 4.733738184126561 4.657195838711897 4.645815865780202 4.863211565622134 5.0029504156072715 4.907347854662237 5.042574133214268 5.012074928956266 4.806147933961129 4.289583103047174 4.6935429703973 4.668552746297353 4.922113417356965 4.752097864980656 4.851115954586322 4.936506030309852 4.987446169513552 4.905734412122961 4.843135738311417 4.957127729411314 4.862116709718308 4.416349115642051 4.571918904257981 4.953529997044152 4.828599589617849 4.91523458075442 4.853618692048578 4.600106694070174 3.955113701221837 4.625271992382531 4.62300776475853 4.51910719071698 4.69119955278434 4.436797522868952 4.686003221729199 4.527451002270163 4.813955303522384 4.725618511360634 4.605248591912998 4.910843213869276 4.67412871453762 4.893275424318557 4.771028009960965 4.526359419070126 4.719165513331372 5.154870759695514 5.134075139650921 4.886230133994072 5.218913044164967 4.917560019353551 4.999211549471207 5.054435204307857 4.8095924496851845 4.854026054767866 4.738238538436398 4.846846898894355 4.853547523108925 4.672779461248956 4.558657091077118 4.979112533280879 4.878011743219091
FinzgarFranSaleski_SLV00496-L2_1 5.031026476630685 4.993988670881554 4.41188081314681 4.301853907031895 4.4431574526152415 4.269877821028783 4.529781589825958 4.721411190798014 5.264264309362423 5.095758474626444 4.940770907351763 4.896772920146025 5.101078339445902 4.972240784464798 4.815045427727309 4.703872128220901 4.4029148135608 4.634938739491947 3.924614547094471 0.0 3.4976615851628767 3.669970454858898 3.9471536772124165 4.687342414164231 4.544054314690244 4.917638186692155 4.980391271870667 5.098842490936862 5.011437253444571 4.385365235592184 4.7604954325143884 5.05540265468232 5.058834046554792 5.2748214859448295 5.21916693966362 5.069836260359129 5.030758555864199 5.08861010294622 4.773802658862951 4.819415527039433 4.971858616310877 4.893972015623761 4.889270726228217 4.7710305316526975 5.0414282365455625 5.167046482805668 4.8644900213725775 5.014314167359539 4.451572917221209 4.863774225714462 4.897128183407248 4.8919682123288615 4.508348232593818 4.664829568976191 4.450495554943582 4.8383880142719455 4.694274633938701 4.784955480317245 4.9474905588372255 4.790015689781031 4.613015194817319 4.758321975966493 4.62008529846572 4.793779977197078 4.747949637087475 4.753438602125167 4.885659379987832 3.9791170871116273 4.652592070422087 4.675418585135333 4.5904695289725606 4.508457864806671 4.818661762637263 4.748020946425001 4.881728865361823 5.033462309962928 4.889937358630954 5.0638010283237405 4.9979059545245414 4.341861885119286 4.898942665008869 4.663690148875053 4.450846167866949 4.944213472478616 5.102690242269974 4.848439075237795 5.207081249664109 5.228646098203004 5.187688888313789 5.0356381032934685 5.127861885442789 4.795159526988041 4.885098465200528 4.927615723775361 4.975655835501998 4.919744299101423 4.245407835806646 4.659012287097579 4.951107370522794 4.945923425375574
