"BartelAnton_SLV00094-L2_1" "BedenekJakob_SLV00024-L2_1" "CankarIvan_SLV00398-L2_1" "CankarIvan_SLV00401-L2_1" "CankarIvan_SLV00410-L2_1" "CankarIvan_SLV10001-L2_1" "CankarIzidor_SLV30001-L2_1" "CarliLukovicAlojz_SLV10002-L2_1" "CiglerJanez_SLV10003-L2_1" "DetelaFran_SLV00111-L2_1" "DetelaFran_SLV00112-L2_1" "DetelaFran_SLV00278-L2_1" "DetelaFran_SLV00363-L2_1" "DetelaFran_SLV00364-L2_1" "FajdigaIvan_SLV10004-L2_1" "FaturLea_SLV00352-L2_1" "FaturLea_SLV00502-L2_1" "FaturLea_SLV00506-L2_1" "FinzgarFranSaleski_SLV00273-L2_1" "FinzgarFranSaleski_SLV00496-L2_1" "FinzgarFranSaleski_SLV00497-L2_1" "FinzgarFranSaleski_SLV00498-L2_1" "FinzgarFranSaleski_SLV10005-L2_1" "GovekarFran_SLV00048-L2_1" "GovekarFran_SLV10030-L2_1" "GrudenJosip_SLV00425-L2_1" "JaklicFran_SLV00126-L2_1" "JaklicFran_SLV00373-L2_1" "JanezicKraljevIvan_SLV00135-L2_1" "JelencVitomirFeodor_SLV10006-L2_1" "JurcicJosip_SLV00216-L2_1" "JurcicJosip_SLV00217-L2_1" "JurcicJosip_SLV00279-L2_1" "JurcicJosip_SLV10007-L2_1" "JurcicJosip_SLV10008-L2_1" "JurcicJosip_SLV10009-L2_1" "JurcicJosip_SLV10010-L2_1" "JurcicJosip_SLV10011-L2_1" "KersnikJanko_SLV00058-L2_1" "KersnikJanko_SLV00187-L2_1" "KersnikJanko_SLV00194-L2_1" "KersnikJanko_SLV10029-L2_1" "KocevarFerdo_SLV20001-L2_1" "KoderAnton_SLV00098-L2_1" "KoderAnton_SLV00099-L2_1" "KoderAnton_SLV00103-L2_1" "KoderAnton_SLV10012-L2_1" "KovacicIvo_SLV10013-L2_1" "KraigherAlojz_SLV00355-L2_1" "KvederZofka_SLV10014-L2_1" "KvederZofka_SLV10015-L2_1" "LahIvan_SLV10031-L2_1" "LevstikVladimir_SLV00345-L2_1" "LevstikVladimir_SLV00478-L2_1" "LevstikVladimir_SLV00483-L2_1" "MahnicAnton_SLV10016-L2_1" "MalovrhMiroslav_SLV00455-L2_1" "MalovrhMiroslav_SLV00456-L2_1" "MalovrhMiroslav_SLV00458-L2_1" "MalovrhMiroslav_SLV00459-L2_1" "MalovrhMiroslav_SLV00460-L2_1" "MalovrhMiroslav_SLV00461-L2_1" "MalovrhMiroslav_SLV10017-L2_1" "MaseljPodlimbarskiFran_SLV00132-L2_1" "MaseljPodlimbarskiFran_SLV00310-L2_1" "MaseljPodlimbarskiFran_SLV10018-L2_1" "MencingerJanez_SLV00174-L2_1" "MeskoKsaver_SLV00072-L2_1" "MilcinskiFran_SLV10019-L2_1" "MurnikRado_SLV00473-L2_1" "MurnikRado_SLV00476-L2_1" "MurnikRado_SLV00526-L2_1" "NadlisekMarica_SLV10020-L2_1" "PajkPavlina_SLV00231-L2_1" "PajkPavlina_SLV00234-L2_1" "PajkPavlina_SLV00240-L2_1" "PajkPavlina_SLV10021-L2_1" "PesjakLuiza_SLV00227-L2_1" "PodmilsakJosip_SLV00122-L2_1" "PregeljIvan_SLV00417-L2_1" "PrelesnikMatija_SLV00452-L2_1" "PrelesnikMatija_SLV00454-L2_1" "PrepeluhAlbin_SLV10022-L2_1" "SketJakob_SLV00172-L2_1" "SketJakob_SLV20002-L2_1" "SorliIvo_SLV00325-L2_1" "StritarJosip_SLV10023-L2_1" "StritarJosip_SLV10024-L2_1" "StritarJosip_SLV10025-L2_1" "StrukeljIvan_SLV00090-L2_1" "StrukeljIvan_SLV00092-L2_1" "TavcarIvan_SLV00136-L2_1" "TavcarIvan_SLV00324-L2_1" "TavcarIvan_SLV00406-L2_1" "TavcarIvan_SLV10026-L2_1" "TrostIvo_SLV00421-L2_1" "VodebEmil_SLV10027-L2_1" "VosnjakJosip_SLV10028-L2_1" "ZbasnikFran_SLV00391-L2_1" "ZbasnikFran_SLV10032-L2_1"
"BartelAnton_SLV00094-L2_1" 0 0.965279141578531 1.11140201895816 1.09075509280802 1.09133616962255 1.11880106662764 1.08304438468004 0.942680194797344 0.928696140389884 0.957349319420709 0.954755614467849 1.00279135937306 1.00182666137147 1.01847882300884 0.974408920422295 1.03771776055264 0.998875483478026 1.04043610686841 1.07775502574702 1.07238277472075 1.12394812866991 1.11757099384337 1.06703292204118 1.04724497308045 0.986748783795938 0.935210435950832 0.95295461709296 1.09224376544879 0.901532075366735 1.00845651476826 0.956722252765324 0.993149233587929 1.04312640142247 1.03840027931956 1.05969899144668 1.00043062719016 0.960379222081001 1.0337044813827 0.994241730924999 0.999586269200648 0.974877101155634 1.01429864147487 0.94782496726801 0.926809052835184 1.04840335985397 0.967576481096786 0.891502392457469 1.00745110073605 1.09563452486851 1.10558994914425 1.09001699654674 0.901335709998497 1.11525348570938 1.07986529347768 0.996448547931834 0.938358737057359 0.979086356158712 0.918537262598321 0.953781381587855 0.990894698003607 1.04561230676724 1.02132725676598 0.96600711013273 1.0413255444527 0.99360656105616 1.00321960245907 0.976099404946099 1.04766307090212 1.08170815556249 0.98067671640293 1.0851524807353 1.05693802953074 1.00164113438202 0.9982921906365 1.00657396100522 1.01329305546523 0.996923040512073 1.0387075958008 0.866972747409236 1.08192611072877 0.978226974754197 0.972770949157191 1.03981295979442 0.901906378567274 0.903830462523913 1.03407558719979 0.984024205806209 0.989086920523271 1.00236163406554 0.984093786188798 0.981290299985534 0.992344786323196 1.04499453055003 1.03447114235411 1.03136058383948 0.978093153527986 1.05134095024651 0.98271907853262 1.03188419607194 1.0405458196204
"BedenekJakob_SLV00024-L2_1" 0.965279141578531 0 1.14259332439125 1.12899755528313 1.13504341192329 1.1701518509626 1.07724384022988 1.06103158389265 0.896327035446387 0.958827430376396 0.975751730860323 0.971161632945426 0.958337752294602 0.94551151040284 0.998311241163563 1.08258457040447 1.13498785807814 1.06552827066476 1.04402190588424 1.05942821422109 1.12775995283233 1.02026671738424 1.08805799270398 1.02449443713308 0.983200263700716 1.06651034414815 0.969500718217444 1.01107854159584 0.902777074743151 1.12131160350931 0.934367578062885 0.946379064504136 0.961911822301644 0.934521378146373 0.995360776117873 0.955187640282671 0.937589192742136 1.00669826532026 1.00914392575751 0.977884059073268 1.04636573589154 0.994077270278416 0.977080093636762 0.980829128007196 0.967428204396477 0.999678332455869 0.979027871875186 0.95386690264418 1.10565442706215 1.08079130271628 1.03684688919114 1.00695441317846 1.13116657452601 1.08218201569176 1.04444719624866 0.933656859041373 1.03214774819152 0.98735434383469 0.912285570361933 0.977166613793029 1.03685044152163 0.994075515645907 1.01742259848675 0.938756131518043 0.995271940688436 0.981832419376524 0.914218529407402 1.14468523640753 0.950011580565355 0.969760387830598 1.06035065940872 1.04172478399291 0.964892020771413 1.06912207890704 1.01475396954226 0.973208903334396 1.01775971520664 1.02739865960147 0.94026616145572 1.0336617361115 0.972165214545321 1.02939306974049 1.17653755669011 1.01172935730647 0.999988776637699 0.99209502612924 1.03560899911417 0.919271052207782 1.02864403460466 0.836904086297098 0.859402932740954 0.906872265807248 0.942060680836064 0.927293860058541 0.925719424136536 0.940312409696954 1.10140480001829 1.05620281922809 1.01298738845993 0.996819746072442
"CankarIvan_SLV00398-L2_1" 1.11140201895816 1.14259332439125 0 0.621367550544842 0.699746349088458 0.630802257765616 0.888044063268621 1.07741705027873 1.07135833345182 1.10577004171707 1.12149213418072 1.06087936871709 1.0035700386637 0.99468220066674 1.07688699720467 0.996286423318307 0.941471531663909 1.01915059388599 0.996248191389103 0.924655144458047 0.866693069616035 0.82803174352553 0.934186716765861 1.05789690922453 0.977128902710176 1.06770349001325 1.03904555306079 0.96431608896699 1.17276819020278 0.989877749994703 1.05486863953769 1.0892795459106 1.04608939368826 1.00869360523214 1.05751441755691 1.07423989731038 1.13317493897318 1.03418694293626 1.0436338569827 1.10330803127062 1.07471722503342 1.02045924349119 1.03709993576771 1.12659180330877 1.03295465973995 1.14013955325116 1.1767873008618 0.998955521703424 0.889950920014979 0.928657751980558 0.945626536430244 1.05863270748187 0.837210565921833 0.844792934173693 1.00327076138398 1.10922705204984 1.07599407459835 1.08813268291128 1.12599678968609 1.12256727064673 1.04106438213426 1.10184192091443 1.06179754960476 0.967009860241809 0.966158662248632 0.981396497599823 1.07268171241925 0.9580947699114 0.941747779281393 1.00688445704996 0.931058210193631 0.936534312398748 1.06665612119709 1.06731492967061 1.0559516152505 1.11895448902957 1.0110194025465 1.05606971490665 1.14656832282198 0.886782892833959 1.04612924883104 1.01603832587821 0.85798035616755 1.15140953992358 1.08621148148938 0.840625465855881 1.02949516544021 1.06113283917092 1.03665786862161 1.00682891447526 1.06747020962655 1.0327728161842 0.994984983980716 1.04029890367757 1.06002702710167 1.08711391563956 0.946081113008284 0.998077418629072 1.01193050832591 1.01236328816637
"CankarIvan_SLV00401-L2_1" 1.09075509280802 1.12899755528313 0.621367550544842 0 0.575341235313983 0.474935241827989 0.916905012830963 1.02930010384265 1.09072897109629 1.1116263022312 1.11187836970334 1.09974953944704 1.00226761346641 1.02601439194068 1.13443782669722 0.963476268507405 0.810848358574495 0.980816278486435 0.964943523023325 0.881491033346693 0.756201893453281 0.858453513414159 0.848784254000709 1.04132931410498 0.949642399175601 1.05454108075912 1.08305750701724 1.08969779389971 1.18205907380873 0.977172773295647 1.02987936269247 1.10055412090725 1.08315605003929 1.11507933712269 1.10091009682554 1.12093127801955 1.13139286654089 1.03508395877025 1.04836832537803 1.10188350391975 1.02589415859552 1.03750389673794 1.0531306866572 1.10315063700358 1.01314834380305 1.1696027331414 1.18078587684294 1.03520682643551 0.961484880036041 0.890051600389339 0.901021981393788 1.03358634141023 0.857366119076042 0.77802509858924 0.993076845302166 1.10219349566241 1.04670113111569 1.0909963595254 1.1132827325395 1.12999363870516 1.07804829353341 1.18891934451889 1.06182441219222 1.01255910534289 0.9225878714179 0.994077697435442 1.11356494260928 0.952500643234755 0.914882639464108 1.00814599649535 0.922488941286652 0.876460310039649 1.09415192827778 1.10067062245664 1.10986816576032 1.13828868296697 1.0384514331432 1.02268355716908 1.10490421908079 0.908057403964625 1.13069434380614 1.08086092706734 0.829984938478377 1.16267085733152 1.07668505333135 0.917089397952438 1.03688381881869 1.11094690476021 1.07268329960959 1.05037202595051 1.12019809969249 1.05043969397399 0.95674214932846 1.06535099480969 0.991773597447764 1.10470903518522 0.914337007864929 1.01082611059213 1.04238115497431 1.04784049645344
"CankarIvan_SLV00410-L2_1" 1.09133616962255 1.13504341192329 0.699746349088458 0.575341235313983 0 0.636456211920608 0.876828753167271 1.07135862370115 1.15216685943027 1.08647924061339 1.12661275329579 1.09220108295146 1.07719060699909 1.09583395001407 1.03473467028686 1.01775185075692 0.9445145256249 1.00399335529326 0.942194035964921 0.932126876132751 0.844987729708742 0.947322359724838 0.954110466492284 1.05136749311223 0.994020007222816 1.05623164714432 1.1294313547152 1.08791667521395 1.09746784781533 0.861942198245175 1.12953973540878 1.0889352925679 1.080487993366 1.10699640644548 1.09755827514964 1.07569738200384 1.09525515429852 1.07997755240931 1.0475003902828 1.09599389508067 1.0327080300576 1.07309253231492 1.08290261064164 1.07936917188141 1.02722864935557 1.03870328285145 1.07605892357145 1.12469074527525 0.887193845742947 0.831455734815541 0.884200006086286 0.978673325536099 0.829801259372832 0.909950933226674 1.00111326349719 1.13400018040998 1.05883358289221 1.08357173324315 1.07527083791902 1.10196569402609 0.994697057052017 1.0696796894418 1.09629418569541 1.00375057017385 1.01879751148559 0.985167438866222 1.01956080168469 0.898598360839784 1.02736149760911 1.02084374633655 0.972462668109839 0.998500324585451 1.03571022110911 1.04871238977288 0.970625396216179 1.01791134486266 0.98793575018749 0.980790658514994 1.07891090073737 0.991104246916112 1.06868887796027 1.08335866537476 0.849355110099898 1.06104613199144 1.05837369909838 0.947934614548517 0.926261344405126 1.07109878232444 0.992748272297018 1.07536679738277 1.06006962762357 1.050580768595 1.00316120247413 1.06162165314816 1.06805496299282 1.01373208048799 1.00855242746168 0.99600087445093 1.02302866667033 1.00197681687092
"CankarIvan_SLV10001-L2_1" 1.11880106662764 1.1701518509626 0.630802257765616 0.474935241827989 0.636456211920608 0 0.964583722172946 0.987715626526345 1.1298540509306 1.09410486673872 1.10845427554923 1.12293533912597 1.05844808059822 1.09380908702843 1.07983185038264 0.943633630003097 0.818072371681612 0.937914197157156 0.954923824254832 0.88104245213155 0.753987027338436 0.882451772604082 0.811506315012787 0.989331593292472 0.971663620303104 1.00681350088995 1.07230275609288 1.07557975859175 1.19580778177093 0.91280686925277 1.05926882230469 1.09352468835872 1.12870089282527 1.1453135931331 1.13163908399858 1.14559930467046 1.13307803426421 1.00441230134965 1.0748587082387 1.1036885250009 1.04964250600053 1.03162969818244 1.0619688029789 1.10908722604331 1.0113111583649 1.16667348880436 1.16786950471795 1.06612245931498 0.921986101650892 0.89919099081106 0.952740141155784 1.06488948364124 0.804020715821088 0.756093789557587 0.96691803381726 1.12824783250388 1.05867517105488 1.09429738022011 1.15986281621917 1.13165752529846 1.06304284101121 1.1677204667337 1.0340571864988 0.995301785978141 0.947880695694441 1.01428610348599 1.11365846558233 0.876219116215991 0.964131429826484 0.976068490862452 0.887411741974531 0.847219176265097 1.12294255471158 1.05223222799075 1.105838655573 1.13794768817119 1.01438563305055 0.988632333675048 1.09961399241886 0.892749146760739 1.0971293264197 1.05255877710504 0.799662147829749 1.13882166015345 1.00388962258009 1.00712769000442 1.01948800647419 1.15173642540973 1.06330433454762 1.15519276538936 1.19832979540491 1.01767603693037 0.99234533584441 1.06403318025139 1.00669963830774 1.1225256065265 0.894917169742754 1.03157871556704 1.06899864291991 1.05505802220849
"CankarIzidor_SLV30001-L2_1" 1.08304438468004 1.07724384022988 0.888044063268621 0.916905012830963 0.876828753167271 0.964583722172946 0 1.13918615694618 1.04480887647757 1.07560110768336 1.13412356749123 0.971918086905255 1.05804039940132 1.01824117562316 0.996529556574248 1.03906123499554 1.02637301351067 1.04399634356719 0.978376039862197 0.942774752649582 0.957789942981137 0.944150405952942 1.03780683675246 1.03159779189242 0.993235545099475 1.10556708144705 1.11915463476502 1.03284323434575 1.12777452607272 0.907459479422602 1.05667208773937 1.08330131060461 0.953937479237482 0.922575380188892 0.951766298457166 0.984801534135208 1.10191433552715 1.02769013075724 1.01238441106175 1.02940708125212 1.03058215660297 0.999625918018271 1.12000408725463 1.06782679100514 1.0312803833512 1.00812460724203 1.07301453891319 1.02305321350182 0.938517864807693 0.857523182863253 0.906619654089808 0.935773529457667 0.859517054141639 0.964146763366082 1.01043948660166 1.02769282588594 1.0576557719651 1.02775369649206 1.00849719839945 1.08170756655707 0.96929623218977 0.998082465337503 1.04011985539102 1.01669880103856 1.06290227875539 1.01195644714533 1.00451050243902 1.03070316682739 1.03444668771254 1.00413493273164 0.937979935692239 1.02358538724982 0.943822441752733 1.01211155619438 1.01857783562756 1.03475956651954 0.981085432059319 0.968075314013037 1.05517650402273 0.996938574624844 1.05338565460525 0.994191445751675 0.9071930428529 1.0289193502484 1.11087038781884 0.930192257907618 0.961110973854728 1.01487074602154 0.973990823482068 1.01949736366522 0.999545249083707 1.038076431357 0.989179041418537 1.00080755970306 1.0779305736744 0.980718772717623 1.06922051803262 0.947293230638547 1.00052514344362 1.01630211150923
"CarliLukovicAlojz_SLV10002-L2_1" 0.942680194797344 1.06103158389265 1.07741705027873 1.02930010384265 1.07135862370115 0.987715626526345 1.13918615694618 0 1.04271175300078 0.926287045542243 0.834317691427795 1.09038849685607 1.07439909714381 1.11455286268355 0.961437580682584 0.898425261545597 0.910771521544603 0.800377657927531 1.00652231914426 0.988718751765234 0.99081489551573 1.09321931869964 0.82606478855471 0.991718618099101 0.947612106969669 0.73489535843721 1.01697957338327 1.11012448818485 0.89815293505827 1.02590016627279 1.05900811192925 0.886303794824326 1.16443692056366 1.16510772974979 1.12373934990933 1.13955807901018 0.969711402356581 1.04728196438624 1.04802821838471 1.0496029105833 1.05045772221144 1.07478233947003 0.911050748589569 0.979679773060231 1.06574337646746 1.06133264468285 0.888669792538662 1.03984785772379 1.06059261136742 1.08457011242286 1.06118704653595 0.938668454728268 1.05835946285721 0.939924865173445 0.933797153211751 0.925238617957472 0.889243830253375 0.973515153410725 1.01382103434674 0.894370927886279 1.10205742810492 1.06463989221292 0.940885431926606 1.09316701857236 1.00702746471326 1.01853531901217 1.00261927559848 0.94254203409503 1.0687017232252 0.985404823421317 1.0348157932808 0.917104315603567 1.11330562785544 1.05312489963262 1.10170304386648 1.08786997998587 1.05928071179689 0.95985590850721 0.915239778537282 1.01669258295982 0.946403174117502 0.931639004221036 1.00820004048979 1.02192447999479 0.893843575701871 1.09303329950295 0.984528811140264 1.12106068462011 1.05391837918958 1.18303503657759 1.19449453063525 0.950866930296949 1.05710540370363 1.03934388524652 0.989955572044215 1.10791346540388 0.946453739735859 1.02163213773058 1.10663513541713 1.09180170070458
"CiglerJanez_SLV10003-L2_1" 0.928696140389884 0.896327035446387 1.07135833345182 1.09072897109629 1.15216685943027 1.1298540509306 1.04480887647757 1.04271175300078 0 0.984488414724418 0.982933513977123 0.923996801548102 0.853335901764901 0.853120675054536 1.07899552683811 0.998956993578996 1.04979692073694 1.05120568620247 1.11290928960309 1.11383831506012 1.12449846260207 1.05345467220815 1.15253364323196 1.05534998049181 1.05371281057148 1.07458889532482 0.908473404836313 0.865277651896945 0.93771375905035 1.1124489727898 0.994571386499118 0.982931475344246 0.875497892660341 0.818006096498721 0.952985471808831 0.96408780315211 0.968745891178991 0.89339956372845 1.13430649999137 1.12035612480066 1.06491030051326 1.06187771128675 0.963583694571581 1.07361175768273 1.03156179270192 1.03027650147634 1.1123540300783 0.956321346740504 1.13305510632137 1.0356124082552 0.931812511356173 1.05079708938169 1.13300284274866 1.00182505812908 1.08318364979428 0.942020131796856 0.993966807919224 0.990279003378116 0.973738280299185 0.994113281016602 1.02311592315328 0.976750028944768 1.07787357605464 0.987868841594856 0.990884246765078 1.02204914623567 1.02170207393704 1.16720508366512 0.95288935526349 1.02383324030446 1.04500969528698 1.10884483246244 1.0018261538709 1.03870627167381 1.08809109362255 1.04126309431655 1.0154865943391 1.04194235074044 0.916810806781286 1.04689310483928 0.956664529740617 0.98790233779997 1.13614070016151 0.991063290463235 1.00584146751297 0.958174920260188 0.896184617285667 0.852466447588015 0.886598035555804 0.857059022040051 0.914686643099553 1.09047483996867 1.02277421560901 1.05868327691654 0.929110385993891 0.990085599361875 1.12113182614324 1.01467630747287 0.994229727657328 0.981198841306726
"DetelaFran_SLV00111-L2_1" 0.957349319420709 0.958827430376396 1.10577004171707 1.1116263022312 1.08647924061339 1.09410486673872 1.07560110768336 0.926287045542243 0.984488414724418 0 0.708082398335086 0.777216860128844 0.924908543585676 0.868761001392538 1.02619845288939 0.938596471120582 1.04433660505902 0.936949166754268 1.02439770849183 1.08402398734829 1.09965270730887 1.05405622614228 0.993437144440046 1.04584411515995 1.00311942897834 0.970838896476036 0.933340789480597 1.00413528365536 0.858023730651049 1.03200052524569 1.02614774409981 0.986477784232815 1.05228463937786 1.02827737441364 1.08029982244411 1.06927605845338 0.951649103855747 1.05730917246229 1.04984065069156 0.94783723855923 1.01429929467093 0.980409596884132 0.978506409736187 0.959476082704965 1.00340478647605 0.994161659595745 0.970838652946942 1.03503307127463 1.05827690433351 1.08823836846342 1.04106157732203 0.943526264325891 1.07704636506203 1.0515540441116 1.00025279473554 1.0131095420371 0.941065108982088 0.939906300192278 0.972813769062965 0.959393393821144 1.02524856988826 0.987569683581243 1.01954143446935 1.01560711431272 1.02903487981047 1.01951969826202 1.03997874831094 1.08514332792693 1.0058029267445 1.01634873510518 1.03043907653983 1.00832314114057 1.02959895953031 1.05411222608788 1.01988760250026 1.01243706774776 1.07741809781812 0.985338190807783 0.997047056104277 0.997086352191296 0.999037082995933 1.00724745000758 1.07873617207453 0.999356597032581 1.00509621417493 1.06145027646632 1.03735863587947 1.00387249319548 1.00599615994342 0.979024543799805 0.996378689614964 1.05198881157926 1.10516615035432 1.04329817977834 1.07477612017747 1.04509994793155 0.981142988290533 1.00567692097916 0.995711498029513 1.00582564565795
"DetelaFran_SLV00112-L2_1" 0.954755614467849 0.975751730860323 1.12149213418072 1.11187836970334 1.12661275329579 1.10845427554923 1.13412356749123 0.834317691427795 0.982933513977123 0.708082398335086 0 0.882703312443561 0.975374406723133 0.927991343549657 1.02045314773438 0.963781334608557 1.01642399720628 0.925609664800737 1.07643514670079 1.04008067054845 1.09025077075693 1.07862794309457 0.964173682828019 1.0180938978301 0.96279939151974 0.874632117374852 0.965047833696323 1.10185610365638 0.831701369231006 1.06444648022264 0.987474611860843 0.925644980788644 1.06541624669961 1.06045673028088 1.08921065808749 1.07303692795864 0.877463449806723 1.07662000860028 1.0089991435552 0.931534555669702 1.0169766379312 0.995463656422352 0.929246577541043 0.9454406175742 1.08171131248207 0.983401582596909 0.928121908912229 1.05974962660416 1.09529840361919 1.12545045275734 1.10473305538992 0.937207794663409 1.07580075484472 1.09570792365136 0.976049481717541 0.931286586147332 0.893451537415745 0.929568893546045 0.923504796605664 0.864878563998975 1.02578564248195 0.97515243962838 0.971242095742445 0.977840579373596 1.02345359507845 0.982361933289341 1.01329326635758 1.06097884609382 0.981511328752817 1.01345307940086 1.01264641179894 0.912782991681828 1.04666696128988 1.06599995457449 1.08459036509438 1.05192612153132 1.11682958468734 1.00418807422806 0.984160073377691 0.947145329241402 0.95883102635354 0.963841553800413 1.04813856026112 1.03029506839508 1.01613489512183 1.11082434557742 1.09539923705465 1.06343432419938 1.08702554873225 1.07949749777452 1.08238369559589 0.967115293206699 1.05679528316805 0.946433187079777 0.972971658666783 1.0727358039111 0.963323489508242 1.00372128537143 1.10699593798686 1.09036329932415
"DetelaFran_SLV00278-L2_1" 1.00279135937306 0.971161632945426 1.06087936871709 1.09974953944704 1.09220108295146 1.12293533912597 0.971918086905255 1.09038849685607 0.923996801548102 0.777216860128844 0.882703312443561 0 0.901788564297401 0.734762098291714 1.07012830048567 1.00375250534622 1.06053456974129 1.04674394939415 0.986645404497687 1.03345282791782 1.08489363880241 0.985566915674514 1.10741578661905 1.00130291943686 1.00885605528078 1.09297488258484 0.964215430553541 0.977087402510058 0.94024940039629 1.04871846554419 1.0394950726283 1.04312280729871 0.941416521842689 0.953192891679974 0.971155177818499 0.965118240668525 1.05330831692919 1.0638621683777 1.00680044189739 0.948836902787896 1.00586326682044 0.938744211606558 1.05017384141353 1.03630373130904 1.01552464136624 0.982623671972527 1.07038845335035 0.977516817262825 0.995923641175156 1.02549169551598 0.948593042542955 0.999160579019449 1.09070890995537 1.07864350453844 1.06686062396222 1.022167197837 1.01825250704062 1.01653540490366 1.00783312936619 1.0091932521988 0.954570226861153 0.939598718471638 1.05918882787475 0.975808612334564 1.04509321751341 0.987440272177899 0.981924323195167 1.10052760300032 0.929959004803554 0.99409035890363 0.989844492039033 1.07663210645819 0.975893193078386 1.02220599270955 0.98197731606949 0.984682181966384 1.05044108511081 1.02418680542676 1.06706582569115 1.03011126238869 1.03756689199877 1.02378001751421 1.07355338631534 0.992965738898784 1.11323901903928 0.956785526903554 1.00669291194428 0.931494172554775 0.94226144538366 0.923924324261292 0.912180110457401 1.09047130493058 1.05466876410349 1.02079852412337 1.06160861075478 1.01101849579648 1.06018074932196 0.942217200903712 1.01651945033154 0.962203845646445
"DetelaFran_SLV00363-L2_1" 1.00182666137147 0.958337752294602 1.0035700386637 1.00226761346641 1.07719060699909 1.05844808059822 1.05804039940132 1.07439909714381 0.853335901764901 0.924908543585676 0.975374406723133 0.901788564297401 0 0.825987365984236 1.11299224373845 1.03341353348082 1.03378054256746 1.06847069124157 1.11074306873292 1.08543653061362 1.08204719488259 1.03285616964932 1.13544960608094 1.08494691494524 1.10086786761602 1.13920445074538 0.908963732873136 0.864016148229273 1.05944036643415 1.11337179500361 0.880913737930417 1.06029030700766 0.856735547261204 0.846030973617774 0.9525745454015 0.950273554051279 1.05673087892453 0.899211073902532 1.01330928485509 1.01811642335196 0.948675013272755 0.965631796748746 0.992460150885299 1.08378909488148 0.901937426372289 1.0659375576223 1.16939659107827 0.866595734354932 1.08957048620416 0.997270750191723 0.991309787676126 1.10539545558221 1.1067360542734 0.966539820801802 1.10030255480888 0.994271367480198 1.01418028741601 1.02953441184466 1.05929123885208 1.08374025104594 1.05841145594896 1.0669163013315 0.905178778553693 0.97372367321884 0.95297883347546 1.03214553543664 1.11279462315499 1.14786441768845 0.935680260190989 0.959105435718673 0.99910221912201 1.05250439576989 1.02014491478009 1.09666582741772 1.12589447289523 1.11466041807901 1.08202262055652 1.06942505987596 0.966461668272965 0.996499845109542 1.03357115330963 1.05318896541589 1.11790803431314 1.06447944166241 1.06431556352097 0.82480922080798 0.988940168248767 0.879003064268459 0.977771121213024 0.781285559990647 0.843865642882778 1.12072326215203 0.915723398354349 1.06070357495812 0.94108401490509 0.961278719240281 1.0399426359548 1.05172474854345 0.930591288969984 0.936798334143033
"DetelaFran_SLV00364-L2_1" 1.01847882300884 0.94551151040284 0.99468220066674 1.02601439194068 1.09583395001407 1.09380908702843 1.01824117562316 1.11455286268355 0.853120675054536 0.868761001392538 0.927991343549657 0.734762098291714 0.825987365984236 0 1.15367916262003 0.984530683518425 1.00942519584153 1.03482143341446 1.05272162639843 1.06121997419568 1.07530464829249 0.974051017127988 1.09888544661185 1.04283489838045 1.03478236337937 1.08864638534203 0.918846706461348 0.883733226542763 1.00743994409238 1.09265139661696 0.974538257024016 1.06619945729198 0.967497970163026 0.953191936632264 0.972055398498683 0.970412943129421 1.06282038646888 0.975608063070265 1.07819628227893 1.01409417782974 1.0350928971068 1.00588889202489 1.0238007220045 1.04218883372035 0.993560589455728 1.04745721742154 1.1387044160656 0.934144055931752 1.04876285848024 1.03507558603394 0.94333687052646 1.05243199424569 1.09509451535636 1.01436801770827 1.052079967043 1.03581260484657 1.00263544547244 1.02843719745027 1.00557695056341 1.03413075775845 1.02958750803172 0.999990048189427 1.0434409909014 0.951683737604556 0.961370543227964 0.981920440050703 1.02502772554253 1.11962553451116 0.822467324821837 1.01250516883482 1.00552367438017 1.03174877892258 1.00931601833159 1.07014392833612 1.05784886860035 1.05504687416962 1.06339596899053 1.07694529163387 1.05820382272422 0.967808648850207 1.01487775065083 1.0299454957944 1.06814212754243 1.09561706182727 1.1096677208212 0.906902937334535 1.04171916704228 0.906844685394477 0.986109398065251 0.813225680338484 0.896796320317884 1.02595848738966 0.99164788559484 1.03881605081486 0.989072951236027 0.983041739086779 1.0285645235847 0.993099511987039 0.948434088938426 0.995381973962198
"FajdigaIvan_SLV10004-L2_1" 0.974408920422295 0.998311241163563 1.07688699720467 1.13443782669722 1.03473467028686 1.07983185038264 0.996529556574248 0.961437580682584 1.07899552683811 1.02619845288939 1.02045314773438 1.07012830048567 1.11299224373845 1.15367916262003 0 1.01779153032166 1.0192338559546 1.00946372639236 0.973598691616806 1.01921664664783 1.02099825669844 1.05956544705743 1.02865665978593 1.01247457503462 0.980526881324886 0.917068176709469 1.03609163824996 1.07793790435242 1.01455122767521 0.975747308059436 1.02358161500053 0.974223125871355 1.0300327293474 1.0498778555269 1.03512933675772 1.00314508649461 0.980817966916593 1.05068523501878 0.966314126949174 0.940062846152768 0.967951965181041 0.983442790666377 0.984175807429416 0.960955289177665 1.02338589464773 0.951384754258047 0.896280272559285 1.00915704592686 1.00366213084691 1.02061400245112 1.08727347797951 0.923269816733192 0.996718352055127 1.06666591497954 0.95499081869535 0.938979207015377 1.01666000703786 1.0200902453817 0.983326442549806 0.989819673791963 1.01092261555943 1.02264542479235 0.970932661797942 1.03597532194122 0.982910618025669 0.995196776742924 0.896893437083342 0.977150359030792 1.14830363758703 1.02226991273577 1.06338287084075 1.05346260565007 1.04264557856722 0.983112889211663 0.983372280266048 0.920317706201174 0.905123173389166 0.918672235555421 0.976683119647347 1.05978491904984 1.01605479732181 0.982066555441185 1.00517066585086 0.940868004443547 0.961945537604655 1.07398009500503 0.959854427836996 1.10153693676264 1.03879424868567 1.13736616367853 1.08971981162107 0.914025058189816 1.03855010890569 0.983867648231117 1.03122308526182 0.982153511138944 1.0139209659724 1.04353938554407 1.03461007604779 1.06391845641454
"FaturLea_SLV00352-L2_1" 1.03771776055264 1.08258457040447 0.996286423318307 0.963476268507405 1.01775185075692 0.943633630003097 1.03906123499554 0.898425261545597 0.998956993578996 0.938596471120582 0.963781334608557 1.00375250534622 1.03341353348082 0.984530683518425 1.01779153032166 0 0.743545306373013 0.641556192865307 0.98926938457509 0.983765637848781 0.914485928751851 0.985933616768081 0.854704105889849 1.02114507791338 0.95227517789468 0.916633342784816 0.979228261836859 0.941066871293245 1.03421224403459 1.06158712819386 1.07412089967169 0.99119909191141 1.09022728781282 1.07520500238544 1.09419177305086 1.12092947181685 1.03802455566896 1.02137339429034 1.12047798517997 1.07194419692623 1.06626370961366 1.07243858273781 1.01788435730879 1.08504468494239 1.03926483691476 1.04314871621774 1.02946730402679 1.04443830725279 0.984832988815432 0.975128787961865 0.967771687981023 0.99610730490177 0.978689512298461 0.855397532226332 1.01538146080989 1.03552683982189 1.01396390710402 1.03441242168168 1.03202439843789 1.03194229002066 1.07712882980135 1.06705529230635 1.02601388762015 1.00038800384886 0.947426345978429 0.999545266870641 1.01415152900882 1.0080000347158 0.973115032803232 1.04521412849357 0.956607391358538 0.918819561389193 1.12549651855623 1.11374538151023 1.10651197131602 1.08732101825207 1.03008106472712 0.996824215990806 1.13481964228738 0.953384223051829 0.995517601472226 0.929338403392737 1.02724855179492 1.08860244116696 0.967610388547654 1.0723660772187 0.980081793673924 1.07755910937485 0.971761985383169 1.09936346983765 1.12596737208519 1.02637692904862 0.995145238658124 1.03827841234693 1.0026914321175 1.09410229322517 0.939606588270121 1.00555575547487 1.04534565937184 1.05768261814798
"FaturLea_SLV00502-L2_1" 0.998875483478026 1.13498785807814 0.941471531663909 0.810848358574495 0.9445145256249 0.818072371681612 1.02637301351067 0.910771521544603 1.04979692073694 1.04433660505902 1.01642399720628 1.06053456974129 1.03378054256746 1.00942519584153 1.0192338559546 0.743545306373013 0 0.714373543054805 0.947954552225999 0.911671317252089 0.812233086834941 0.935298961729124 0.871810029775095 0.983994903674628 0.988805402766307 0.943537996142896 1.03566376602138 1.00792540510021 1.08713501367777 0.994246273816914 1.09999390432367 1.07042443398155 1.1094179284599 1.13501305951707 1.09723479511437 1.13787227088571 1.08975351406371 1.0092517991031 1.04530185096428 1.06584969629279 1.02477766805529 1.03240086524895 1.07051056572204 1.10957186707192 1.04472887859953 1.10310620013325 1.09995863977396 1.00696378580969 1.00243870159067 0.953963800250885 0.965259127638593 1.0600138998062 0.952618680383848 0.870033417836288 1.02260310940779 1.0394543976299 1.04394154064594 1.07184579131565 1.09213813281616 1.07359405331142 1.06822258715793 1.12786340678311 1.00295464317638 1.03576139351484 0.929040549239284 1.01575893234011 1.06361488012234 0.910612643586474 0.944782373007596 1.00781968132658 0.898674322817625 0.89090699892353 1.06733012381658 1.08066011063549 1.09883966813853 1.10524498863171 1.00030340737445 0.953374264679973 1.07952158067269 0.932138407908368 1.0346099455324 1.01087064643753 0.901573831505179 1.09903536164891 0.958649787342902 1.08107695160642 0.987977338533252 1.09300283375424 1.02913370747246 1.12990369910653 1.16986112949959 1.02381317204318 1.00012321253541 1.04541809367605 1.01458605539309 1.06262950530352 0.918679240871982 1.00794261412187 1.06179367506337 1.097297772188
"FaturLea_SLV00506-L2_1" 1.04043610686841 1.06552827066476 1.01915059388599 0.980816278486435 1.00399335529326 0.937914197157156 1.04399634356719 0.800377657927531 1.05120568620247 0.936949166754268 0.925609664800737 1.04674394939415 1.06847069124157 1.03482143341446 1.00946372639236 0.641556192865307 0.714373543054805 0 0.965558827479855 0.975875010722713 0.922333937336882 1.01590583612705 0.785112880404459 0.984746712350303 0.960446554885257 0.878696989024866 1.00217846357901 1.01066603430431 0.98776057763948 1.05231953686953 1.07823557327829 0.960616651520019 1.12576202017424 1.11681611248321 1.14765112957208 1.13984371046425 1.01448805985996 1.00878344072338 1.10773097134152 1.08305917070395 1.10367574131858 1.08527095359016 1.01761236960938 1.05524073592517 1.08430583864441 1.07944609793583 1.00867890048799 1.05554291846179 1.02395820974962 1.00337738588629 0.98927385819868 1.01020346725163 1.00327234467344 0.868282185991286 0.928267726263379 0.995166030899971 1.01033015224862 0.976866318367731 1.06644860203837 0.911513331665389 1.07939460149399 1.08118017721093 0.991442949831875 1.02918523689988 0.997187488878309 0.966831051697344 0.995225572571246 0.96610425145322 1.00568749723967 1.02721505623617 0.979526831558644 0.886552838598183 1.14918174806099 1.10609341540176 1.12330127733806 1.08046665173675 1.05201802266053 0.989132466657484 1.04677926617603 0.91799818739442 0.940491847512392 0.923504846759239 1.00540577868957 1.09368111597128 0.912828603578288 1.13809405647566 1.01741701359044 1.11982010009295 1.03519596489103 1.14096472678558 1.1467167344475 0.965518883285218 1.02015710041091 1.03092376458208 1.00125067955217 1.09178574809517 0.934122437824764 0.993239227355653 1.1078142632047 1.12993081060628
"FinzgarFranSaleski_SLV00273-L2_1" 1.07775502574702 1.04402190588424 0.996248191389103 0.964943523023325 0.942194035964921 0.954923824254832 0.978376039862197 1.00652231914426 1.11290928960309 1.02439770849183 1.07643514670079 0.986645404497687 1.11074306873292 1.05272162639843 0.973598691616806 0.98926938457509 0.947954552225999 0.965558827479855 0 0.793415761691931 0.749813192763447 0.862016116664444 0.849204078306687 0.892038083484503 0.960729590406353 1.0439800412202 1.06342175299332 1.02319766136626 1.03155158489616 0.934596191361061 1.06128023867403 1.09329437027311 1.06944260862773 1.11202829860238 1.05748384736126 1.0409182535697 1.07031176977329 1.0795498933428 1.00374209594197 0.995878645528099 0.981406816917697 0.974935882089784 1.05021593463888 1.06421740399319 1.02603519600223 1.0687356002674 1.05582211565633 1.0221898279197 0.913526684191764 0.999810637052698 0.996986765588351 1.05190687984138 0.990610619874461 1.02601193865478 1.04804927460941 1.05145182385987 1.03403408915797 1.03827804018553 1.04797049108701 1.03297854954453 0.965504572005546 0.994458793797293 1.05799533359573 1.02355618168666 1.03198135148575 1.00639353938946 0.963568910072292 0.825477243211566 0.968988511033369 0.969608272153029 0.937192748281953 0.977478719161618 0.957038319954635 1.00428007067846 0.966333463872267 1.0083408558754 0.995025469663177 0.967259187220234 1.04522375484348 0.987932248341448 1.03442784210016 1.0008045832911 0.944970449923875 1.00503879981396 1.08555968150617 1.09760967251206 1.03184666405342 1.10385726022574 1.03275876709169 1.06868878394372 1.08189313907093 1.02647033441642 1.03770425981673 1.02129473900162 1.04206115042918 1.02486319263897 0.998121773016966 0.9672919277896 1.06921842724755 1.05455619821355
"FinzgarFranSaleski_SLV00496-L2_1" 1.07238277472075 1.05942821422109 0.924655144458047 0.881491033346693 0.932126876132751 0.88104245213155 0.942774752649582 0.988718751765234 1.11383831506012 1.08402398734829 1.04008067054845 1.03345282791782 1.08543653061362 1.06121997419568 1.01921664664783 0.983765637848781 0.911671317252089 0.975875010722713 0.793415761691931 0 0.690429779876902 0.736279250982492 0.788012540431383 0.989821910779123 0.965194431924299 1.03782186961233 1.04981230480593 1.0772586015125 1.05579480529467 0.935889637930236 1.03040667919329 1.09786083326983 1.07715359977374 1.12634812015367 1.12079385741084 1.08791032723593 1.0828868962191 1.09230454738581 1.01703175108196 1.02947372900665 1.06614713088067 1.03598422783925 1.05008889301446 1.03305094146349 1.06336789941158 1.11010171940394 1.0458437041 1.05179596809391 0.931189736623017 1.02632707222113 1.02687831029709 1.04609688981016 0.945983117627137 0.969328013519555 0.945806293558702 1.05244696406421 0.989462039229177 1.02234132505091 1.04743863731683 1.01658791957928 0.992953570410197 1.02214780573659 0.979449632232353 1.00389270791016 0.995568058484364 0.981487671754838 1.04073601154917 0.857243936986363 0.94962423238322 0.99088102150443 0.954997398846011 0.943294560898234 1.0333582976959 1.01351514669659 1.04159191681362 1.0662394535588 1.02946214664948 1.06283147018134 1.05219339666001 0.900265339911796 1.05820898837594 1.00428117178051 0.918432862371292 1.07113653824261 1.08760381954056 1.03688064943842 1.09948701779946 1.09779014399291 1.0859115312986 1.06809053599536 1.08633319569934 1.00762701722187 1.01514285071136 1.04354521346252 1.04457508526418 1.04775511788411 0.913946647085832 0.97583524942104 1.05343963371538 1.06091034380969
"FinzgarFranSaleski_SLV00497-L2_1" 1.12394812866991 1.12775995283233 0.866693069616035 0.756201893453281 0.844987729708742 0.753987027338436 0.957789942981137 0.99081489551573 1.12449846260207 1.09965270730887 1.09025077075693 1.08489363880241 1.08204719488259 1.07530464829249 1.02099825669844 0.914485928751851 0.812233086834941 0.922333937336882 0.749813192763447 0.690429779876902 0 0.746031961200648 0.757531086567862 0.956572470480733 0.996528157176306 1.00997435477944 1.0808943931376 1.03877006946329 1.13859463292675 0.92991510960932 1.06284278793502 1.11627983130709 1.09837892972181 1.12931102137358 1.13209923272755 1.12358618273596 1.1096497612641 1.08002132527265 1.01767419307044 1.0620742990424 1.03755722071841 1.04261651135319 1.06826517386346 1.08499792611473 1.00198782921224 1.14579168044999 1.10685431894449 1.00266113359231 0.908150203160865 0.95630618328676 0.972122230396438 1.09115723733618 0.906309257765262 0.863877594019473 0.988403665719476 1.04176042667858 1.0495726733257 1.0999263120519 1.10952126936775 1.10364387774358 1.05097001738434 1.11221755196315 1.04111002679035 1.00642198966347 0.936747811499445 0.983789622965893 1.05917516650552 0.823106259711992 0.936716632525959 0.994488910920208 0.92150508149575 0.91508218138803 1.0536570454068 1.03639587136363 0.996950820532847 1.09778125757167 0.995794773234527 0.986805363973409 1.08456929892387 0.918064602552452 1.0908255626028 1.00804816304579 0.867208754703378 1.11155310614071 1.03861563005148 1.06776950791233 1.03566166114366 1.16936395065429 1.09305611348607 1.09401216278678 1.12373209631231 1.04083959449723 1.00599567936172 1.0718318190179 1.03716564678732 1.05128227662587 0.90108630543705 1.00565712055903 1.07253367087295 1.08547983058707
