 BartelAnton_SLV00094-L2_1 BedenekJakob_SLV00024-L2_1 CankarIvan_SLV00398-L2_1 CankarIvan_SLV00401-L2_1 CankarIvan_SLV00410-L2_1 CankarIvan_SLV10001-L2_1 CankarIzidor_SLV30001-L2_1 CarliLukovicAlojz_SLV10002-L2_1 CiglerJanez_SLV10003-L2_1 DetelaFran_SLV00111-L2_1 DetelaFran_SLV00112-L2_1 DetelaFran_SLV00278-L2_1 DetelaFran_SLV00363-L2_1 DetelaFran_SLV00364-L2_1 FajdigaIvan_SLV10004-L2_1 FaturLea_SLV00352-L2_1 FaturLea_SLV00502-L2_1 FaturLea_SLV00506-L2_1 FinzgarFranSaleski_SLV00273-L2_1 FinzgarFranSaleski_SLV00496-L2_1 FinzgarFranSaleski_SLV00497-L2_1 FinzgarFranSaleski_SLV00498-L2_1 FinzgarFranSaleski_SLV10005-L2_1 GovekarFran_SLV00048-L2_1 GovekarFran_SLV10030-L2_1 GrudenJosip_SLV00425-L2_1 JaklicFran_SLV00126-L2_1 JaklicFran_SLV00373-L2_1 JanezicKraljevIvan_SLV00135-L2_1 JelencVitomirFeodor_SLV10006-L2_1 JurcicJosip_SLV00216-L2_1 JurcicJosip_SLV00217-L2_1 JurcicJosip_SLV00279-L2_1 JurcicJosip_SLV10007-L2_1 JurcicJosip_SLV10008-L2_1 JurcicJosip_SLV10009-L2_1 JurcicJosip_SLV10010-L2_1 JurcicJosip_SLV10011-L2_1 KersnikJanko_SLV00058-L2_1 KersnikJanko_SLV00187-L2_1 KersnikJanko_SLV00194-L2_1 KersnikJanko_SLV10029-L2_1 KocevarFerdo_SLV20001-L2_1 KoderAnton_SLV00098-L2_1 KoderAnton_SLV00099-L2_1 KoderAnton_SLV00103-L2_1 KoderAnton_SLV10012-L2_1 KovacicIvo_SLV10013-L2_1 KraigherAlojz_SLV00355-L2_1 KvederZofka_SLV10014-L2_1 KvederZofka_SLV10015-L2_1 LahIvan_SLV10031-L2_1 LevstikVladimir_SLV00345-L2_1 LevstikVladimir_SLV00478-L2_1 LevstikVladimir_SLV00483-L2_1 MahnicAnton_SLV10016-L2_1 MalovrhMiroslav_SLV00455-L2_1 MalovrhMiroslav_SLV00456-L2_1 MalovrhMiroslav_SLV00458-L2_1 MalovrhMiroslav_SLV00459-L2_1 MalovrhMiroslav_SLV00460-L2_1 MalovrhMiroslav_SLV00461-L2_1 MalovrhMiroslav_SLV10017-L2_1 MaseljPodlimbarskiFran_SLV00132-L2_1 MaseljPodlimbarskiFran_SLV00310-L2_1 MaseljPodlimbarskiFran_SLV10018-L2_1 MencingerJanez_SLV00174-L2_1 MeskoKsaver_SLV00072-L2_1 MilcinskiFran_SLV10019-L2_1 MurnikRado_SLV00473-L2_1 MurnikRado_SLV00476-L2_1 MurnikRado_SLV00526-L2_1 NadlisekMarica_SLV10020-L2_1 PajkPavlina_SLV00231-L2_1 PajkPavlina_SLV00234-L2_1 PajkPavlina_SLV00240-L2_1 PajkPavlina_SLV10021-L2_1 PesjakLuiza_SLV00227-L2_1 PodmilsakJosip_SLV00122-L2_1 PregeljIvan_SLV00417-L2_1 PrelesnikMatija_SLV00452-L2_1 PrelesnikMatija_SLV00454-L2_1 PrepeluhAlbin_SLV10022-L2_1 SketJakob_SLV00172-L2_1 SketJakob_SLV20002-L2_1 SorliIvo_SLV00325-L2_1 StritarJosip_SLV10023-L2_1 StritarJosip_SLV10024-L2_1 StritarJosip_SLV10025-L2_1 StrukeljIvan_SLV00090-L2_1 StrukeljIvan_SLV00092-L2_1 TavcarIvan_SLV00136-L2_1 TavcarIvan_SLV00324-L2_1 TavcarIvan_SLV00406-L2_1 TavcarIvan_SLV10026-L2_1 TrostIvo_SLV00421-L2_1 VodebEmil_SLV10027-L2_1 VosnjakJosip_SLV10028-L2_1 ZbasnikFran_SLV00391-L2_1 ZbasnikFran_SLV10032-L2_1
BartelAnton_SLV00094-L2_1 0.0 0.9618213552062752 1.5420655252876203 1.4860635837616614 1.4302098847582259 1.4814499894057542 1.2151885272680139 0.8029298931678315 0.5393299749347774 1.1306527433419915 0.9184972970983208 1.27661892756282 1.0074051217753524 1.2650342010203433 0.8616812955518744 1.2372139816854688 1.2467115829297812 1.1667613612995145 1.1390390416087204 1.1935942973141989 1.209860028742119 1.3425217055820926 1.227889451064704 1.162858621323048 1.0762704855191012 0.8821297126088562 1.172380287613761 1.2663211875488183 0.8849976435379722 1.0709898356984269 0.7822778592735131 0.8179608367877862 0.7408678133741055 0.7179085789886674 0.787842145890808 0.7334263381028114 0.5976887909994473 0.9121308243527948 1.0025846348606524 1.1123031123661495 0.9848330902312064 1.1908157913908912 0.41243606606403727 0.7074413703994581 1.019002972932001 0.7845564409674192 0.7796203773089213 1.1612146455656738 1.1902772522292573 1.363844266123862 1.2957252212250452 1.0682317850574161 1.4206270569682626 1.2044131630093184 1.346879706697044 0.6529339934266494 0.9104868127851465 0.8904918181400615 0.8599834954710545 0.9233843291627909 1.0028627620169734 1.0384898998598795 0.6579637562301579 1.0308839047398377 1.0101597453290854 1.0087349822321536 0.8334327057863837 1.010953900443688 1.2750265922925197 0.9610053736027537 1.1180314545276784 1.1522890622189095 1.151638023924581 0.7569352130350008 0.9665683229926713 0.9174473453319204 0.9184097562053014 0.9730973154783655 0.7292705135304206 1.279238190548732 0.9087102412198326 0.8767251436691202 1.120397966681358 0.5993283115532598 0.7650755989898624 1.2247852772281174 0.9591453841761993 0.9376892919558338 1.082741774473429 1.0214183401964376 0.8907507588109581 1.0780565972322724 0.9625431926822695 0.9593170818142362 1.0422355414280475 0.9895853259444555 1.3422128099664263 1.0075078808200417 1.2976138693986194 1.3949681812381822
BedenekJakob_SLV00024-L2_1 0.9618213552062752 0.0 1.4797938294440895 1.424041043371051 1.469302230303591 1.5738993095369944 1.0793297374686661 0.8652813202760882 0.8754626612671321 1.0218232063570267 1.07137733883079 0.918254804918699 0.8494403741988942 0.9556411289135801 0.828986743934872 0.9604504704857253 1.3538178306790842 0.9252440550283335 1.1265004625928614 1.2007059580092736 1.3483184120218863 1.0802860137654497 1.1720353045654104 1.2464701645714051 1.1449389424344147 1.0229241099737305 0.821941151160032 0.9030613471919108 0.9256512766719073 1.3599935639799412 0.8668982567870623 0.7720251225512462 0.8789637475426841 0.8180028978065021 0.8620373938114466 0.8866974683324284 0.905989371035437 0.8706064220217145 1.0873214728141933 1.0442836529688218 1.0887678048765337 1.0369664513639705 0.8655912632347724 0.9315200137436986 0.782999746702906 0.8800112596808887 0.9408974569775915 0.7978216793254154 1.1300041872598072 1.223573762453795 1.2437125494983892 1.184362415237813 1.3110508512059953 0.8484809561061635 1.125834813811197 0.7348815060639364 1.1477436090705535 1.2259745975494316 0.9933578129877926 1.1188799315080227 1.2552951769099712 1.1639639268161674 0.85047541893047 0.8796255179919155 1.0319855114073606 1.040252517004399 0.7844885119894174 1.2672315069815896 1.0681156676709116 0.9181099994314129 1.0838776198376074 1.0452088163926159 1.0102522063854036 0.9143238749758502 1.1045063591887325 0.8986634429705269 1.1160924404454349 0.9853868300498716 0.8444925134298613 1.1648400324692867 0.9233773315285554 0.9591903279862836 1.5405606285176987 1.0496363923930372 1.034428376873767 0.9381615985158976 0.8735453483412693 0.788399642709988 0.9890872843275272 0.6782444324782885 0.718776295298975 0.7534530180622423 0.9583228590799223 1.0037421331900789 0.988880108935022 0.8207513500029623 1.2518037157708457 1.1945424814130654 1.0748946299588886 0.9827811184213474
CankarIvan_SLV00398-L2_1 1.5420655252876203 1.4797938294440895 0.0 0.2170088529123763 0.4288868721388847 0.23939880459667853 0.7748701466648409 1.4553306409197888 1.2620829159336244 1.096252099592524 1.1981131049575575 1.0127359225042947 0.9657969647881451 0.8701276833545065 1.4568271795668648 1.1536480804880058 0.7428035134288795 1.21866441863962 1.0346504430968233 0.7795473697179615 0.75571061431762 0.5951205663149687 0.8172738733391637 0.9167592634762177 0.791478115439752 1.3137611708250174 0.999479016846853 0.8908292230805438 1.4359316810688885 0.9514642350070368 1.2217091872287427 1.4892975889851754 1.2573739800843409 1.1992236153561988 1.1512004641381042 1.3097277138789725 1.4807815833267337 1.1305996506530929 0.9720947950810416 0.9824173852788597 1.1657815223387171 0.8123378481560243 1.4506364525613678 1.5443020119188813 1.2699833326362993 1.6144822777979144 1.5726986469300224 0.9698316627282472 0.776244868046698 0.7678110650491107 0.7400031591046974 0.900419046608744 0.5544242085812204 1.0183161857677714 0.9288324135381228 1.6318783670687307 1.278892583650788 1.0028071641818583 1.2152614328877787 1.3205647000050444 0.9970830577014017 1.1113032228446817 1.2990998131275715 1.086510199855003 1.0754584904348412 1.0588399926926095 1.6053473522349218 0.9534078938481351 0.6514203986726903 1.0081516227552254 0.8743966473469119 0.8647112653316856 1.0624460501070876 1.3736221534840654 1.177688254085122 1.5505141916158725 1.1666985931263376 1.0642222147295608 1.4344632513487703 0.5656294627256534 1.303039796430117 1.247634823317189 0.6258241825217074 1.5675187666353674 1.3367704919759917 0.6595706112422202 1.3215598695989843 1.216032210446291 1.1204305272283508 0.9309056892890994 1.1624518331395517 1.2037008816008035 1.046206204445628 1.0266631142122968 1.1084737965090778 1.3191362086657612 0.773395333564957 0.8436731685158968 0.9137483456610844 0.984478538112878
CankarIvan_SLV00401-L2_1 1.4860635837616614 1.424041043371051 0.2170088529123763 0.0 0.18083248812628494 0.06588983137993064 1.012078806972968 1.6771883276470168 1.3952653895712879 1.0599584630261103 1.1990607819871326 1.210896520141993 1.1374497133585673 1.1366766898907619 1.8761909565984471 1.2786047017056206 0.5560943419905312 1.4043409236511817 0.9252020191365338 0.6636757351196557 0.49611052839256736 0.7947599148991917 0.6905370703758058 0.9685510991623553 0.9113301051342539 1.216012391896453 1.1301497555402396 1.2901140632995356 1.2148803594226882 0.7676673570091028 1.1065444313686683 1.379805140065685 1.3047563790029004 1.292400386533537 1.3232739185623879 1.2651214227432088 1.3744479829253486 1.1856787921616412 1.0502257778870774 1.1123134598797395 1.114760363955072 0.9732351730269792 1.6292328345060727 1.256345797881004 1.2231938278937253 1.570527500804437 1.4617086384062894 1.309373789931233 1.0307488983931965 0.5615847741895397 0.6793961672442688 0.7393235964711309 0.6177155174308155 1.2010110137957144 1.0142983249465447 1.6050434350035248 1.024013265782358 1.1044869136493263 1.1256641335292514 1.1091242316609373 1.0258992362685804 1.1766647600401157 1.7788732088682262 1.1481741605933082 0.9304343071968619 1.1167216532125999 1.6015132860713293 0.9261431618698048 0.6895850286046104 1.239549292987285 0.9397906375527696 0.8704830872756143 1.092984296262606 1.5715042863661526 1.1236635677820985 1.4803816563549463 1.1225590947239008 1.202440318790948 1.247540602350068 0.8110465882482 1.465010365971065 1.4328017174318244 0.549096893989608 1.5521647738414772 1.249785324327055 0.7387836006631276 1.3617128841811783 1.1486647098284775 1.0573575300640004 1.1708446091829101 1.2484951662359434 1.4402030410286093 0.8995097624356219 1.0742244611656242 0.7602821919616931 1.2929743906547648 0.7503080863753528 0.9441938005731684 0.7019592674460263 0.8355816579582266
CankarIvan_SLV00410-L2_1 1.4302098847582259 1.469302230303591 0.4288868721388847 0.18083248812628494 0.0 0.24581951464491233 1.0151851602538082 1.736164472709716 1.4059351550848451 1.0408840834049393 1.3604596306780106 1.2104672235763865 1.3836638852553746 1.361547085717806 1.4871134315397037 1.4721369832080304 0.8664001217090166 1.5445799435704826 0.9646024435234888 0.8570212770529352 0.6487474440237995 1.1536685584476856 1.0350287135393088 1.0298575753405483 1.057983568208535 1.201115848084458 1.225198195226535 1.3389129457332078 1.0370640631953003 0.6032101299023142 1.220107924917798 1.2519317327112383 1.2313596025759437 1.2467787779501276 1.2699916366126758 1.0686940761117183 1.188583708486047 1.204655533492043 0.9510888926206202 1.0826885508625224 1.0304153165974992 1.050995789070878 1.6903978936827468 1.1714278855315754 1.2183983630033501 1.2263186081950443 1.1535754931264726 1.5358289510749352 0.9035037135181119 0.45227123493826615 0.6255715640959019 0.742403235534514 0.5923506315369986 1.3858954077858807 0.9223808155414182 1.576392782673861 0.9811473751988157 1.0149103702123263 1.076832496287726 1.0280248631450641 0.8418761985215236 0.9130320637052957 1.790764443331767 1.0892147379952215 1.0512139787738126 1.1471958918304563 1.2514014874047812 0.7881585953325516 1.0423520893752445 1.1989778406478144 1.126757117840419 1.0526547964636692 0.9861734906648352 1.3726177891935964 0.8106892932557055 1.0273460654120368 0.8751617657134659 1.2548877300374879 1.1084721876434367 1.220357981726345 1.343404905668768 1.2818551129492062 0.6210610897091158 1.1282353142101131 1.1013655380145726 0.7936900666895907 1.0251277725249182 0.9236644485399873 0.7895877027619347 1.2785268126219385 1.1463487040241511 1.4283420272496588 1.046403686503624 1.1800237731332823 0.9096478096925811 1.0889462694969476 0.8808314507663634 0.9968828229017875 0.6016944363368086 0.6862653970452807
CankarIvan_SLV10001-L2_1 1.4814499894057542 1.5738993095369944 0.23939880459667853 0.06588983137993064 0.24581951464491233 0.0 1.0802761095225917 1.4259704527435253 1.4580372662226393 1.059946086301089 1.1821378249761048 1.2778675598588076 1.3425365615036413 1.3307141875169486 1.6933358380968944 1.078702643033768 0.4720398565827603 1.1281413308243626 0.8156175265656561 0.7060211547048383 0.46087477418981126 0.8360478431557816 0.656725738321088 0.8542620452815121 0.9312879750376777 1.1584288087695003 1.15823501824301 1.3789650082719969 1.1317533290613777 0.8190017137165011 1.1322948676957034 1.3325554116507408 1.4078335416560135 1.4090147536461295 1.357694156570212 1.3390380687658443 1.2911325368265263 1.1889565307860719 1.0430630916599142 1.0604375362828273 1.1340852578143865 0.8884674646135265 1.528449487369453 1.2835382253470333 1.3048222741140627 1.5297969713121544 1.3431643507402506 1.3251020343840352 0.9967424357918471 0.5689112722565833 0.6800850630371787 0.8830687973120946 0.5931512840078287 1.0750111374459188 1.0164557067708655 1.5733047078258464 1.0790942585407144 1.1068044888691675 1.1002345764917358 1.1252672520250468 1.0725261188997643 1.2186645130989533 1.61865143303817 1.1613955514697991 1.051842509865195 1.1604998499030605 1.4789010633139985 0.828199541551984 0.7650187024086641 1.1069524885833215 0.8185712827690572 0.767636278661954 1.1594939901242818 1.4321467372509467 1.157519135957095 1.3957735476565774 1.0488300039894691 1.0254840083213272 1.3126981196629892 0.803302177275642 1.3940360333630475 1.3289142892316625 0.504077681881571 1.4429583060330005 1.0523266235907347 0.9815610248886731 1.297195466635586 1.2458398293636446 1.034126965125932 1.2976620467649547 1.4207634596315064 1.3338860970758102 0.9555114061819112 1.0652916419229261 0.8524556418198769 1.2814516181485451 0.7848611263055892 1.108169343512823 0.8645623844499235 0.9892383353097699
CankarIzidor_SLV30001-L2_1 1.2151885272680139 1.0793297374686661 0.7748701466648409 1.012078806972968 1.0151851602538082 1.0802761095225917 0.0 1.053102547094879 0.8682185818327548 1.2545925010630945 1.430761710488673 1.0082513826093389 1.0142615486894342 0.9593288265720117 0.9179619851235267 0.8467249039368745 1.0884660062152447 0.9251964310923951 1.0454577708012252 0.8489206480386737 1.0252450172778225 0.7527504117095609 1.0696401539556684 1.2370842936756514 1.0677322744251825 1.291649424379843 1.0956409585626228 0.9004341181382399 1.2641172583528992 1.0142703532234358 1.1424171151216613 1.1420639519124678 0.8787706980032839 0.8617746537260033 0.9211707516279816 0.9642758867527049 1.260947524182751 0.9021745158433039 1.2005639107877804 1.16930142646791 1.1649864043106952 1.0511081594910046 1.2194671020522072 1.270832798032036 1.0500181031279563 1.0623892535127977 1.2277315953630883 0.9359933244854878 0.7630576729674197 0.7109238006938309 0.8516932860313778 0.9448618289582791 0.857058418170243 0.7393303222562437 1.0218021085189781 1.119523772719313 1.2204888254402395 0.9791267886323732 1.0895356472934392 1.1855360775082346 0.9810958133909461 0.9675010778907627 0.8418228547168685 0.922943204004197 1.238477651331644 0.9974310602931107 1.039584350372101 1.1932778816571816 0.9727859004483781 1.0928047338181441 0.8583663736732922 1.1523721740825537 0.8626180071783907 0.9621824000787481 1.118881022786051 1.0542806945985932 0.9961633543377386 0.8384435856644727 1.1482538643280944 0.8109798672766312 1.0898672616949134 1.063452125397129 0.8242884946603172 1.1203809052620328 1.2995602184403796 0.8300761645447482 0.8105107119076774 0.9950105214087079 0.9681940493605024 0.8829415037649857 0.9511659408975486 0.9596755891737364 0.932079005038371 1.0325017881073504 1.059149715515674 1.1088193711187753 1.200758043885026 0.947100640588087 1.1868661202444506 1.0997777448969226
CarliLukovicAlojz_SLV10002-L2_1 0.8029298931678315 0.8652813202760882 1.4553306409197888 1.6771883276470168 1.736164472709716 1.4259704527435253 1.053102547094879 0.0 1.0069789113964842 1.133745675767095 0.7968776990832561 1.1408469060446829 1.1293081194383479 1.2232482820670594 0.4970861103189346 0.290284784674307 0.727620891354509 0.20821262516119274 0.850405332196428 0.9736566519168101 0.9564800970255192 1.1063505636823416 0.6148687124731915 0.9256992866240106 0.7624109075535147 0.4811348822244876 1.0337125592064622 1.1796913838427225 0.9737786556113558 1.5659450079083734 1.2082194235833477 0.7968397857916205 1.236823400647306 1.4967428960090772 1.1833025738735297 1.3459467929430482 1.0129598273988873 1.1766297485246338 1.2549849274823035 1.263527699021388 1.1461278740540752 1.2954981719447718 0.5704837904205904 0.9481074274399554 0.7934534810564507 0.7745979100030733 0.7263602250619924 0.7285598000695817 0.8507593067606821 1.5573505804712942 1.2953541256264618 1.4409360893609853 1.186531309463337 0.27042788744907925 0.9613274472703854 0.560099228214134 1.0589792612860192 1.3251654540721527 1.251806521242911 1.0391184934010234 1.6813862032025422 1.6287410180202049 0.44051622389568745 1.1129502331555758 1.0309314829021008 0.8247579213995962 0.6147431063351049 0.8897888545612518 1.1218680389769637 0.728193287652073 0.6986231979366145 0.5957394940878586 1.540295464763287 0.8358726767863457 1.549270892587198 0.9653379095403778 1.1631506790473496 0.5926367450759947 1.0811869146130269 1.0172024494125342 0.7921759989501501 0.7087120619085184 1.3027673199061638 1.0907343805639853 0.6978563448998565 1.5343416474891154 0.7848226115990931 1.2741495700667282 0.9509932851675428 1.4482378194232313 1.6272018859256776 0.6365812743836363 1.2813398657516597 1.1761765660866883 1.4019373965779418 1.1562186442266864 1.0717661584759144 1.2373751055738225 2.0361350804361615 1.892768667332788
CiglerJanez_SLV10003-L2_1 0.5393299749347774 0.8754626612671321 1.2620829159336244 1.3952653895712879 1.4059351550848451 1.4580372662226393 0.8682185818327548 1.0069789113964842 0.0 1.207615218201446 1.1355846147895123 1.0985654674993623 0.6669540368426603 0.8665907584418859 1.1679875678473621 1.1855156327518273 1.4653593674391359 1.1940489681639328 1.3035139643786373 1.1284613895482176 1.3036850004225313 1.0159319218180205 1.3984707484306214 1.3975256196942696 1.3450588662709455 1.454235150074069 0.8125676555572384 0.7095408110738313 1.0754188182558437 1.2284522285024049 0.7544541405137326 0.8627585218593936 0.42817390958030915 0.34879602034013213 0.5144929213417437 0.5362822302239069 0.6502143418852249 0.5076654797731086 1.265787193408626 1.3403699258019757 1.1456458428506924 1.2561871352644942 0.585781236173652 1.1446158897003862 0.9486598698871637 0.9067925143668306 1.3951643352014833 1.0136615269175346 1.1277963508871518 1.1223652358192884 0.8787504887037426 1.2706760440346878 1.4664401764686243 0.9690227740674077 1.4960499454034277 0.8185771765560763 1.0060005684127202 0.9187721136864215 0.8416805149849733 0.9898707457822762 0.9422220542954777 0.7940895841740097 0.7571928713067653 1.0600030058901417 1.2220359258542548 1.180223887584622 1.0949690042538318 1.4545204074514255 0.9624567507943527 1.0967151058972369 1.1600115022577435 1.4601019686390686 1.092134049789278 0.8619373341311659 1.1743496105358062 1.0254134943513356 1.0279395687581714 0.963775396741849 0.8655965622461775 1.0731223757168626 1.009847541219198 1.0854131411904904 1.2786693719248072 0.8456140762261679 1.158841433111226 1.0239692626430672 0.7301199836315846 0.5544361714640063 0.7497411451936732 0.6525496735865637 0.7419277199166243 1.2942766273604043 0.8975001645134738 1.0298180921593292 0.9097698368984538 1.1103671819872478 1.6351090412628642 1.127323842057875 0.9986736994550909 1.0414284873109538
DetelaFran_SLV00111-L2_1 1.1306527433419915 1.0218232063570267 1.096252099592524 1.0599584630261103 1.0408840834049393 1.059946086301089 1.2545925010630945 1.133745675767095 1.207615218201446 0.0 0.39433471396926484 0.37728056815066824 0.7243881913350286 0.5551749503701023 1.241863093158024 0.9779950539426316 0.9159212153085078 0.995254593046412 1.0586472524431962 1.200471515120639 1.1895910765584108 1.1891948178303293 1.0191462167543535 1.1050394058846322 1.0583804750770978 0.9690452722049326 0.7408781166430226 0.8909586360652989 0.8323658288640121 0.9710296230483928 0.9707192112551943 1.0918728591396767 1.23249640208815 1.1671027661326638 1.2562320942234162 1.2943733306303244 1.0630615393066163 1.1573228373049589 0.8739551150772938 0.6783460965868928 0.8109244313365629 0.7630394201385963 1.2239923660218015 0.8559169364992502 1.0830094513817208 1.0454740808191139 0.9743894098053586 1.041530116269214 1.1431075870904477 1.2024401527213644 1.1913840333989598 0.8987547864560038 1.1291862597773823 1.2231717104937287 1.0131184775308704 1.0435059037527432 0.9235410542365815 0.956134649500386 1.0694585544116655 1.010151457102865 1.1152540643157607 1.0070942721057439 1.2138228853254263 1.0589242336934375 0.9950407783912821 1.129240051673122 1.156301776073301 1.2960137673622871 0.9068281786371685 1.280844454718702 1.3057613790792781 1.1534761350416498 1.0635821123215827 1.084158892864418 0.9827785636621683 1.0980542496684171 1.0229518455270903 0.9459144749218731 1.0176521569881425 0.9900849932850896 1.0215944085710953 1.1368774235190673 1.2593804371625874 0.9843397025142064 1.1819414176032317 1.1773841653047323 1.1548093163065696 1.1309012248431405 1.0634757775614285 0.8270619888193824 0.8494149759225068 0.9886556888423391 1.2041663403578866 1.140254001072032 1.0788445354454663 1.0554451800565647 0.8949582928291268 0.9930841454781654 0.8571166069404395 0.9007349899603116
DetelaFran_SLV00112-L2_1 0.9184972970983208 1.07137733883079 1.1981131049575575 1.1990607819871326 1.3604596306780106 1.1821378249761048 1.430761710488673 0.7968776990832561 1.1355846147895123 0.39433471396926484 0.0 0.5996706000249269 0.8513362842763504 0.7046966367373749 0.9787887237915385 0.9573739982119371 0.8368438255281879 0.881611685830381 1.0899419330991376 1.1484413220633873 1.131553892404964 1.1834057068357777 0.8270393261111191 0.830680559959577 0.7710043978778185 0.606039462779324 0.9916502789894998 1.2558129303284185 0.7935780945920999 1.0995696218218962 1.0254498197519484 0.8549550968533113 1.2509272460126435 1.1755538837882216 1.4059821314368304 1.3029941258982953 0.8645966485397424 1.3181837725245515 0.9801303964108219 0.7617048768073744 0.9980818556892774 0.9357178433690861 0.908746141506504 0.7870958345510974 1.1291236756719645 0.9422788236642192 0.7770337691798578 1.0774190773639636 1.2271652612414476 1.5200397172359774 1.3931813440820455 0.9558844606413058 1.1145557692572412 1.1643085788551304 0.9532349042640639 0.8463487139876793 0.7815801209962602 0.8996436248240565 0.8555807929758916 0.7872654196018511 1.1571596055299311 1.0448067240453909 1.013889141926704 1.037604876896807 0.9613131026018864 0.8925380994348747 0.9078166109976148 1.1121983876621044 0.9138439295459867 1.1030742302528247 0.9746216100756719 0.8378090323971458 1.1770407551842947 1.0731915003885144 1.270206812423109 1.2176256968960428 1.2734761707278015 0.90922765536071 1.0417984239253428 0.8569573740567423 0.9177238553681601 0.9737750761250734 1.1794227154390018 1.0715515417357298 1.023775928357064 1.4034242764822284 1.4113764870590972 1.501126605650408 1.401405853067576 1.2333024528740544 1.1466966140777823 0.767058157994455 1.0390626618815182 0.8597312511914543 0.9296010844541333 1.2395860515848414 0.8263588036616071 0.9131487189992153 1.3437927502159408 1.3626855023000848
DetelaFran_SLV00278-L2_1 1.27661892756282 0.918254804918699 1.0127359225042947 1.210896520141993 1.2104672235763865 1.2778675598588076 1.0082513826093389 1.1408469060446829 1.0985654674993623 0.37728056815066824 0.5996706000249269 0.0 0.643487883617694 0.3370207154067443 1.0518380061329924 0.8290195228753185 0.9921805870284335 0.9430171890639886 1.0294877557198043 1.059263024552805 1.2359774218270672 0.8744752520025462 1.020376025800259 1.0528630832998869 1.0160576157033503 1.1819912079162682 0.7714603337433904 0.7282804145550626 1.056124695595933 1.149472390252625 1.0905159823172466 1.1971590438030382 1.046350705607135 1.0661410134315057 1.1084248821333198 1.1764623682946205 1.240145600379471 1.1589350370802596 0.9708615142638508 0.732253145625684 0.9107883761868868 0.7111161072503636 1.1963279841766847 1.0941366838558007 1.0965533897513846 1.084077664326202 1.1124432543033735 0.735513270234591 0.9222328146979416 1.1979777373275402 1.1046891837706452 1.0478772723804477 1.0805254123673194 1.0017210399535874 0.9403294143314539 1.0506293096651815 1.2154225138716646 1.1513167444869263 1.2499223954465088 1.19684512941795 1.1318144050472294 1.0104609835568708 1.0540198543064847 1.0337609721472514 1.1198035154840815 0.9980955587750603 1.0815233253148075 1.3406741742002168 0.8553616947406472 1.0824245143385236 1.1619101917719128 1.1253512874128073 0.9784778528290626 1.0023763887031782 1.0585584148286946 1.1329015968163703 1.176570528852539 0.9141757792843612 1.1862401650774577 0.8685121366018171 1.0868538500953209 1.1182832206423818 1.3172838189354696 1.1255082196851778 1.4396512078667068 1.015817594164572 1.0720638276827064 0.9989789805920899 0.9409104718763175 0.8046092402301479 0.806291395266851 0.9408188091354657 1.1959268906375606 1.0441506048698246 1.231575745268651 1.0844670847149547 0.9753142495826277 0.9327762382382688 1.0351883761608434 0.9895350433327398
DetelaFran_SLV00363-L2_1 1.0074051217753524 0.8494403741988942 0.9657969647881451 1.1374497133585673 1.3836638852553746 1.3425365615036413 1.0142615486894342 1.1293081194383479 0.6669540368426603 0.7243881913350286 0.8513362842763504 0.643487883617694 0.0 0.4256191793833784 1.2283763585375889 1.1220372546186888 1.3426584056457886 1.2206616960672225 1.3475659007512515 1.2748700859181066 1.3706548825954636 0.908917091446491 1.2886853655945552 1.2004400177016645 1.1818216014330893 1.6255063332498525 0.5426252638721234 0.4592583821156448 1.3379164366062908 1.3812726004901463 0.6873868723570717 1.106912048604598 0.6652658364922464 0.6449951685386393 0.7138428544791093 0.8590452717674006 1.150228483510256 0.6315799696727785 0.8743383433720767 0.9025113197196469 0.847312952862004 0.759199485391809 0.9552072065348687 1.2950370845628143 0.8172980650354857 1.234533074688905 1.636516638525749 0.6036722048993081 0.8924046472398373 1.1577685155138873 1.1221732064655854 1.408790380980104 1.3569724363904725 0.8711943378909777 1.3312320146396934 0.9874717059338544 1.231525249955836 1.057950056230501 1.1697445579838737 1.342360745309718 1.177562338548212 1.1391340096996645 0.6542212901392014 1.0861952215133044 1.2169729116765884 1.331047604997766 1.4482123841392485 1.5317681613340228 0.8635088097170837 0.9663457287899573 1.1419915508130998 1.2807220754162414 0.9718610281181397 0.9345136204934098 1.2748041908931658 1.386012492642665 1.2549147596412866 0.9865673089491722 0.9498463280152866 0.8099168196028206 1.1270288416482797 1.189064986670968 1.471879481938638 1.1009186627289216 1.321943735626786 0.6896043812654366 1.0156050800797036 0.6865293116801208 1.0104826412342032 0.4330150819603338 0.567380743119495 1.173963878070222 0.8740212319868068 1.0206468086885383 1.0631083676831863 1.0771245203737203 1.2750371593512115 1.0594651881373567 0.8345313065195016 0.8397492992426806
DetelaFran_SLV00364-L2_1 1.2650342010203433 0.9556411289135801 0.8701276833545065 1.1366766898907619 1.361547085717806 1.3307141875169486 0.9593288265720117 1.2232482820670594 0.8665907584418859 0.5551749503701023 0.7046966367373749 0.3370207154067443 0.4256191793833784 0.0 1.3333286790256187 0.897605927688367 1.0231262612072833 1.0394530663603672 1.1805297128094392 1.0406003440997433 1.2561125317238462 0.7278384944067081 0.9827133377314534 1.098089862066765 0.9416662448704893 1.3057486321750713 0.725584389676171 0.5580905486563879 1.2616408787243905 1.1293435824850442 0.9923261802908712 1.262438117925561 1.0828350513063791 1.0314193170600077 1.0232113795442634 1.237905067410779 1.3355697901768717 0.9963384094533688 1.1133929210942068 0.9313759086180854 1.0623923498923853 0.8563159347799985 1.1724871459296584 1.2364310972018446 1.074582853695902 1.2638878804151605 1.4708331171259152 0.6641851681219758 0.9260235881793557 1.2206602136501052 1.0387435741042854 1.126170211753268 1.1791117471183252 0.9692330720393411 0.995085995255304 1.1071764572621445 1.1624081636330919 0.9662529912694786 1.1314294799901987 1.1860157725456526 1.057447841611147 0.9871852489356419 0.9645386218980283 0.9664065325842164 1.0148676903765246 0.9631450431298918 1.2918051994039288 1.4388960430183275 0.6659586280955024 1.0418275533448016 1.0768662216567733 1.0868909152556137 0.9648398158280126 1.047216140853544 1.2012629707231197 1.3476018883979735 1.3403582580572337 1.051723041457696 1.1333794747785948 0.6384197138463084 0.997661225118935 1.182574530253111 1.2570217226601206 1.283126759974544 1.3515502199454303 0.8524120629343522 1.182066556125021 0.9538104093179561 1.1122746129744352 0.5514387362820236 0.7164891900647138 0.9433202544978943 0.9689321837166546 0.9617087947023805 1.0040953411477256 1.0351129013086393 0.9322068899639886 0.8748793090795517 0.9303110532781158 1.015305850912847
FajdigaIvan_SLV10004-L2_1 0.8616812955518744 0.828986743934872 1.4568271795668648 1.8761909565984471 1.4871134315397037 1.6933358380968944 0.9179619851235267 0.4970861103189346 1.1679875678473621 1.241863093158024 0.9787887237915385 1.0518380061329924 1.2283763585375889 1.3333286790256187 0.0 0.6972278134907889 1.1279487123372947 0.7003216286651011 0.8826495320730819 1.05630937474005 1.145011175168515 1.2179965784209177 1.1342213341745437 0.7939404019913137 0.8802751766060526 0.7398738255504292 1.0860580424852377 1.1262822915689805 1.1005561228807057 1.311461246558467 1.0953556679148602 0.9315303539734952 1.033020724447751 1.2819990934977592 1.0128440022732337 1.0400780227737905 0.9489566181674215 1.0902147449601973 0.9236490653532214 0.9274030724632705 0.8903999305098591 0.949725046235694 0.7588487313246912 0.9082255566026277 0.825080172788646 0.7119937936630519 0.6079737808114746 0.7724991307673307 0.892125499182355 1.2877598553541967 1.2972908827883725 1.118843441273189 1.0299313606188463 0.5901829847827375 0.9044931578834243 0.6862218683832034 1.1184358156900593 1.2571330476202123 1.1808496097226768 1.1284891633957403 1.3008031881031241 1.3063731729834893 0.5586840817890666 0.9474985086325937 0.9916762717854599 0.9328788658595824 0.5869147341152604 0.8093139261502535 1.4698610750723065 0.792786989925322 0.9956724782796893 0.9655077294523154 1.212362531307775 0.6797176239892675 1.1320606946801723 0.7522543568629774 0.8748132014579644 0.7711320498807077 0.9960430614772604 1.2705117190373834 0.9838109344089105 0.7863494723114676 1.2257136837561828 0.8328151264372609 0.8950132291424256 1.252255997095711 0.8039113775460238 1.309372387600141 1.0714809119954367 1.4048081064122977 1.3722278144675457 0.545635544183791 1.2329181798115054 1.078028563854878 1.4099571010549072 1.0865788884313516 1.108293534815174 1.2091838253332754 1.451821918852891 1.3524019961494451
FaturLea_SLV00352-L2_1 1.2372139816854688 0.9604504704857253 1.1536480804880058 1.2786047017056206 1.4721369832080304 1.078702643033768 0.8467249039368745 0.290284784674307 1.1855156327518273 0.9779950539426316 0.9573739982119371 0.8290195228753185 1.1220372546186888 0.897605927688367 0.6972278134907889 0.0 0.39462183824708086 0.0854991058839368 0.7990580711935463 0.911489056361529 0.8445603111223579 0.8531831069654495 0.5198888638073325 0.9365690970743796 0.7893940882935153 0.6679756461978562 0.9373908410631766 0.9379969607682774 1.016318360185644 1.4562133369721793 1.3267485708490445 1.0165896246301724 1.3306832135487814 1.474538535686808 1.4157661682975637 1.4747283750395608 1.1757486216743362 1.2188252882918011 1.3845761685432225 1.2786700270681155 1.1356655380829932 1.1762435474525474 0.8719854968251625 1.034377539286626 0.8797140847975525 0.900905589328985 0.8313939148291848 0.734419537964357 0.9050276747434824 1.2529469556871264 1.0939271974726388 1.3659695012303132 0.9769493954577606 0.3392440701044492 0.86763952332707 0.8492318056713217 1.2275242435727245 1.4161618529555622 1.2723676988383235 1.1476056479649999 1.657533861835232 1.531252733051136 0.8122804131810547 0.9981987906072565 0.9500731409647211 0.8051895287750805 0.7946955077840516 1.0956560177904595 0.9540815046974254 0.8591594090420035 0.7114121711651034 0.6042596253197371 1.4541510694511282 1.1493915649632012 1.546080636932055 1.088502813671091 1.3119982160299977 0.7459853893015604 1.47617732511162 0.7663572106119888 0.8700031333778007 0.7890921694686491 1.2889771994000836 1.3158150247115987 0.891668126920483 1.369301247880747 0.8552944651140789 1.1900150544904777 0.8953252953210824 1.3460091263581013 1.4559995072704683 0.7757159182235149 1.2313544442479767 1.232429154852513 1.3202890313334164 1.0964248671824486 0.9206702234708358 1.2352424968112634 1.685191862289631 1.609635683463765
FaturLea_SLV00502-L2_1 1.2467115829297812 1.3538178306790842 0.7428035134288795 0.5560943419905312 0.8664001217090166 0.4720398565827603 1.0884660062152447 0.727620891354509 1.4653593674391359 0.9159212153085078 0.8368438255281879 0.9921805870284335 1.3426584056457886 1.0231262612072833 1.1279487123372947 0.39462183824708086 0.0 0.37478634228714636 0.7272017451655891 0.7058142100722611 0.5069966821078046 0.8701896237846918 0.44158065491338977 0.8149991853616468 0.7029751032845202 0.6678985592343383 1.085343397756584 1.2625925449292168 0.9585828506588435 0.9518627676727583 1.2922593520123105 1.1897818327975216 1.5531200491232764 1.6875730810609584 1.5828208245796793 1.5730973414188532 1.2555002314285726 1.325390653002363 1.1228246101117516 1.0676687727846597 1.0977823768444464 0.9879718584421044 1.2379326961760029 1.034823704557814 1.1941810290982457 1.1737149116000507 0.9719329997960363 0.9896229982407575 1.210465779809947 1.0493276847096997 0.8777465116896903 1.0471236545855533 0.79560318585882 0.8383103202780327 0.8484276220505599 1.0900550312638952 1.0714518578005485 1.2532883607297292 1.2108438897203648 1.0920211034372187 1.396795008328632 1.4655964650902957 1.2585976400682093 1.0510180031876737 0.7605078998798238 0.7933564133213257 1.061155343906556 0.9018769082483161 0.7332835337948334 0.9674264149215811 0.6530339596688058 0.539576030318331 1.3231383064503464 1.4239524951574576 1.4858813304529899 1.379835105937446 1.2325332228117472 0.8440436897486742 1.3501307984737576 0.73530003894288 1.0459021779771058 1.0012924640140137 0.703029868813824 1.3937528394283585 0.8323626335642061 1.3627758731389445 1.1192586764922108 1.52345598537045 1.184535852356946 1.5008063527818507 1.5840954704941992 1.0189428840956276 1.1370294261686185 1.1736531838976874 1.1408977957389002 1.0671543334547273 0.6042029508857393 1.0734141202954561 1.4116014493476288 1.5423015853556732
FaturLea_SLV00506-L2_1 1.1667613612995145 0.9252440550283335 1.21866441863962 1.4043409236511817 1.5445799435704826 1.1281413308243626 0.9251964310923951 0.20821262516119274 1.1940489681639328 0.995254593046412 0.881611685830381 0.9430171890639886 1.2206616960672225 1.0394530663603672 0.7003216286651011 0.0854991058839368 0.37478634228714636 0.0 0.8110870752714904 0.933226839858898 0.8735995869066138 0.9178276233878169 0.4347779851385972 0.9031742397644735 0.7276814031984212 0.6059069445968267 1.0291191691630548 1.0796201533423604 0.9420730308453693 1.4677389960516642 1.2681552902837192 0.8784439317036572 1.377523819119638 1.5957894407772866 1.5095590844130133 1.4804224071306908 1.0491886286977947 1.2656901666729674 1.391537992715119 1.3067847723840536 1.191354947503701 1.2551247154490974 0.8367494169547446 0.981588173525151 0.9630060021855718 0.9530305192103299 0.8023106956404338 0.7646161531421399 0.9960130390981836 1.3410901466557597 1.1387663195439273 1.383572589952656 1.0619949537136382 0.33749055397706423 0.7687204912412112 0.6907159617796506 1.1986111073113985 1.270294751923301 1.2391297112558133 0.9486400299498557 1.6470439251369662 1.5662298221856317 0.7243559147529437 0.9645453123396603 0.9843509953713133 0.7082847943893456 0.6804193653952336 1.0218896362895569 1.0059931979473309 0.8286121532906792 0.6854768283851125 0.5651922775417063 1.5091890162633497 1.092886884497815 1.652261737919545 1.067025059564356 1.3651183300994105 0.6658188655047984 1.3400694840197076 0.7480042474706611 0.7790412901174396 0.752825923244199 1.3117165828983293 1.2555038045989273 0.7447327262449864 1.5006204546550372 0.8646144962455609 1.3038211337804464 0.9868210073689058 1.4296297316199218 1.5320748453320796 0.7262133902050396 1.2326035290674853 1.2115285712181296 1.3180648098291263 1.0533357272827708 0.9417820462950252 1.1937826618226084 1.9347242494339447 1.8035343383517035
FinzgarFranSaleski_SLV00273-L2_1 1.1390390416087204 1.1265004625928614 1.0346504430968233 0.9252020191365338 0.9646024435234888 0.8156175265656561 1.0454577708012252 0.850405332196428 1.3035139643786373 1.0586472524431962 1.0899419330991376 1.0294877557198043 1.3475659007512515 1.1805297128094392 0.8826495320730819 0.7990580711935463 0.7272017451655891 0.8110870752714904 0.0 0.5067268692898087 0.44228605546158495 0.6804830127064565 0.6115629951579625 0.7933448612430319 0.9174023511392727 0.9474670446218746 1.0669632583001494 1.1032121624064688 0.9544398971619359 0.9932565647385109 1.1554304839297662 1.1952501737197716 1.2298000055106413 1.3527184738196187 1.2388117184187546 1.1842043418421302 1.1705205439849193 1.2358349330323317 1.0445115372008495 0.9719711311793087 0.9938221096408629 0.9363646413302751 1.172321453770926 1.166754292458068 0.9467940544138024 1.1179130195739806 1.1232127579182631 0.9916178240784328 0.996015124722397 0.9633102314478839 1.0189632606862848 1.206666503688098 1.0486480707455146 0.942575539482954 1.0884482009598346 1.0827746300308503 1.0945679485057362 1.2297727296165635 1.2082943198266365 1.1689427878717522 1.1889359447405703 1.205493919174339 1.1426393783388025 1.0258927124148014 1.016029758186081 0.9787995988947417 0.8626989800489474 0.7104343418042763 0.9426702574462814 0.8467561634269399 0.8160300967226292 0.835399706202332 1.0082223759393796 1.0754387224557298 1.030048366797887 0.9528224184852686 0.9272066473455647 0.9309285006401351 1.1783502290000498 0.9328149033276707 1.0648542799961143 0.8809434595397264 0.8200075722073348 1.1283995277839016 1.0952767772151364 1.2627572846588786 1.0491153204825794 1.2463202758863414 1.0461046647175947 1.2410269868026262 1.3493875103397117 1.076951126826766 1.1630410064776544 1.2171460369062412 1.1510662144316965 0.9957034205142294 1.2016124997863624 1.0286509316916947 1.2594540238018017 1.2094029137962257
