 AlbergariaAntoniodaCostaCoutoSade_POR0033ACCSAAnselmo_1 AlbuquerqueAntoniode_POR0018AntAlbBacalhoa_1 AlmeidaCarlosPintode_POR0050CarPAlmLisboa_1 AlmeidaFialhode_POR0060FiaAlmRuiva_1 AlmeidaGarrettJoaoBaptistadaSilvaLeitaode_POR0004AlmGarViagens_1 AmorimFranciscoGomesde_POR0046FraGAmoSelvagens_1 BarataAntonioFrancisco_POR0049AntFBarCartuxo_1 BarataAntonioFrancisco_POR0059AntFBarDuelo_1 BarataAntonioFrancisco_POR0064AntFBarManuelinho_1 BastosJoseJoaquimRodriguesde_POR0077JosJRBasDeserto_1 BenevidesFranciscodaFonseca_POR0076FraFBenFranceses_1 BettencourtMatildeIsabeldeSantanaeVasconcelosMoniz_POR0070MatBetAljubarrota_1 BotelhoAbel_POR0020AbeBotCrioulo_1 BotelhoAbel_POR0053AbeBotLavos_1 BotelhoAbel_POR0054AbeBotAmanha_1 BragaTeofilo_POR0042TeoBraViriato_1 BrandaoRaul_POR0013RauBraPobres_1 BrandaoRaul_POR0051RauBraHumus_1 BrandaoRaul_POR0052RauBraFarsa_1 BrandaoZeferinoNorbertoGoncalves_POR0031ZNGBCovilha_1 BulhaoPatoRaimundoAntoniode_POR0048BulPatPalida_1 CamaraJoaoMariaEvangelistaGoncalvesZarcoda_POR0080JoaCamCastelMelhor_1 CamposAlfredoLuisde_POR0024AlfCamCabinda_1 CamposClaudiade_POR0068ClaCamEle_1 CamposJuniorAntonio_POR0037AntCamJNamorados_1 CarvalhalAlvarodo_POR0089AlvCarCanibais_1 CarvalhoMariaAmaliaVazde_POR0044MAVCAlice_1 CasteloBrancoCamilo_POR0010CamCBPerdicao_1 CasteloBrancoCamilo_POR0011CamCBMulheres_1 CasteloBrancoCamilo_POR0012CamCBMisterios_1 CastilhoAntonioFelicianode_POR0030FelCasChave_1 CastroeAlmeidaVirginiade_POR0066VirCAInnocente_1 CastroOsorioAnade_POR0002AnaCOSacrificada_1 CastroOsorioAnade_POR0062AnaCODiario_1 CastroOsorioAnade_POR0099AnaCOAmbicoes_1 CordeiroLuciano_POR0100LucCorDuquesa_1 CoutinhoManueldaCruzPereira_POR0096ManCPCouElvenda_1 DiasCarlosMalheiro_POR0074CarMDiaErvas_1 DinisJulio_POR0001JulDinMorgadinha_1 DinisJulio_POR0007JulDinInglesa_1 DinisJulio_POR0015JulDinFidalgos_1 EcadeQueirosJoseMariade_POR0005EcaQueMaias_1 EcadeQueirosJoseMariade_POR0008EcaQueRamires_1 EcadeQueirosJoseMariade_POR0009EcaQueAmaro_1 FicalhoFranciscoManueldeMeloBreynerCondede_POR0021ConFicEleicao_1 FigueiredoCandidode_POR0090CanFigTres_1 FigueiredoMauriciaCde_POR0035MauFigExilado_1 FonsecaFaustinoda_POR0014FauFonMindelo_1 GamaArnaldo_POR0091ArnGamDinheiro_1 GomesFranciscoLuis_POR0084FraLGomBramanes_1 GraveJoaoJose_POR0041JoJoGraMorte_1 HerculanoAlexandre_POR0003AleHerCister_1 HerculanoAlexandre_POR0023AleHerEurico_1 HerculanoAlexandre_POR0038AleHerBobo_1 LealJosedaSilvaMendes_POR0047JosSMLeaEstouro_1 LimaJaimedeMagalhaes_POR0032JayMLimTransviado_1 LimaSebastiaodeMagalhaes_POR0028SMagLimViscondessa_1 LobodeAvilaArtur_POR0072LobAviCaramurus_1 LoboFranciscoBarros_POR0097FraBLobGil_1 LoureiroAugusto_POR0098AugLouBruxa_1 LoureiroUrbano_POR0092UrbLouQuintino_1 LousadaAntonioJoseCoelho_POR0040AJCLTripeiros_1 MacedoDiogode_POR0029DiodMacCristao_1 MachadoJulioCesar_POR0082JulCMacLisboa_1 MagalhaesLuisde_POR0043LuiMagSoares_1 MascarenhasMiguelJT_POR0027MJTMMariaDaFonte_1 MeloTomasde_POR0034TomMelLuiz_1 MendoncaAntonioPedroLopesde_POR0057APLopMenDoido_1 MesquitaAlfredode_POR0095AlfMesRua_1 MesquitaMarcelino_POR0087MarMesImpostores_1 ModernoAlice_POR0056AliModSandoval_1 MoreiraJoaoBaptistadeMatos_POR0073MatMorTempestades_1 NoronhaEduardode_POR0078EduNorAgonizar_1 OliveiraMartinsJoaquimPedrode_POR0067OliMarFebo_1 OliveiraMascarenhasJoaquimAugustode_POR0071OliMasArrabido_1 ONeilMaria_POR0065MarONeiMarquesa_1 PestanaAlice_POR0083AliPesPrejuizo_1 PimentelAlberto_POR0022AlbPimCintra_1 PimentelAlberto_POR0055AlbPimAnel_1 PimentelAlberto_POR0058AlbPimGuerrilha_1 PinheiroBernardinoPereira_POR0094BerPPinArzilla_1 PinheiroChagasManuelJoaquim_POR0017MJPChaMeianoite_1 PinhoMariaBenedictaMousinhodeAlbuquerque_POR0086MBenPinMarina_1 PintoFortunatoCorreia_POR0075ForCPinAgitador_1 PintoJulioLourenco_POR0079JulLPinMargarida_1 RamalhoOrtigaoJoseDuarte_POR0063RamOrtMisterio_1 RodriguesManuelMaria_POR0025ManMRodRosa_1 SaAnaMariaRibeirode_POR0093AnMRSaMathilde_1 SaAntonioManueldaCunhae_POR0081AMCunSaParte_1 SaCarneiroMariode_POR0019MarSCLucio_1 SarmentoAugusto_POR0085AugSarProvidencia_1 SarmentoInacioPizarrodeMorais_POR0039InaPizEngeitado_1 SilvaLuisAugustoRebeloda_POR0016LARSilFantasmas_1 SousaMariaPeregrinade_POR0069MPerSouHenriqueta_1 SouzaLopode_POR0061LopSouLagrimas_1 TeixeiradeQueirosFrancisco_POR0026TeiQueSalustio_1 VarelaAJPereira_POR0088PerVarMiseraveis_1 VasconcelosAntonioAugustoTeixeirade_POR0045AntATVasCastromino_1 VasconcelosMariadoMontedeSantanae_POR0006MMSAVLourenco_1 VieiraJoseAugusto_POR0036JosAVieDivorciada_1
AlbergariaAntoniodaCostaCoutoSade_POR0033ACCSAAnselmo_1 0.0 3.3156426085847297 3.09445921945633 3.56114895118694 2.905283909523778 3.1093102031851303 3.004638230599539 3.018812951550289 3.08843852570061 2.739308618828151 3.55900082001106 3.2228912244603096 3.39093584034517 3.42957157107427 3.31776165955831 3.4153871298419602 2.802930606090986 3.0178625177252587 3.07507292117191 3.31473722627896 3.1018620157246346 2.959636846918321 2.889181407523568 3.192341371076 2.9740353191007993 3.13248568823935 3.07224606209904 2.57595750688705 2.634366942346082 2.639501475762144 3.3816728347572607 3.16533478883993 2.9756870050494912 2.818240191255872 2.508514428993042 3.0124021184195042 2.908972934479294 3.3758391832859003 2.718915541602041 2.698840629820652 2.393490408314224 3.3258431391935597 3.3999314874608904 3.12502042252863 3.46740303080142 3.5101524790773198 2.657350152838913 2.985017606623258 2.6997501141033413 3.2178873733972804 3.09654871177972 3.31065191314603 3.53372952545332 3.3892011997687 3.3173049035352706 3.1170524372276196 3.213536163756055 2.984044250056007 2.445388704192687 2.7689548962776493 2.804635704221613 3.32564361352073 3.21393177545371 2.779924245347051 3.34441140491063 2.914750168229184 2.714539391845765 3.1532243522999748 2.9645613934638932 2.9202819598831713 2.80908989071938 2.859717212537692 3.2088492156575303 3.013165088916539 3.33474303511001 2.466024084467226 3.045881167133902 2.8708404777584073 2.87836222152934 3.1053307622849404 3.3044316657552 3.19421513393101 2.77414722286895 2.473821526950673 3.41269838863938 3.15181196059174 2.554284847983469 2.794851663533147 3.0776533530803403 2.905555945827184 2.994605476605426 3.31013534013612 3.42252749926923 2.551506123343798 2.7071287138322897 3.007752944495291 2.63200703941303 3.0154816467017937 3.0781886888780297 3.003443484870695
AlbuquerqueAntoniode_POR0018AntAlbBacalhoa_1 3.3156426085847297 0.0 3.103205926193082 2.6098974634916456 3.022691882896575 3.06498376447883 3.177977939351888 3.1932598918667 3.14218296959773 3.34097799438985 3.001846629202819 3.2661588670421198 2.3865722504480162 2.559115299889406 2.446632460267267 2.881944601459878 2.907494376494008 2.942597763208229 2.86485326167885 2.991590266667687 2.9844371145524042 3.2049533657779 3.17666338342797 2.782312382343548 3.091760079038022 3.0653013231994697 2.888043610908871 3.5458271925177702 3.41630382838282 3.48210445605368 2.8273046222879907 2.8827574280874364 2.9630098975152093 2.986952504740895 3.0313692350849992 3.0852556329478604 3.2710053574797904 2.735660547431264 3.1806702967878007 3.144792227506232 3.3749019929662496 2.7479036933775918 2.8398435781753983 2.8831948114262094 2.696388108358488 2.760748103907079 3.09595061764014 3.06900090087579 3.14430072711213 3.036809168921252 2.80736180423543 2.997018268663708 2.853155732222294 2.862464247138699 2.895499994856529 2.912870500343535 2.725156479127545 3.095830347946868 3.22724886309053 3.2996593471296904 3.1149694364977396 3.18631120502878 2.751894678244712 3.158586623266848 2.716589250172847 3.2163727681655403 3.31452746921458 3.138260779036181 3.0433193893008186 3.07423772719013 3.1952353101623805 3.097154859223303 2.899550525351938 3.09633539587939 2.85848555289772 3.21659285429395 2.936164169413515 3.1367916400798097 3.3167241605533597 3.1912676593094798 2.9270658699681134 3.041749256004819 3.032379512226343 3.23440064486988 2.6404179511775174 2.9483919218672288 3.19200433917028 3.2196337014933505 3.0942179789623383 2.988592623365506 3.305567397328 3.074538537258316 2.888519305727034 3.35481190064812 3.1505664782410197 2.85306780907936 3.2145074232307405 3.1460370940016698 2.9994511347890365 2.738718966083091
AlmeidaCarlosPintode_POR0050CarPAlmLisboa_1 3.09445921945633 3.103205926193082 0.0 3.23661533480969 2.9065686264097437 3.044670224980178 2.987310015798216 2.8960158417035458 2.84587585009703 2.9095446615391527 2.866303797816799 2.673027757990888 3.147997683823819 3.2589333082364482 3.29602318798165 2.760721212225611 3.0954361377460007 3.1629560503567697 3.18506904434138 2.908594650426207 3.014328649470036 2.920359466938602 3.2372496560722297 3.1158163884058 2.963438333195117 3.023780939564167 3.1463189618908594 2.882896568617626 2.9497028666939302 3.0462847168873095 3.187567938878429 3.09589873647546 3.09539067659387 3.19673110709574 3.10718667529652 2.885599306290388 2.880407445160973 3.13522701025229 3.125412755068908 3.075038380284389 3.1127152510510303 3.1722680872048494 3.0173913822914322 3.1920415231678803 3.317097677792 2.934622813390157 2.782165323832659 3.15343540513447 2.984128759148048 2.716319315943127 3.29275198029281 2.949582889693416 2.8929362002926178 2.81371729146303 2.899303239738734 3.11301926558401 3.155650579333713 2.955608151752817 3.0986909718572297 3.0208802651343607 3.08400766995804 2.867008311239933 2.785371399590442 2.946912350771238 3.18564013701072 2.899096400435622 3.037757095568047 2.911566754822525 3.22128567085201 3.090176003073209 3.17723126490716 2.857361598756061 2.778145523797153 2.9107042023970497 2.8435898688124412 3.090416146318628 3.2514561198493297 3.20334021553082 2.948962046429282 2.943834392245195 2.792330487557715 3.0732330214969297 3.063032324065058 3.0803814909048297 3.1097421612501703 3.16731122371924 3.18315209141428 3.042038962741456 2.755420133824411 3.23497760555526 2.890584828078561 2.831673107883489 2.818905696557011 2.844034760209709 3.11335342145608 3.06084803034731 3.13906205939823 2.921408264514298 2.7774276543620804 3.2181374402291203
AlmeidaFialhode_POR0060FiaAlmRuiva_1 3.56114895118694 2.6098974634916456 3.23661533480969 0.0 3.12703500606841 2.988021554123661 3.08791290042758 3.35429356507725 3.2797192337543803 3.44149734411923 2.994953392546929 3.34895593067896 2.451775077059161 2.202496351266089 2.479166238292613 2.9949050671484354 2.634820109607246 2.565280316096313 2.3283086289440567 3.27189293846086 2.987879260348442 3.1619694011050186 3.0736066973770546 2.855295217238373 3.048404142715778 2.8491374285868707 2.8121276840602047 3.39995575384927 3.24810624087241 3.25958330739551 2.786624913453338 2.6734840744849357 2.9209587306788247 2.957305980182853 3.3104274068323205 3.222823270274547 3.3068347137922895 2.4726447545207844 3.3043952766948 3.35066783593971 3.55561128105276 2.619092124749483 2.681359814011607 2.619382412540811 2.2835244252239297 2.741552539604419 3.536239728065707 2.895419186959173 3.25909346447986 2.9901939786901535 2.6055403686933403 2.975836504886116 2.9224397959155572 2.909032841013204 3.045196354470609 2.828063835833035 2.704787675893121 3.4607079405202503 3.24602232998728 3.1039718608378903 3.061950494285187 2.9083009146637306 3.050264543886248 3.39403282993729 2.3619650641246936 3.4138947652084495 3.5307404068450596 3.0739678493776332 3.07140188873206 3.0459725960820387 3.119613072320985 3.33451674346237 3.150161711564861 3.0025313959308217 3.20333612928071 3.3390686931823197 2.845456439903126 3.0382142093792712 3.33190169346158 3.29070127964321 3.12308972507662 3.005501777741799 3.0331142073347523 3.42944671151318 2.259838195761693 2.52750736049659 3.33824125758667 3.4012860596611505 3.35890258732688 2.865932176004281 3.3848626683147502 3.2025395382563806 2.872937517759976 3.34108990328962 3.3766623681598995 2.855008065799402 3.4457404667539997 3.3297860185451604 3.346495699982198 2.652991873841227
AlmeidaGarrettJoaoBaptistadaSilvaLeitaode_POR0004AlmGarViagens_1 2.905283909523778 3.022691882896575 2.9065686264097437 3.12703500606841 0.0 3.120212583844994 3.0331059985532702 3.0755927709900046 2.945035676902217 2.651221847182332 3.15238961419327 3.1432359225147897 2.94164186229017 3.094797947782597 3.0381920226474497 3.077598978485681 2.813473095613382 2.909605861320981 3.0144698990252907 3.13297240679124 2.9587031839372457 3.1741636361914303 3.0031780149072462 3.12669281854018 3.022616851355971 3.08429870564258 2.8444953892450693 2.8822266139080313 2.8806964812387417 3.06072148501533 2.733123764488057 3.2282341675564004 2.865590644384042 2.8177050165887008 2.717797958343445 2.733787944108126 3.0263365321311584 3.30475483396211 2.952382064882086 3.008442385275283 2.874620903396477 3.0292922563178717 3.094605948692914 3.1326405485034603 3.27239606701783 2.9872452361893282 2.963861199904282 3.1715956862461203 3.057368281934382 3.0130012644164084 3.15796410040845 2.936646757094746 3.1217215240243 3.1113706035448 3.1202505473968642 3.11036180322728 2.955359647111156 3.16540579411612 2.918141052763496 3.008740784659352 3.10423706551794 3.1689144635288002 2.971854133328018 2.992394692131295 3.29138787131177 2.9250774594985067 3.2586883070431503 2.901681214000784 2.874068466504257 3.04350690071041 3.2234410417067894 3.06960378999867 3.16983344697787 2.91790565996638 3.16931642066719 2.9798380313382413 3.14204490090726 3.094195245028702 3.02259918805337 3.1817820284364995 2.801057646491598 3.05557872369228 3.0599546018379997 2.961302730223868 3.15447824013395 3.114539247723421 3.0691239907617796 3.0472880509011855 3.1235511008786103 3.0335370027395996 3.1279632281573098 3.005423716179046 3.07722494315603 2.700951896308323 2.934691080237874 3.1505035272286 3.16898665088846 3.0251771446550446 2.894566536454723 3.0550021696729983
AmorimFranciscoGomesde_POR0046FraGAmoSelvagens_1 3.1093102031851303 3.06498376447883 3.044670224980178 2.988021554123661 3.120212583844994 0.0 2.95998566324504 3.10093176652327 3.0541853187729195 2.872095964284501 2.895065349780957 2.9103235808171517 3.30543464281428 3.270937056886665 3.2111719122163 2.848433808648143 2.97164926455354 2.971241646525189 2.927471178563938 2.954178165428337 3.044689863847334 3.18140067241607 3.030320702187081 3.0068144198359463 3.062448754958416 3.02715551539377 3.0842161007082938 2.941423668202791 3.056021615317139 3.13650362971216 3.038797510117785 3.01231814947663 3.16671774068282 3.0872029846321998 3.1654833376479 3.177544107931773 2.785936315589403 3.005755132397016 3.028231268875634 3.014571558421616 3.076268147315888 3.0805345944754796 3.13823210267566 3.0785251879243596 3.13911307587117 3.0064585930893992 3.019541387939301 3.0178887658378493 3.037903592771236 2.9140336051967957 3.0925201642273397 3.06164172443955 2.8656930871902064 2.9696061092273967 2.8921851784231967 2.955376124656957 3.0611169390803457 2.919601817145227 3.014412100338176 2.915061030226312 3.0791144520770004 2.730541370910675 3.062367819813443 3.032483270993968 3.1285002508164697 3.042945031928328 2.957776476498547 3.1279966786072397 3.027591244631704 2.897686108975476 3.020812024398799 3.111657798752952 2.986452862274824 3.05777887676391 3.0776636390643093 3.001976010646275 3.0282200098976753 2.902948499183469 2.856386804067567 2.985976695539086 3.1356610400979896 2.977599734567503 3.0711349603607307 2.9919741073469535 3.17160411363668 2.929699421493768 3.0444688812500806 3.06279139871616 3.02969905980575 3.055184048684767 2.860695847131576 3.11996571122737 2.9350472600462503 2.7740656634649943 2.9980342479939033 2.955589509292794 2.931119632230512 3.0918485287513477 3.026060081414157 3.22085228806914
BarataAntonioFrancisco_POR0049AntFBarCartuxo_1 3.004638230599539 3.177977939351888 2.987310015798216 3.08791290042758 3.0331059985532702 2.95998566324504 0.0 2.3138643163168577 2.3136619404272833 3.12193765556934 2.571207276122223 3.011572162595086 2.993792419766343 2.901970453141319 3.008866636280276 2.937883916880044 3.024760484754568 3.33812356761576 3.3009459724700703 2.7248128003573706 3.3048792198906303 2.828453515543635 3.098313228276214 2.9480826709880272 2.919726829217768 3.040872667860559 3.4575201781586795 2.807806096396472 2.934845651359339 3.0167313323534257 2.987241384095496 3.1016981218407063 3.28590000122722 3.35749621375898 3.1592344742530702 2.678380272242538 2.806621839294816 3.19580329721811 2.96254838215134 2.830772162589677 3.05924678428803 2.944647809804369 2.721597827356453 2.998589824792715 3.004598175547344 3.020600258728127 3.07824320718314 2.805701433772473 3.086934824488556 3.3474793421784397 3.2188772535732797 2.9388649857874887 3.1429739508533903 3.28569612281468 2.915229647331469 3.1812904925444796 3.02405339220232 2.816539461157874 2.861988526138513 2.847668077291866 2.945746580852018 2.900342512712824 3.188130018852747 3.1058067949028696 3.23987742437187 2.819751614155485 3.16484964032552 3.3497074870888195 2.882897298628115 2.7302265856598043 3.0976160959900367 3.23610045985163 3.046143099657166 2.967233061287934 2.937625969320086 2.987990744241857 3.071422714853097 2.8479180885849438 2.837789720758785 2.716732191173717 2.977543303408008 3.25008470512425 2.9843532213469657 3.0424878655590972 3.30912893517207 3.2201195099688 3.2671142505727397 3.34873519437124 3.036124020049506 3.16763745230333 3.0361875663007902 3.043478808080733 2.960606265065647 3.11089839164626 3.3441977916931203 3.016649329168117 2.9025518709674802 2.930136230352768 3.3227123144135797 3.2130735215348
BarataAntonioFrancisco_POR0059AntFBarDuelo_1 3.018812951550289 3.1932598918667 2.8960158417035458 3.35429356507725 3.0755927709900046 3.10093176652327 2.3138643163168577 0.0 2.170228864288236 3.22402555030052 2.534520334670479 2.869115287052445 3.20619637367808 3.1956917383375667 3.2922733004822198 2.845116831265045 3.3185031118297696 3.4826463671510797 3.5176311373381197 2.626988587171192 3.38713650353112 2.42175307432296 3.2094196203832204 3.003878842951184 2.782244815611358 3.2562556405019505 3.27254390241641 2.838605301532756 3.006421643723373 2.952133368357595 3.08525197871752 3.1694982587156875 3.39005300197515 3.43514589517042 3.18563267454938 2.373142484616902 3.0860895229100667 3.21438896641705 3.033158042272089 2.969929293691827 3.0447632517403598 2.98362517073686 2.7881747765773213 3.052413862243229 3.17184674364056 3.13117587558264 2.982878594373799 2.940254854638659 2.9850101511927396 3.10464834899597 3.34286253452066 2.868958189786472 2.995244340113386 3.017028409632728 2.924057922756657 3.2208757093322804 3.2181567256839356 2.670179995592394 2.934223474728264 3.012492643583142 3.0817371678437704 2.9266355242333297 3.013604986264204 2.934174265045467 3.28759764764536 2.803585334086399 2.785037506277895 3.2568628555203496 2.940497768645836 2.759970591299851 3.010562113503928 3.1066222071720153 2.977459337913653 3.004980607731798 2.8021614663264947 3.062767145700474 3.20237897625674 2.8906979759548808 2.824541037492518 2.539024505949921 2.88969341596628 3.2206960258387394 3.001934261325026 3.1790672582667803 3.4257464754781197 3.263764335253738 3.2575285326028403 2.953918936897943 2.795009471868537 3.3209743481347305 2.9716281822993897 2.95613183870084 2.874295442361413 3.107036086680351 3.14019962736634 3.07722366769634 2.864443535049732 2.634509951912224 3.16725961779417 3.2863446699494103
BarataAntonioFrancisco_POR0064AntFBarManuelinho_1 3.08843852570061 3.14218296959773 2.84587585009703 3.2797192337543803 2.945035676902217 3.0541853187729195 2.3136619404272833 2.170228864288236 0.0 3.156065213818117 2.4801857649736743 2.7474994602014666 3.122303055815868 3.1486347611438 3.1616927491517304 2.777279338082864 3.26505633950732 3.41965308565601 3.4734647725868304 2.602611783149672 3.3387503197404795 2.704005536292026 3.2502362539071097 2.961008807974561 2.7620919840163607 3.1482832120575788 3.3035319001128896 2.874817940135433 2.98640267450628 3.1351724326495303 3.037632519637921 3.2376004272124197 3.31315839081111 3.3937479543106797 3.1887925475239602 2.428794477975539 3.050602092695623 3.19385080650414 2.9811477304345386 2.910319015552306 3.0083640735596324 3.0494351267360638 2.783268927829005 3.0964624549951396 3.154208284788464 2.9465334554139098 2.993869001916871 2.922604528905744 3.091178331615935 3.04276159326139 3.32109364339348 2.825435294743219 2.967261502047954 3.022827232217702 2.8315454461233465 3.13851841862815 3.1590524553171297 2.7077461753149583 3.05558111118156 3.0886249180382896 3.024727336908192 2.8418145617007093 2.8045512965425807 3.008264935205269 3.30603618461069 2.667888515428081 2.933079280255167 3.28938044270351 2.9877044108702338 2.790007067995764 3.1561400979817598 3.1803999084458585 2.943494979932051 3.0517703171001607 2.673721023564784 3.1495152999998 3.1757484414269896 2.980920111631977 2.794720318647993 2.648635312720725 2.742537319232535 3.20975420796055 3.21268884543258 3.164814276328681 3.3572086324879997 3.31586956090745 3.3323054325989903 3.15508543389197 2.8067993193868293 3.39759297387856 2.898222425012655 2.879228504497698 2.784003112903408 3.239941845281299 3.2222169146560202 3.0828893952257297 3.022788097073409 2.738163185399223 3.1215499967424 3.3281311398646096
BastosJoseJoaquimRodriguesde_POR0077JosJRBasDeserto_1 2.739308618828151 3.34097799438985 2.9095446615391527 3.44149734411923 2.651221847182332 2.872095964284501 3.12193765556934 3.22402555030052 3.156065213818117 0.0 3.0925818229084028 2.922569405193181 3.4666717696674296 3.61299752711915 3.41682566842019 3.21016314461791 2.8491980816593463 2.8887319150408373 3.014217245148088 2.9485188451301427 2.864928658490573 3.3487880054472 2.981428784699172 3.11210794593485 3.1822061408647997 3.018886687071999 3.00327598145441 2.810951012723069 2.874816498158969 2.894487726050128 2.714265128021858 3.4504616801348904 2.902507535562857 2.673992622084681 2.864310391019096 3.0772368496577327 2.310581738560863 3.3652577850864 2.86673375826668 2.957309557842188 2.724272570523748 3.45555744819887 3.4419171324574105 3.39596670697641 3.38551503992921 3.132768437017117 2.818598640713471 3.12047880547403 2.9010001673942503 3.1050173288546237 3.2442292613046 3.21805976190519 3.27685560590368 3.2041155006184896 3.152787158325757 3.1141603325559246 3.2082331290184003 2.9960881426332397 2.965138108308542 2.912514759968709 3.1817766412651 3.2180712171859502 3.250035882304005 2.770847472862187 3.37196399445026 2.890259901143623 2.935221264850048 2.7153399743977498 2.69875741030602 3.1781349693089513 3.04253263050322 2.919105565697885 3.198220401908294 3.13001762557324 3.4372167418405795 2.801632771009777 2.9876160204740847 3.0214750165129294 2.921422328840825 3.13423127760708 2.89631274984111 2.988858675335465 3.04587708139797 2.470346158234992 3.3412541817099006 3.11534550099691 2.8297484147540537 2.908559560903699 3.0945149754655548 2.656844758992273 2.8168353007175138 2.719227066972423 3.19385982748017 2.482436372000217 2.736776577516859 3.121076304557625 2.925461554490721 3.035399565217414 2.8535998884363187 3.19948817328834
BenevidesFranciscodaFonseca_POR0076FraFBenFranceses_1 3.55900082001106 3.001846629202819 2.866303797816799 2.994953392546929 3.15238961419327 2.895065349780957 2.571207276122223 2.534520334670479 2.4801857649736743 3.0925818229084028 0.0 2.63004315496733 2.890484991459002 3.0162637106699712 3.05454493633914 2.4074147242300588 3.4654399394712705 3.3919486660248 3.5325212533789 2.244310717654203 3.3113322498023803 3.0692096435716 3.27475315752163 2.830409033307398 2.857675037770557 3.23440062303873 3.3337970764815 3.1907983859209503 3.32508679509953 3.3753886710997603 2.812403451703149 3.35523176870253 3.3289188938314602 3.3685788680565505 3.39924969071219 2.31209773268119 2.866633852573657 3.14745674787525 3.2690833639308696 3.21781647637693 3.42668734929919 2.820811438267163 2.485295533718367 3.090790240125573 2.972460520184285 2.477289590068148 3.048853981985061 3.1040850435398 3.3413164972904603 3.0924875709630903 3.2480505238187503 2.774468599536292 2.684283321169862 2.789431639631397 2.835043203881511 3.08231718975226 3.1061731112400772 2.563159757434052 3.39479472823352 3.32056135336266 3.25931785919867 2.707830974705208 2.923624745453568 3.104359678802424 3.050627038423826 2.560233481195997 3.1122571376085704 3.18117868895591 2.761021699569354 2.789871825203507 3.17195893291945 3.30200393183085 2.682194847496502 3.15498966183757 2.663892842120257 3.4300900239220597 3.041362877340335 2.91589470153049 2.818641503893443 2.52403807521607 2.7690103827805572 3.1816785225345603 3.33765257616878 3.30889255769584 3.14029816338109 3.32734976610677 3.49462886191822 3.3112523437365797 2.838820332929938 3.19559659154786 3.0172739836782743 2.648672279828356 2.583582727325386 3.5012381517848103 3.4500820541403803 2.880743242295472 3.15303258340281 2.721224693909039 3.07982022925994 3.37851651262296
BettencourtMatildeIsabeldeSantanaeVasconcelosMoniz_POR0070MatBetAljubarrota_1 3.2228912244603096 3.2661588670421198 2.673027757990888 3.34895593067896 3.1432359225147897 2.9103235808171517 3.011572162595086 2.869115287052445 2.7474994602014666 2.922569405193181 2.63004315496733 0.0 3.46338902316882 3.46128663454484 3.51354570698674 2.7176838991623438 3.37116979041215 3.28162103925532 3.3474445050651997 2.725436617108607 2.847443139840782 2.943427660057417 3.29702813519547 3.0461220765525403 2.995674213280504 3.2393296482550804 3.05617279221007 2.891148759847413 2.988841490120861 3.0134836872200603 3.2837125389140405 3.1022811182323897 3.03739121859303 3.23464863956265 3.32499677565979 2.8555144976827167 2.951423800631073 3.017535099075548 3.2517175841324497 3.29189179088467 3.1340320449449095 3.135303345842499 3.1518978501402 3.1931271282492997 3.2935636977689295 3.15177148120007 2.870866593906139 3.12432082515257 3.075883217061474 2.605129995031428 3.33535050521983 2.8608311782639357 2.710028158001409 2.762232248558166 2.974926473651668 2.973330202750888 3.225374004423296 2.6754966951267947 3.3399276960831603 3.19774592749049 3.13957194337437 2.865107301935151 3.017535433294721 2.8352974729775333 3.2171565723329802 2.753698154064308 2.7159137373687647 2.9109814083982535 3.1499477522387904 3.0334036792234933 3.047035233840666 3.027804657401305 2.691097683323239 3.0964172810279402 2.814206114926303 3.0768686303314503 3.101513556071929 3.1302347464934 2.732141462979974 2.628498582593398 2.766099464706481 2.989603086667759 3.2655717795473898 3.0310211480211398 3.27804628451802 3.144031714596143 3.1719187705165197 2.8055651325708393 2.7690906339379833 3.41703947827467 2.77660315998242 2.617721721265351 2.928901323331762 2.851647395115808 2.811897926858882 3.0732282651972596 2.9759275698147354 2.737500169703379 2.519852346951882 3.37680170496889
BotelhoAbel_POR0020AbeBotCrioulo_1 3.39093584034517 2.3865722504480162 3.147997683823819 2.451775077059161 2.94164186229017 3.30543464281428 2.993792419766343 3.20619637367808 3.122303055815868 3.4666717696674296 2.890484991459002 3.46338902316882 0.0 1.97815902004633 1.827790758409387 2.957076193022091 3.013094678655718 2.980801247830331 2.911812561192483 2.916785180005947 3.17632691129287 3.202400879695502 3.147053476126537 2.744549859558116 2.892817346578587 2.722591100037839 2.903206984331676 3.53999578301716 3.40337788760964 3.31271237203266 2.74396847128291 2.930748308140295 3.046935614680861 3.0046950755547073 3.0939620919327098 2.823078343342015 3.247194983777359 2.824389749121038 3.2581636346745 3.20992467235891 3.48204758652098 2.706899416081284 2.452526220657112 2.892866295380691 2.584843957618007 2.574558042200097 3.20017619812893 3.076180077286436 3.30813004703709 3.26884486626503 2.569457726862325 2.938100189075783 2.932015362372087 3.012661938028243 2.835195677785851 3.045943630122691 2.7006497512076653 3.0998030539402217 3.15055438946263 3.2745077655126495 2.933300627660465 3.096605627015178 2.8521969596450347 3.38148290110301 2.5598213125618567 3.0550928001747493 3.56815749417008 3.063952886324852 2.931844711166317 3.1574879535337796 3.3136013355456404 3.1027600384188 2.945204316300777 3.050717242896794 2.904518749524827 3.36986198437042 2.838256651767054 3.12128158596186 3.3826669439775197 3.23591035304654 3.031877039903754 3.0981582429040566 2.962921934478023 3.32837164662316 2.6319200470003468 2.9936105348275985 3.2461305517089 3.50939112898664 3.208976868867222 2.8055264664833093 3.4342171528203 3.103508409719025 2.9998332351364168 3.54829220594611 3.37727322323748 3.029481216821647 3.37391113012976 3.1529754757646202 3.0125781730834724 2.707486162434184
BotelhoAbel_POR0053AbeBotLavos_1 3.42957157107427 2.559115299889406 3.2589333082364482 2.202496351266089 3.094797947782597 3.270937056886665 2.901970453141319 3.1956917383375667 3.1486347611438 3.61299752711915 3.0162637106699712 3.46128663454484 1.97815902004633 0.0 2.025137637857633 3.1174763881138885 2.883062774269185 2.817803588905298 2.6425884971026017 3.0971058370876117 3.17054479462093 3.0468952237017333 3.039612168927385 2.849389668107652 2.980775189741936 2.7547397491527947 2.998437633123803 3.4687413308507704 3.2085353780985897 3.1208262183932396 2.854672700216666 2.7029562479359273 3.0985018969989504 3.16738526357967 3.2496118503623803 3.07196215881335 3.36056067400148 2.661800013786685 3.1994419525569397 3.2084481000586003 3.52187543083401 2.664602608138112 2.581731483674953 2.764639238652543 2.389732394317352 2.635045725995813 3.39338079245386 2.945285745400446 3.17380849071733 3.26394491234969 2.5072411716207164 2.945147447208675 2.9686322343866767 2.9508878047576967 2.929191512123611 2.991791422829925 2.619095020005626 3.26078033100853 3.15371507633027 3.24996859823104 2.889447676414592 3.006973521334913 2.994434216727453 3.4051105955126104 2.46412636882057 3.27442123260482 3.5551810842030402 3.1346534451132797 3.0244402151269805 2.9684814171256217 3.1427698186693798 3.2194671845588605 3.045054945657232 2.9083298632629817 2.96580809112149 3.3758102544106903 2.9201253148204542 3.1077304983420158 3.3923297775635204 3.31809690905689 3.114223250710877 3.025342083052529 2.800374510809031 3.42414151603269 2.45112693433995 2.6836469531992857 3.20091587437072 3.54482962367912 3.316004113786514 2.832676132772546 3.36209947989319 3.1468508975692258 2.92274281216734 3.5674904545476402 3.43258010362086 3.02910634834297 3.3680565003438696 3.33591062539291 3.28506510463248 2.61833897720318
BotelhoAbel_POR0054AbeBotAmanha_1 3.31776165955831 2.446632460267267 3.29602318798165 2.479166238292613 3.0381920226474497 3.2111719122163 3.008866636280276 3.2922733004822198 3.1616927491517304 3.41682566842019 3.05454493633914 3.51354570698674 1.827790758409387 2.025137637857633 0.0 3.06015793169635 2.9385368807270282 2.796385338594745 2.761317864931847 3.0592304593100033 3.2132043993213397 3.2120744596378303 3.087283265302784 2.893522689815021 2.90669572642398 2.73774777429175 3.0834789036428703 3.4922131556898 3.44034230959325 3.30142669842553 2.775230280984772 2.809879501901452 2.9856566927866153 3.017421224308844 3.0200825906434416 3.1030312808461282 3.2653900863258496 2.759657713142052 3.068305887559162 3.0999030767387303 3.2992592408158403 2.70878333675428 2.551039555365565 2.800928181703213 2.513665064821739 2.7261420764582773 3.2498042082433702 3.0062658484429843 3.24044384958945 3.262234609270315 2.7721815645295456 2.991890621757067 3.0051813884457363 3.007186191133266 2.8537004188020063 3.014504357526314 2.7367222606868618 3.1657832323233803 3.0482393150547287 3.024887057830021 2.967968386035251 3.0237515548166307 2.9061296222538804 3.49577433703136 2.542677707214835 3.2101860480042 3.5275517161260304 3.17438122795058 2.8626474994597357 3.10708643061648 3.27613055873561 3.099441099163598 3.0457331430343295 2.946905893594541 2.930292742124696 3.2458847267302953 2.733114145133151 3.1303220340959204 3.3254762881166657 3.30959857387205 3.050778564892351 3.0434750105607193 3.101296006050109 3.207118356746834 2.7048678647263 2.898128986068439 3.07408457344825 3.47063484582221 3.2056366824422 2.7932019289178083 3.2765364421452703 3.1796081259966202 3.0756489158322897 3.49566493183835 3.3864298160875603 3.008576938827757 3.23568359079674 3.1786563860749397 3.125770206655527 2.814455374620957
BragaTeofilo_POR0042TeoBraViriato_1 3.4153871298419602 2.881944601459878 2.760721212225611 2.9949050671484354 3.077598978485681 2.848433808648143 2.937883916880044 2.845116831265045 2.777279338082864 3.21016314461791 2.4074147242300588 2.7176838991623438 2.957076193022091 3.1174763881138885 3.06015793169635 0.0 3.3541321550406997 3.23555045344512 3.3264035080688723 2.408497846862563 3.2252867596637698 3.1022341370412105 3.30040735980477 2.994505659298936 2.776241211597828 3.2030203138571003 3.17651458253554 3.1404930119175902 3.2798186507658897 3.36244064979483 2.911584067795016 3.1239943339044403 3.09306689404882 3.25427968724211 3.23057857865994 2.66968931053266 2.909052113824828 2.972012485887743 3.25859947465341 3.28245019949429 3.30845166815569 2.8297925477699177 2.592876098556287 3.0740180398617962 2.981527615029992 2.4653048657874 3.1658702460115 3.013638022143631 3.212587955141 2.874930385553824 3.022413406603949 2.9436906245495953 2.481757405976449 2.6479372014175193 2.826547438913032 3.0782054596103503 3.255384277738 2.562525929441391 3.43693837767138 3.26877729547226 3.26655539129068 2.735221337859966 2.8184356965912176 3.049865287198351 2.8492754378573037 2.8382457002868478 3.22591576292557 2.914305146358757 2.953123295619868 3.1505561726201003 3.3229212478226104 3.3481809809164504 2.550798880185384 3.041709945863758 2.758048976052535 3.41369227494444 3.17259530273857 3.040057633306282 2.867534909081654 2.7402215842582027 2.782367952154003 3.000074956635668 3.340918361914322 3.31450585018354 2.886656407690478 3.19057023690056 3.527541174904 3.23737878177472 2.841626549798654 3.44794270767626 2.955888534617939 2.572174329658232 2.586443326294722 3.3847125744815 3.2250044158460502 3.014386360361864 3.26362784041053 2.7489586853270813 2.985812333442142 3.1984995426581113
BrandaoRaul_POR0013RauBraPobres_1 2.802930606090986 2.907494376494008 3.0954361377460007 2.634820109607246 2.813473095613382 2.97164926455354 3.024760484754568 3.3185031118297696 3.26505633950732 2.8491980816593463 3.4654399394712705 3.37116979041215 3.013094678655718 2.883062774269185 2.9385368807270282 3.3541321550406997 0.0 2.126382329629456 1.9657967288950942 3.39891125408037 2.889809260572927 2.976118127276952 2.95006245365375 2.9655190350807104 3.2277144121248176 3.013896721203265 3.04502959684575 3.1015046842127196 2.876358917352386 3.1142558918816796 2.710268551590527 2.6523926546369028 2.85855928670483 2.841647780984486 2.80085647029711 3.2961107440274997 3.127079966808656 2.822882374358585 2.9146524920554677 3.0937921122743717 3.071411120532 3.003941246212061 3.1885225469244673 2.884705752461233 3.2177234833996002 3.252722029611543 3.1461984711626103 2.980868260279969 3.04890446163446 3.103829959909839 2.978064882284965 3.14120635026686 3.1439047511374687 3.4021542447868103 3.2816025574332004 2.877309758196612 2.66174014298052 3.28574181696557 2.762666964137515 2.736492509444073 3.1853696136112903 3.2568705033627703 3.2461308509992 3.17312747372778 3.09648396326814 3.28098432303318 3.33561589294315 3.0195473262608603 3.081387180474823 2.852134073241804 3.2202494984972594 2.9429930087750096 3.28490671508008 2.9428340291232766 3.34750543234791 2.91358397641801 3.014350922353194 2.933451318567387 2.993217567384764 3.357740953437 3.2301143251364994 3.020106158583351 2.8198776958699927 2.893313160680254 2.906444532962055 2.869592940835092 3.19450537148602 3.19882142834808 3.38475761720281 2.902728497920818 3.1829130429272503 3.292323700548092 3.2036651293412604 2.883217711137883 3.018285580118285 2.960879486017456 3.1930811778922 3.52376011034091 3.3219053729378194 2.8102782529854906
BrandaoRaul_POR0051RauBraHumus_1 3.0178625177252587 2.942597763208229 3.1629560503567697 2.565280316096313 2.909605861320981 2.971241646525189 3.33812356761576 3.4826463671510797 3.41965308565601 2.8887319150408373 3.3919486660248 3.28162103925532 2.980801247830331 2.817803588905298 2.796385338594745 3.23555045344512 2.126382329629456 0.0 1.8451269190750559 3.43896057647813 2.9196606655726383 3.21478550892442 3.11996229491091 3.08667929325762 3.046305524364889 2.9200865346563627 2.825543310043679 3.2465304733604303 3.0629276505386 2.996226500327294 2.782616871236198 2.806585637835603 2.882732119427875 2.7798558041060213 2.982518476156208 3.4113045436761302 3.1089526200115003 2.875347455071661 3.000067851010607 3.24775525250619 3.1420085067985903 3.16708356472254 3.13680031566144 3.0294087117095403 2.892756689809128 2.7704030682344323 3.3041520437478997 3.13008834924352 3.023444026998134 2.967420420881037 2.81771920529309 3.0854545684309898 3.0529255680595098 2.9171935051083357 3.12854020973284 2.885375701853106 2.767622773545361 3.37954932393093 3.16940933230325 2.947329546784552 3.16652889121307 3.002968175591797 2.93979752635115 3.138471932620275 2.679048821364497 3.4306457471170497 3.32212132525615 3.0707257022237524 3.0450340411428405 3.0889787695407307 3.1362375687643103 3.14689982361198 3.18040043966667 2.838089399096558 3.32876599767076 3.1220171859413295 2.906939829224613 3.1571575993717302 3.24075724462185 3.40995686952886 3.0944810402550003 3.06674342691188 3.1552888293384598 2.9589668224346752 2.872956620044903 2.615345765302685 2.941678371337078 3.06245812069991 3.2631129377988994 2.696415866629546 3.061261665735546 3.21762309613767 3.084812424552106 3.018780575353039 2.983611388926421 3.14750772774671 3.25842340716809 3.32153672046266 3.3360918479810198 3.067371556058073
BrandaoRaul_POR0052RauBraFarsa_1 3.07507292117191 2.86485326167885 3.18506904434138 2.3283086289440567 3.0144698990252907 2.927471178563938 3.3009459724700703 3.5176311373381197 3.4734647725868304 3.014217245148088 3.5325212533789 3.3474445050651997 2.911812561192483 2.6425884971026017 2.761317864931847 3.3264035080688723 1.9657967288950942 1.8451269190750559 0.0 3.51148723583703 2.999150790194871 3.016155015766227 3.036815719391505 3.0927141681304597 3.1310592839575127 2.9375237055461794 2.857925070993937 3.1981067344326206 3.032736885964474 2.947401395836476 2.967701178801767 2.514879300531038 2.8870133542594383 2.782282039541869 3.015821403748512 3.40219433446274 3.2750758665699697 2.761234357409646 3.040377425445441 3.1913505236797697 3.2027057571588897 3.06820832788281 3.120200085061891 2.855373465699357 2.8349314085727944 3.013578482393399 3.32390049674413 3.031867883767927 3.019427748185456 2.987856750232969 2.767329720220969 3.10873795522119 3.0810886449866297 3.0265827467944897 3.2626180200224497 2.888979001354233 2.7937554909300633 3.52543492624316 3.013215185588941 2.861506065390347 3.031822791176784 3.1101610899606307 3.0510541141220617 3.24524004313857 2.720538963275917 3.5227997399454907 3.3300689790681703 3.19956429573476 3.1089917819552917 2.962614362438301 3.063454946124814 3.0906436746790003 3.2586171003938693 2.777231932838194 3.28617187502028 3.023144639757618 2.926138813413099 3.0697726862770205 3.219991038899331 3.46045854832321 3.19698267439395 3.023760001900702 2.862407591178191 3.0574662755755426 2.679169152970613 2.622986693351157 2.93632989437035 3.15448047069271 3.39218559042867 2.762330696316678 3.19657073172287 3.36046441707275 3.1464868566959296 2.958089456759213 3.11445646025578 3.08423987471763 3.2286607253052604 3.43608215993551 3.27397928332294 2.812512716290869
