"AlbergariaAntoniodaCostaCoutoSade_POR0033ACCSAAnselmo_1" "AlbuquerqueAntoniode_POR0018AntAlbBacalhoa_1" "AlmeidaCarlosPintode_POR0050CarPAlmLisboa_1" "AlmeidaFialhode_POR0060FiaAlmRuiva_1" "AlmeidaGarrettJoaoBaptistadaSilvaLeitaode_POR0004AlmGarViagens_1" "AmorimFranciscoGomesde_POR0046FraGAmoSelvagens_1" "BarataAntonioFrancisco_POR0049AntFBarCartuxo_1" "BarataAntonioFrancisco_POR0059AntFBarDuelo_1" "BarataAntonioFrancisco_POR0064AntFBarManuelinho_1" "BastosJoseJoaquimRodriguesde_POR0077JosJRBasDeserto_1" "BenevidesFranciscodaFonseca_POR0076FraFBenFranceses_1" "BettencourtMatildeIsabeldeSantanaeVasconcelosMoniz_POR0070MatBetAljubarrota_1" "BotelhoAbel_POR0020AbeBotCrioulo_1" "BotelhoAbel_POR0053AbeBotLavos_1" "BotelhoAbel_POR0054AbeBotAmanha_1" "BragaTeofilo_POR0042TeoBraViriato_1" "BrandaoRaul_POR0013RauBraPobres_1" "BrandaoRaul_POR0051RauBraHumus_1" "BrandaoRaul_POR0052RauBraFarsa_1" "BrandaoZeferinoNorbertoGoncalves_POR0031ZNGBCovilha_1" "BulhaoPatoRaimundoAntoniode_POR0048BulPatPalida_1" "CamaraJoaoMariaEvangelistaGoncalvesZarcoda_POR0080JoaCamCastelMelhor_1" "CamposAlfredoLuisde_POR0024AlfCamCabinda_1" "CamposClaudiade_POR0068ClaCamEle_1" "CamposJuniorAntonio_POR0037AntCamJNamorados_1" "CarvalhalAlvarodo_POR0089AlvCarCanibais_1" "CarvalhoMariaAmaliaVazde_POR0044MAVCAlice_1" "CasteloBrancoCamilo_POR0010CamCBPerdicao_1" "CasteloBrancoCamilo_POR0011CamCBMulheres_1" "CasteloBrancoCamilo_POR0012CamCBMisterios_1" "CastilhoAntonioFelicianode_POR0030FelCasChave_1" "CastroeAlmeidaVirginiade_POR0066VirCAInnocente_1" "CastroOsorioAnade_POR0002AnaCOSacrificada_1" "CastroOsorioAnade_POR0062AnaCODiario_1" "CastroOsorioAnade_POR0099AnaCOAmbicoes_1" "CordeiroLuciano_POR0100LucCorDuquesa_1" "CoutinhoManueldaCruzPereira_POR0096ManCPCouElvenda_1" "DiasCarlosMalheiro_POR0074CarMDiaErvas_1" "DinisJulio_POR0001JulDinMorgadinha_1" "DinisJulio_POR0007JulDinInglesa_1" "DinisJulio_POR0015JulDinFidalgos_1" "EcadeQueirosJoseMariade_POR0005EcaQueMaias_1" "EcadeQueirosJoseMariade_POR0008EcaQueRamires_1" "EcadeQueirosJoseMariade_POR0009EcaQueAmaro_1" "FicalhoFranciscoManueldeMeloBreynerCondede_POR0021ConFicEleicao_1" "FigueiredoCandidode_POR0090CanFigTres_1" "FigueiredoMauriciaCde_POR0035MauFigExilado_1" "FonsecaFaustinoda_POR0014FauFonMindelo_1" "GamaArnaldo_POR0091ArnGamDinheiro_1" "GomesFranciscoLuis_POR0084FraLGomBramanes_1" "GraveJoaoJose_POR0041JoJoGraMorte_1" "HerculanoAlexandre_POR0003AleHerCister_1" "HerculanoAlexandre_POR0023AleHerEurico_1" "HerculanoAlexandre_POR0038AleHerBobo_1" "LealJosedaSilvaMendes_POR0047JosSMLeaEstouro_1" "LimaJaimedeMagalhaes_POR0032JayMLimTransviado_1" "LimaSebastiaodeMagalhaes_POR0028SMagLimViscondessa_1" "LobodeAvilaArtur_POR0072LobAviCaramurus_1" "LoboFranciscoBarros_POR0097FraBLobGil_1" "LoureiroAugusto_POR0098AugLouBruxa_1" "LoureiroUrbano_POR0092UrbLouQuintino_1" "LousadaAntonioJoseCoelho_POR0040AJCLTripeiros_1" "MacedoDiogode_POR0029DiodMacCristao_1" "MachadoJulioCesar_POR0082JulCMacLisboa_1" "MagalhaesLuisde_POR0043LuiMagSoares_1" "MascarenhasMiguelJT_POR0027MJTMMariaDaFonte_1" "MeloTomasde_POR0034TomMelLuiz_1" "MendoncaAntonioPedroLopesde_POR0057APLopMenDoido_1" "MesquitaAlfredode_POR0095AlfMesRua_1" "MesquitaMarcelino_POR0087MarMesImpostores_1" "ModernoAlice_POR0056AliModSandoval_1" "MoreiraJoaoBaptistadeMatos_POR0073MatMorTempestades_1" "NoronhaEduardode_POR0078EduNorAgonizar_1" "OliveiraMartinsJoaquimPedrode_POR0067OliMarFebo_1" "OliveiraMascarenhasJoaquimAugustode_POR0071OliMasArrabido_1" "ONeilMaria_POR0065MarONeiMarquesa_1" "PestanaAlice_POR0083AliPesPrejuizo_1" "PimentelAlberto_POR0022AlbPimCintra_1" "PimentelAlberto_POR0055AlbPimAnel_1" "PimentelAlberto_POR0058AlbPimGuerrilha_1" "PinheiroBernardinoPereira_POR0094BerPPinArzilla_1" "PinheiroChagasManuelJoaquim_POR0017MJPChaMeianoite_1" "PinhoMariaBenedictaMousinhodeAlbuquerque_POR0086MBenPinMarina_1" "PintoFortunatoCorreia_POR0075ForCPinAgitador_1" "PintoJulioLourenco_POR0079JulLPinMargarida_1" "RamalhoOrtigaoJoseDuarte_POR0063RamOrtMisterio_1" "RodriguesManuelMaria_POR0025ManMRodRosa_1" "SaAnaMariaRibeirode_POR0093AnMRSaMathilde_1" "SaAntonioManueldaCunhae_POR0081AMCunSaParte_1" "SaCarneiroMariode_POR0019MarSCLucio_1" "SarmentoAugusto_POR0085AugSarProvidencia_1" "SarmentoInacioPizarrodeMorais_POR0039InaPizEngeitado_1" "SilvaLuisAugustoRebeloda_POR0016LARSilFantasmas_1" "SousaMariaPeregrinade_POR0069MPerSouHenriqueta_1" "SouzaLopode_POR0061LopSouLagrimas_1" "TeixeiradeQueirosFrancisco_POR0026TeiQueSalustio_1" "VarelaAJPereira_POR0088PerVarMiseraveis_1" "VasconcelosAntonioAugustoTeixeirade_POR0045AntATVasCastromino_1" "VasconcelosMariadoMontedeSantanae_POR0006MMSAVLourenco_1" "VieiraJoseAugusto_POR0036JosAVieDivorciada_1"
"AlbergariaAntoniodaCostaCoutoSade_POR0033ACCSAAnselmo_1" 0 1.18694191897304 1.04515284264269 1.35360756082567 0.877128073528957 1.03324826484777 1.01808463309312 0.924660936495719 1.02201286469284 0.836600464226245 1.33774930508526 1.11587732652609 1.15693053673168 1.22431718081954 1.20029738972295 1.25302862620911 0.884801908335825 1.05389808485139 1.00309823845321 1.14995558540448 1.11830310812411 0.839147913307851 0.958523100973059 1.12491881675115 0.884036208031279 1.05744466946537 1.05707399333022 0.760393717699664 0.856070931145997 0.739157537737841 1.22551667521772 1.02098901832141 0.946633604000413 0.926321245515481 0.730270181802503 0.920103724240634 0.977896957863667 1.24424285501393 0.793675180376135 0.778458721510746 0.652963145157148 1.19118893766256 1.25019875917317 1.0979447712374 1.24931206992539 1.36016417983545 0.72948999656905 1.00689539511337 0.826187393357909 1.14098444034598 1.02047042986601 1.16988761865044 1.26903750292795 1.21969816559205 1.1689427922577 1.05018145622671 1.21341914966101 0.934172701607167 0.648632757984799 0.865167657987952 0.836665043329098 1.16886993669354 1.08764304374686 0.839815737867129 1.23479758922987 0.989336583118857 0.790709849570805 1.1278546662769 0.986342410629787 0.902262355104627 0.95890679103896 0.933447279118368 1.052705239769 0.944496452724089 1.15118829822514 0.641341371148666 1.06275197909754 0.925138327571774 0.915517764866367 1.06961157258058 1.16433375711686 1.10288545277553 0.812771324210805 0.645089806220678 1.28432053693719 1.05368477071802 0.689311056374531 0.846099553896216 1.02162177498262 0.941503299566014 0.993117906349187 1.21714439328694 1.25410584192828 0.673209263434836 0.870016554245031 0.989268763247486 0.761324982074527 1.0137138856802 1.0177024958867 0.932901032830995
"AlbuquerqueAntoniode_POR0018AntAlbBacalhoa_1" 1.18694191897304 0 1.11282528516312 0.661300734932495 0.948250836987715 1.04810402108629 1.15391462867054 1.16910872572095 1.10531253166604 1.27982171033526 1.03729461781292 1.19026816092506 0.594933897462151 0.677846393081935 0.647462609151048 0.97997029072479 0.946319759513246 0.883390637082369 0.843564354908423 1.03851262151028 0.957388529016092 1.16618771324113 1.09294905647612 0.867447159355665 1.08414811630619 1.01303248217295 0.785168866809011 1.34429280024275 1.26233444097589 1.29392012635636 0.86724271841337 0.897643927455927 0.936159860297579 0.949649738152505 0.989961007468927 1.01630318903227 1.20950669336275 0.76928624949747 1.14430314313395 1.14202205704361 1.27141204950848 0.844745411892792 0.95844570072432 0.896724800554432 0.747935563216889 0.806921468150572 1.07083240453993 1.0819182408468 1.13279229997089 0.982079720329592 0.867709219448214 0.985671084039688 0.905802404989376 0.916143478392563 0.906192800844116 0.896406579703825 0.821894577796305 1.16873349274491 1.14511882221753 1.20975810595069 1.03730307600282 1.14526495646652 0.788664927510003 1.1292387783574 0.786656697966404 1.13608843363181 1.19980493571383 1.10126151905982 1.04614459451721 1.05942587569217 1.05352112972797 1.08431473769694 0.966119346426722 1.03287789982755 0.892392163499183 1.17173472021509 0.878415593342285 1.08026605354605 1.26359762226704 1.13062031872523 0.96190663920902 1.02887427056457 1.12073285005826 1.19190454174132 0.770890520813938 0.889591590143159 1.12563422825554 1.09974413103852 1.08836783821629 1.01317766283695 1.24086362036286 1.10515943088474 0.924680204913325 1.21361354049178 1.07548705836366 0.890035941587522 1.13838689527662 1.06221183778094 0.989709247609853 0.831792703892344
"AlmeidaCarlosPintode_POR0050CarPAlmLisboa_1" 1.04515284264269 1.11282528516312 0 1.15190934701787 0.887170831355284 1.0082395855127 1.07051436268586 0.98741894698865 0.938083807765056 1.0010690316978 0.981992592974953 0.828613454810824 1.13550371647427 1.22415283829559 1.20743767782208 0.881504223381481 1.02090347670794 1.09611134043127 1.099840086376 1.00639543291501 0.919752713407856 0.958654791567387 1.11229516475945 1.05704694957785 1.00221624026096 1.0104742582139 1.07625149104653 0.875190424265916 0.90231682073188 0.97800372112103 1.12239739350741 1.00581267322919 0.97458477271393 1.080026281395 1.00969482253916 0.930105629667357 0.948787644411605 1.05862257175024 1.07515172936613 1.04163904050706 1.00635743801942 1.10365915838719 1.04177492655698 1.0882019100434 1.22633961371389 0.996727181121896 0.842713358008756 1.14031479153359 1.02654407780616 0.740287324548652 1.16319415867624 0.944053658894804 0.927689830542976 0.867208989338218 0.965226034442116 1.01347525564242 1.10796252500709 1.02719786774411 1.04675957875384 0.974906968561401 1.01012233002313 0.881790322279406 0.917672002360618 0.923542319086468 1.10898248354017 0.936728656439233 0.957799589543777 0.880546742615945 1.14702465839029 1.11475834941419 1.11851274448043 0.860631078950061 0.875424311211204 0.91170234957027 0.910822203403286 1.01822254734946 1.14092809019794 1.11489156876221 0.963660760115824 0.968358123373546 0.910574935847276 1.01124793003309 1.08074094200546 1.03640717295005 1.01104504777549 1.14405332267037 1.10211239380089 0.911534411695136 0.858951950230243 1.1965255820531 0.88626841869845 0.857518572317076 0.888721137579899 0.86028493288321 1.0328353470486 1.00263347887611 1.06143777008224 0.923401324939205 0.817748306338563 1.1206728642396
"AlmeidaFialhode_POR0060FiaAlmRuiva_1" 1.35360756082567 0.661300734932495 1.15190934701787 0 1.05882234481877 0.987133563477986 1.01164820296714 1.2396762567079 1.14401209715943 1.23376478744524 0.982077101593127 1.21175067405668 0.685774922678556 0.524702424162578 0.70671727211287 1.0044328870362 0.794697137211947 0.67968593707169 0.640608973299455 1.10496887879484 0.919590848389362 1.14016938764971 0.996924136527115 0.825586968206863 1.14105402266326 0.862585451739525 0.836813268879971 1.26811628521319 1.06818277521365 1.18806689711673 0.776268540480466 0.879603212364837 1.00562128696345 0.988216422122377 1.16938767701637 1.18651424167279 1.10887281238761 0.708319979333287 1.16986923729145 1.20856822160738 1.34943745951686 0.835925061902252 0.896413886380767 0.860977304255673 0.698176396284459 0.719814030522857 1.34428447957843 0.958211550460815 1.15865528968185 0.984935274887788 0.776953176221311 0.971798679378495 0.919071619395255 0.975531282718227 1.00318059150608 0.888636795402297 0.657549099141941 1.28365489726413 1.19572493248325 1.12750602171225 1.08254421030465 1.03575965480689 0.996603716243675 1.23928540714246 0.678653657745867 1.17912504065293 1.36609391075829 1.04080979200785 1.01494505188946 0.958532776578659 0.980176722084495 1.13947232586636 1.09704857551287 1.03851878676021 1.08458305914097 1.26828749872184 0.893444666344109 1.08929442383018 1.23523326328725 1.13590936768699 1.0301078578828 1.05758088104112 0.980408794144422 1.252759889968 0.536631149112702 0.748585556688075 1.2645855943974 1.3082204461284 1.21345694803601 0.904941829803017 1.21102076497253 1.0740568944824 0.860428574399845 1.26011434305085 1.16823997765831 0.912276644814429 1.24539237194865 1.2054452985534 1.27888175844522 0.828012128653043
"AlmeidaGarrettJoaoBaptistadaSilvaLeitaode_POR0004AlmGarViagens_1" 0.877128073528957 0.948250836987715 0.887170831355284 1.05882234481877 0 1.08286583162009 1.00629604471311 0.991500254698865 0.958478412286705 0.864857002400948 1.07351562631911 1.05124574481701 0.89392169256757 1.03561507382413 1.00918953737973 1.06109192614837 0.90432136642728 1.00986430535804 0.999514345322901 1.07777120414481 0.972751878341881 1.0509509193076 0.949446655155296 1.00328412044131 0.994789369407311 1.08960420941705 0.872555758590398 0.956808462634971 0.944761132917975 1.00763850644424 0.884902197452861 1.14142860899111 0.907000820081991 0.887010130403767 0.798437790263918 0.775306235198319 1.01615279330438 1.18329587710544 1.02215146353301 1.0252439664114 0.944282915603618 1.03716365110172 1.04893138660267 1.10190534197949 1.14576121589592 1.03088553221316 0.934494376552322 1.12106599074408 0.998526092455732 1.03329675594894 1.06660079321262 0.999273928516491 1.09918000878638 1.06576342002985 1.11983447702428 1.05060667970989 1.0074696044834 1.06458700595369 0.943404967642967 1.03590717806916 1.02997079411098 1.08260935127703 0.978026005448119 1.00010092231954 1.17201129437458 0.892491562614317 1.1488660651366 1.00160505865273 0.868888398290439 1.04574974131585 1.03757419597094 1.02587014724569 1.07026532006221 0.99692341490517 1.08125871806389 0.979795827895508 1.08343277442143 1.11685306368634 1.04025935749504 1.11875746952419 0.885019091121573 1.04741502966513 1.01209725615663 0.961306382713942 1.09314346521861 1.08767125038449 1.00406332213223 1.05314719560448 1.04659867488597 1.00728843271674 1.11036977632346 1.01098127317624 1.02867071927376 0.817177158413922 0.986011937954135 1.041609688656 1.11320440988342 0.992274264027965 0.889730472267683 0.991270437294228
"AmorimFranciscoGomesde_POR0046FraGAmoSelvagens_1" 1.03324826484777 1.04810402108629 1.0082395855127 0.987133563477986 1.08286583162009 0 0.957087586842013 1.01888876450592 1.03051496740152 0.911681074453413 0.920034200321355 0.919508954193518 1.23777172846886 1.209806785724 1.18178747590824 0.978337662004457 0.982470494131828 0.947384234868589 1.01172702932533 0.96490841568972 0.975297609914704 1.08879058277663 0.971601228853411 0.987602204368976 1.1346439012941 1.01101276618557 1.0917317558223 0.926813578140929 0.987992887725549 1.01096905270778 0.990763156008105 1.05989164421336 1.07224913425679 1.04665953652827 1.08834733256192 1.13455677225125 0.881405259596359 0.981292435048226 0.942175008183294 0.947752705622756 0.981084900397168 0.9748367523462 1.07283551154538 1.01412783104725 1.08887260664644 1.01009967392511 1.03838863979568 0.985100749928142 0.998460778776606 0.890684427981312 1.02974557171582 1.02103024197179 0.980963493883179 1.01226225213919 1.02219090609295 0.952679136006618 0.997875010681766 1.01140833506741 1.0115374219039 0.937052835666329 1.03643434594218 0.854978238181899 1.07768554051046 1.0003629879847 1.09608037569169 1.00278303192691 0.927161942871087 1.01225324743932 1.03706467247026 0.934744566736346 0.934662889486069 0.997132104749372 1.08132443283811 1.02112754653686 1.05359416556999 0.931848495686585 1.01752951348644 0.933641303064005 0.867309839142442 0.976210796823816 1.08324965501809 0.989055098991259 0.988772444180731 1.00948865351646 1.09035305496941 0.93558982189946 1.04340194652136 1.02108969384814 1.01092419037126 1.01781959778433 0.899742902749186 1.09311092938959 0.953541682283732 0.825602899503621 0.933295459573773 0.955138309306269 0.874765319249142 1.07905339740652 1.01439778788242 1.15366780621587
"BarataAntonioFrancisco_POR0049AntFBarCartuxo_1" 1.01808463309312 1.15391462867054 1.07051436268586 1.01164820296714 1.00629604471311 0.957087586842013 0 0.628595444053568 0.654237575674782 1.04864225433179 0.711928801994775 1.07634643736745 0.992336162005395 0.939569307056825 0.998491255714259 0.943889540091739 0.97608974128143 1.1893785975545 1.1610492233543 0.760509942205964 1.18817855720817 0.848767662015909 0.983221936909434 0.929756946022752 0.955632259213351 1.02069153465331 1.3264272883001 0.878223055922202 0.968179900080708 1.02125259057792 0.906919054379906 1.11313527022769 1.16798324080363 1.21398051008907 1.08017512934036 0.773314756416522 0.92471606635606 1.11691920653208 0.95257447627793 0.864422918685148 1.02069787394397 0.904411158903059 0.76440239123157 0.965728355849615 1.04110292306546 1.04342180008053 1.01297657864783 0.875651009393379 1.07750039058239 1.1941263958128 1.10359840649007 0.964657686349896 1.06381780623538 1.19255550659759 1.00930086508893 1.1509442674791 0.983418204268162 0.803279026741311 0.871876563410338 0.911875407781314 0.989829111167402 0.872667307913707 1.16005738955292 1.0931132328683 1.18122268334796 0.850136726962835 1.07226771609467 1.1522161588183 0.882802395808441 0.792846047953429 0.983349106296277 1.10717012904362 1.06776235192332 1.0098137852671 1.01113063967606 1.01420345557325 1.09723900062082 0.882120941447433 0.8909806531504 0.836332933607174 0.995417472090228 1.14879125622134 0.882036152852426 1.06714721138822 1.14844062472064 1.14775764056478 1.16103193570933 1.24615533028215 1.04102129192762 1.08597382876625 1.00988803411897 1.00200349166718 0.946026016856001 1.07523649731241 1.24786484010384 0.977489729412307 0.908958469738613 0.980666203584434 1.25425667729237 1.13812072745669
"BarataAntonioFrancisco_POR0059AntFBarDuelo_1" 0.924660936495719 1.16910872572095 0.98741894698865 1.2396762567079 0.991500254698865 1.01888876450592 0.628595444053568 0 0.523886042185952 1.10207153112227 0.743381708819597 0.906494381268731 1.17656281604577 1.19372348459198 1.17449943342823 0.834715634912135 1.19196115874965 1.28920893472703 1.31523264444109 0.754511818293385 1.22865617579922 0.740553147279085 1.07578882484422 0.956948526630204 0.844388036675475 1.15429025277919 1.18777328878441 0.862046468685748 0.980796670971013 1.0374002562916 1.04130947447629 1.14476362218767 1.1699081674433 1.25696538844486 1.02213430330304 0.615182068484667 1.07034044027676 1.15284871651482 0.970664970362649 0.892570713986317 0.94403552302946 0.95337447451871 0.860887874061204 0.991275310208499 1.13164767954153 1.10804412882049 0.967123543625496 0.925326524742793 0.99119891217061 1.06203213640655 1.21594951295862 0.958925791268634 1.01501454166434 1.04437110208393 0.964882787170692 1.11487276043036 1.16204523925728 0.737601526477125 0.887031397369294 0.980459824279987 1.02509266133718 0.89209679117001 1.0082106130657 0.917584280674048 1.19582815988968 0.822252032255269 0.842922033405175 1.12941636742962 0.949947868222256 0.880722451040387 0.994133625045793 1.08734949300329 0.923635457349133 0.984796847783053 0.895919997370179 0.958738394873424 1.12246394946633 0.920857912504203 0.813064676220837 0.662062837301121 0.93611229961085 1.12460074636572 1.0547430121951 1.05777509957927 1.24001423960159 1.23034782832688 1.10074450928981 0.977204856890431 0.879361179756474 1.21748125322204 0.950565429896981 0.947453344245681 0.915455191383033 1.06265170281943 1.07426489242651 1.02610402583462 0.875320294322741 0.725631102932757 1.12466771117302 1.18782677664898
"BarataAntonioFrancisco_POR0064AntFBarManuelinho_1" 1.02201286469284 1.10531253166604 0.938083807765056 1.14401209715943 0.958478412286705 1.03051496740152 0.654237575674782 0.523886042185952 0 1.16155114154232 0.679126977776363 0.86339515541034 1.08236273590386 1.10265721208033 1.08313381933209 0.806730387514029 1.16736908433345 1.29128158288924 1.32407798782937 0.75319074353753 1.1823746989843 0.824868663417813 1.09437070023992 0.915318664311802 0.866807547520205 1.09967132763572 1.17702920481979 0.906799243367695 0.994936264341845 1.09516324031677 0.997045348673251 1.11954509152734 1.14245506049221 1.25155519088513 1.08667199051317 0.628786936109757 1.08575069080386 1.10304052850683 1.00818751147542 0.947089229944954 0.98811675298943 0.973939893908174 0.869685676526567 1.02903492780663 1.12383204476446 1.01258260936692 1.00662246796626 0.951568550912514 1.05092986573631 1.00371888416414 1.1893620959255 0.902383206913939 0.924556781417264 0.991065587733532 0.885936200864836 1.03870187192243 1.08541066780412 0.768137350771921 1.00367944765348 1.01634365688338 1.05019577179024 0.869130852583073 0.919054383959878 0.962032883984699 1.17564124799154 0.779486535770729 0.932955568329684 1.1216670161108 1.01612581608821 0.888029588375067 1.04446064542324 1.12110465881931 0.901662567764871 1.02785893129827 0.853168929846823 1.018642456641 1.10380345434722 0.967920552360367 0.85329090125829 0.729866348818232 0.88422074791258 1.12808681839484 1.08104043919728 1.11493875277026 1.17402227573214 1.23239843471887 1.17171294866467 1.03594041612059 0.87281091522836 1.27077235389835 0.916806956318593 0.907771356776077 0.910049835488631 1.15155021642436 1.11285829650896 1.01926726459686 1.00462062205219 0.761687839511468 1.09749311563193 1.19475164969527
"BastosJoseJoaquimRodriguesde_POR0077JosJRBasDeserto_1" 0.836600464226245 1.27982171033526 1.0010690316978 1.23376478744524 0.864857002400948 0.911681074453413 1.04864225433179 1.10207153112227 1.16155114154232 0 1.08719779449906 0.951703157446737 1.2783873006395 1.34087812967153 1.20813512657601 1.14999880138837 0.844934932106129 0.882674383162734 0.948235280261748 0.971080028735451 0.892120041462319 1.1820363777318 0.918955915145472 1.0658680156495 1.09339905836166 0.980296607484738 0.97159697624723 0.877344321238455 0.929960216101398 0.903731414416741 0.807496882671991 1.23117682366079 0.952797620161316 0.741689016412192 0.949113549064237 1.08428620532982 0.598407622088507 1.2254701155351 0.89256860803891 0.986014918344114 0.7956379594637 1.21117425174565 1.20717192779879 1.22351769918468 1.16792284172324 1.16357955304334 0.886053980364228 1.02577921866266 0.892952180539435 1.09090967330634 1.1731425058174 1.09605926525811 1.14818513906965 1.05680955208514 1.16171916929884 1.11200271104909 1.1220914431828 0.985906289993751 0.966895086539553 0.899998663887301 1.09339713578099 1.08554365090467 1.23904144730776 0.864541508352484 1.21310551536607 0.917668260775777 0.975145449503848 0.78465910187671 0.804293599451427 1.14680828991244 1.0119537144711 0.948520098412996 1.21516997689142 1.05848198232302 1.32354939704274 0.857002340715033 1.03747835757152 1.00936895162422 0.930306026107525 1.10288876562413 0.885128833458294 0.882734254424415 1.00654707462567 0.617371558284275 1.1824595822676 1.00984793022727 0.854250705939312 0.910773083101422 1.05914200541086 0.780080746456515 0.893806456907882 0.890971468061836 1.09300961804852 0.641621297495711 0.832529342875072 1.0989403762627 0.922985871177475 1.03583872393513 0.943388719185145 1.13353763384927
"BenevidesFranciscodaFonseca_POR0076FraFBenFranceses_1" 1.33774930508526 1.03729461781292 0.981992592974953 0.982077101593127 1.07351562631911 0.920034200321355 0.711928801994775 0.743381708819597 0.679126977776363 1.08719779449906 0 0.787729829915821 0.954462129679519 1.03208217001409 0.98434286954204 0.618564434795116 1.2324146847243 1.22717301641841 1.31885608351737 0.59306253277765 1.10842832451457 1.1139299436831 1.11715979768697 0.82040614639257 0.9137749124354 1.06567159656338 1.16647090610351 1.07997516800816 1.17118058700822 1.21378933034966 0.803511022702763 1.22707885257067 1.16010587548681 1.21278835799914 1.23036531366157 0.647987125869355 0.968637272723092 1.02343023858534 1.14316312473725 1.09422090414054 1.21201493213259 0.785679223865143 0.598158497519117 0.989825110367463 0.961245939163315 0.735712224495846 1.0814735753657 1.04327226655114 1.22117429325782 1.00652577096111 1.13762534395408 0.849524321131861 0.821900069046391 0.892447382813906 0.96002932773123 1.0574408360284 0.986396825351467 0.769790234408931 1.21942939953115 1.15882923315679 1.16738761470171 0.806176180153984 0.984066255984547 1.08041265012018 1.04091019693513 0.693713405506034 1.0771781795187 1.02778964180573 0.845469635511223 0.948048646108124 1.12528191109525 1.17677143149257 0.886936634477919 1.17675097198486 0.858553667263156 1.29508383232544 1.02106438110954 0.917939894405019 0.888916955825268 0.692124142464157 0.889638955394577 1.10545921547155 1.14674148554222 1.23629995238707 1.06052152132111 1.18381534019654 1.31914599438442 1.16915975712959 0.881633760541212 1.11958192782655 1.00464889276088 0.799496932821241 0.834358491566795 1.28566152668104 1.24441229792021 0.956546624399762 1.11701364506712 0.798599650573176 1.01844625717497 1.27123797829603
"BettencourtMatildeIsabeldeSantanaeVasconcelosMoniz_POR0070MatBetAljubarrota_1" 1.11587732652609 1.19026816092506 0.828613454810824 1.21175067405668 1.05124574481701 0.919508954193518 1.07634643736745 0.906494381268731 0.86339515541034 0.951703157446737 0.787729829915821 0 1.32708153529447 1.31760844282839 1.33688959407505 0.765114603074247 1.2138588418533 1.15231818328756 1.22732667784205 0.875044384851827 0.89576012858053 0.987084298602715 1.18342342943022 1.008979673151 0.984814117458541 1.15940767848269 1.03148984071749 0.904476400137319 0.986287548261587 0.96337017108804 1.18533396115604 1.05842990641684 1.01342020902812 1.0871790018482 1.15306476796971 0.95444531824827 1.01109627237222 1.00497093670823 1.14709845402248 1.15370607898038 0.993526177004929 1.05924355444897 1.10478777344978 1.08449759614886 1.19964586847892 1.06410901028066 0.963626323483259 1.02950437041592 0.989472552011064 0.707751473746369 1.23931610101731 0.926820953562619 0.831681547092214 0.784836239080856 1.01467709967794 0.946333819803518 1.21717523977798 0.844211102109133 1.20155723143859 1.07990594891199 1.09738571598207 0.829658886592571 0.981912843445108 0.812566707841189 1.12481868384665 0.873973239037998 0.770308410069618 0.857188375122434 1.0772902241357 1.07718979179806 1.06486822346736 0.982251047417456 0.767714161293614 1.05579681811972 0.880107009192565 1.04194752675196 1.06449486384672 1.02374357533906 0.776466102473554 0.67722191382861 0.874035400042874 0.923502108132029 1.18320940337242 1.00511487559953 1.11319487828224 1.11909754738834 1.06961459761562 0.752780928031899 0.76611073566052 1.25701990102005 0.828977607110288 0.696859815678721 0.946461394438546 0.98288702973036 0.834228684845645 1.07966693826746 0.980270909703993 0.752392242264925 0.726194890729663 1.26426839535043
"BotelhoAbel_POR0020AbeBotCrioulo_1" 1.15693053673168 0.594933897462151 1.13550371647427 0.685774922678556 0.89392169256757 1.23777172846886 0.992336162005395 1.17656281604577 1.08236273590386 1.2783873006395 0.954462129679519 1.32708153529447 0 0.436091715144552 0.396196823118595 1.06125799081104 0.979716163944888 1.03857940549186 0.955491581897719 0.974096575582057 1.06905845114419 1.14965235123018 0.998006932516717 0.857928612021559 0.945380036072025 0.779804034426946 0.85589253863692 1.33993493868523 1.21596942178756 1.19402845210864 0.838051367552015 0.980204317583845 0.967804277752461 0.967815732415097 1.02656255745726 0.8633030362084 1.20118356024363 0.863608850888905 1.16370070701959 1.06960943615526 1.28821672952026 0.823208229144409 0.75184648273854 0.952187017513588 0.779567966749525 0.794216010951457 1.09038815546069 1.08373583516886 1.19996473631588 1.18844935595872 0.761476294748476 0.968718387333149 1.01187163769369 1.05892883607998 0.955985967649949 1.02887631485773 0.745809595770754 1.10582102147448 1.06192091882901 1.18030230642482 0.941135473910621 1.19602596788 0.883411378625668 1.25902210155864 0.770050859694281 0.940715038720849 1.33542296881853 1.08983995192881 0.909893450431517 1.02867009470962 1.09819072697994 1.01470538438184 1.00219428856483 1.12080470218074 0.898550070156942 1.24592007319626 0.839082509769293 1.05040586746947 1.28628634348137 1.14995364654585 0.99835062846397 1.08515830540973 0.952743748202201 1.18609481511067 0.823149783939994 1.03316570587825 1.11152648087544 1.29629430054774 1.18825232954402 0.925805822771058 1.30976212238349 1.12817212004368 1.04713958328662 1.32798103954478 1.209825058564 0.945543053347637 1.20182751764327 1.09378710013188 0.990764979307384 0.806471025694781
"BotelhoAbel_POR0053AbeBotLavos_1" 1.22431718081954 0.677846393081935 1.22415283829559 0.524702424162578 1.03561507382413 1.209806785724 0.939569307056825 1.19372348459198 1.10265721208033 1.34087812967153 1.03208217001409 1.31760844282839 0.436091715144552 0 0.50242280184892 1.11518059592491 0.851047103071082 0.868371259940588 0.767542292460589 1.0526678942887 1.03902279979042 1.04683280699869 0.897883784498975 0.905838645971922 1.02367227101963 0.851272966803739 0.986176347232496 1.28734011155251 1.10210923420658 1.08990780950497 0.818347940141986 0.841360620539387 1.06408478822517 1.09681830985868 1.14424705879904 1.06103208521583 1.22436752229453 0.799951696574415 1.10947348454044 1.08407432115874 1.3432142465927 0.799263834239059 0.776187489159806 0.839396216357617 0.664565310254669 0.737277203413995 1.25061022913069 0.936404281394178 1.1477991085981 1.15423678630884 0.672230462815333 0.970751780350976 0.948118167911587 1.03918715425656 0.99457449655829 0.982791030076502 0.618459795846559 1.16997306755953 1.06761476644619 1.14836339641229 0.930745428748044 1.08293246226948 1.00307869755568 1.29599268499414 0.685698291362232 1.10979345849249 1.36632142730637 1.12653536547151 1.0030522675496 0.889355525834232 1.02551141208313 1.08590436866667 1.07497292598763 0.976630642810563 0.9963861102622 1.2691588239827 0.947128988171351 1.05390554602388 1.27673303169001 1.19978881275523 1.0435801042247 1.05822032479127 0.826614566995438 1.26464968302093 0.683574094120458 0.792278453303283 1.14522288571659 1.38202488350648 1.26704052942805 0.882400152401734 1.24614101431615 1.12430563073556 0.947039691040101 1.38225648179369 1.28075491118084 0.98827490835461 1.23934917649971 1.25534433012993 1.17736334570864 0.721655946030178
"BotelhoAbel_POR0054AbeBotAmanha_1" 1.20029738972295 0.647462609151048 1.20743767782208 0.70671727211287 1.00918953737973 1.18178747590824 0.998491255714259 1.17449943342823 1.08313381933209 1.20813512657601 0.98434286954204 1.33688959407505 0.396196823118595 0.50242280184892 0 1.11122924068017 0.980246589448583 0.95326233630443 0.870136497300242 1.04777321663551 1.04098975833005 1.13076778432799 0.981078474886694 0.884737827558187 1.01790567138752 0.791473320552567 0.91641183507133 1.31266508493431 1.23466299787562 1.19739775686645 0.82732646941125 0.935211468363346 0.957281838804926 0.941111923430074 1.0338590681608 1.05293631777565 1.16749215607169 0.824906441889369 1.08008364457415 1.03307658143302 1.24380043648373 0.819694844042345 0.748894479899986 0.915871186979198 0.709495730572035 0.881618831684302 1.16113380028309 1.0426695372079 1.19226476625154 1.2010394052491 0.820799930226358 1.0053198427029 1.00415751185531 1.04899143178605 0.906174451351784 1.00570395050929 0.750416235640452 1.09527604864466 1.06165145772801 1.08699355642972 0.996707257329755 1.14185107154272 0.921064783203252 1.25890776349669 0.761272607352761 1.0776772680136 1.31729040547451 1.09397485086551 0.922963060605943 1.02581275659609 1.04177615467082 0.974310933392398 1.07383867656132 1.08366198624091 0.914718564851686 1.17563262379521 0.794805453255985 1.06149714238629 1.24220896620026 1.19117102810508 0.969864712605781 1.04594739025303 0.977676722264059 1.16760638107823 0.850546536419625 0.963647852462876 1.04101443707675 1.24274169755754 1.16415057704062 0.839735191187853 1.21899455643579 1.13719976386095 1.0538836502256 1.29671471614955 1.19981275120142 0.973465541752124 1.13204923523419 1.11908896979948 1.07248675733725 0.848787481064666
"BragaTeofilo_POR0042TeoBraViriato_1" 1.25302862620911 0.97997029072479 0.881504223381481 1.0044328870362 1.06109192614837 0.978337662004457 0.943889540091739 0.834715634912135 0.806730387514029 1.14999880138837 0.618564434795116 0.765114603074247 1.06125799081104 1.11518059592491 1.11122924068017 0 1.30889562399178 1.21813602260513 1.25920308214226 0.642337827306887 1.05303569729987 1.04466772483166 1.20905549015897 0.953951739002966 0.909469006305718 1.1478813501689 1.0371898250018 1.00153566462427 1.10010658621073 1.17751423423332 1.02951835913691 1.07295060043185 1.06417098503895 1.15711428803239 1.1012392034911 0.739653580980252 0.994480470658543 0.929197572584433 1.15594150638118 1.18900330248115 1.14231740592486 0.812374342459447 0.758545824856814 0.974345282666786 0.925690665500337 0.717956427531627 1.12779931789455 1.03153125838799 1.13777877145443 0.830758363734504 1.09696863421584 0.94234334245935 0.717442414638684 0.776324286244176 0.944122713396844 1.01498896248083 1.21313843319213 0.781558805139381 1.27864469675342 1.18696659644151 1.14122746369572 0.879063843631975 0.90136708866794 0.936796555464351 0.875128567326267 0.900682448700964 1.06609271291085 0.889344260434747 0.980527458032744 1.1766030095771 1.15527477072601 1.21656354236936 0.790349795207484 1.06988144999645 0.831948666715272 1.26829292317253 1.06880623380323 0.972382756023642 0.947312342683087 0.763282812245997 0.869758242330758 1.0018002939125 1.26754158082609 1.25577823344825 0.871174173699462 1.11839180543434 1.33034079373131 1.03961767153798 0.871862464275019 1.31909492788113 0.993282415637567 0.714773175839378 0.773839513121965 1.19653742333941 1.06303228145371 0.985145107474234 1.12254924407627 0.726538267697581 0.919158784944672 1.13230560807909
"BrandaoRaul_POR0013RauBraPobres_1" 0.884801908335825 0.946319759513246 1.02090347670794 0.794697137211947 0.90432136642728 0.982470494131828 0.97608974128143 1.19196115874965 1.16736908433345 0.844934932106129 1.2324146847243 1.2138588418533 0.979716163944888 0.851047103071082 0.980246589448583 1.30889562399178 0 0.652734798663764 0.508877557359861 1.19605603265929 0.94490416678714 0.978654187029698 0.940835321768603 0.962486347324396 1.19851222418261 1.02326248280971 1.05930824057749 1.05495336296625 0.892796634044489 1.0359419312704 0.832500648369734 0.806812391296005 0.99519381017681 0.92908423861644 0.914621824201187 1.15183963779395 0.978757882097616 0.964068717085727 0.884635635804208 0.984978073816702 1.00903921924254 1.04590275861419 1.13911124923481 0.939484745892303 1.14438956778011 1.15671594285354 1.01028040766827 0.996177773194849 1.01409734937632 1.05582537203472 0.978522534849151 1.06097434565598 1.13213738120575 1.23897271724955 1.12912130135195 0.909530771994067 0.836857079294062 1.14943578239788 0.782148448329541 0.878789231927682 1.05709396272161 1.15103411545739 1.12635922810598 1.09883062952175 1.14070670588203 1.12697749203281 1.14506714774138 1.04847055466223 1.05464644782177 0.802724093757264 1.06085011050831 0.953754024584128 1.16322119632185 0.915149395974217 1.23030567645319 0.89338037571944 0.978817246820915 0.967263788457045 1.05599539403337 1.22792767755873 1.09991214310443 1.07193985230118 0.780215354811045 0.898479738871276 0.935495363167389 0.906512656778971 1.11334642057894 1.14711066332015 1.19323371589711 0.89730905177493 1.10952304853088 1.19529441905311 1.07387986874125 0.899152267525536 1.04593397477318 0.876213438468056 1.00131276173004 1.36892269855784 1.17617992722252 0.796220079427921
"BrandaoRaul_POR0051RauBraHumus_1" 1.05389808485139 0.883390637082369 1.09611134043127 0.67968593707169 1.00986430535804 0.947384234868589 1.1893785975545 1.28920893472703 1.29128158288924 0.882674383162734 1.22717301641841 1.15231818328756 1.03857940549186 0.868371259940588 0.95326233630443 1.21813602260513 0.652734798663764 0 0.439683822896286 1.26555701034153 0.885030537328388 1.13652809264801 1.00303727188865 1.04551664791211 1.12525745327537 1.04381011521165 0.860763230968497 1.15163690685736 1.02793921141371 1.02367022459468 0.861749834089647 0.801008651364834 0.941972539702679 0.828541411687172 0.987396756081376 1.28399486161177 1.02787852030469 0.907458745930817 1.00132076107935 1.16300545152192 1.07324330197165 1.08683988632472 1.10250363188931 1.00440358555792 0.892029564074234 0.868168324275642 1.14839002721745 1.07103087497618 0.981288641362654 0.940381206325597 0.882676087850854 1.02459900122765 1.01402399715677 0.898583174148473 1.06626829499192 0.803774327506316 0.787545754623618 1.29072806609309 1.09390779106961 1.00021337206485 1.08686681194799 1.0245612858111 0.941059179261125 1.0567373650387 0.830245092422328 1.31400524705504 1.15629010731293 1.04260765517007 1.03280037574426 0.954099987507171 0.97825369005821 1.06762559639224 1.10582315354992 0.870995459393571 1.16651296004752 1.02867403386697 0.953146774812353 1.10236352925855 1.19496486422329 1.2686988120878 1.01396326283346 1.00959878062331 1.04904481846634 0.934684104201615 0.841982407725833 0.746506580432957 0.961748332489514 1.02846756422465 1.12407209469501 0.818695403510899 1.04551050829205 1.14592247662313 0.990532856300626 0.996430505381561 0.988017522060005 1.05999811982367 1.09163179173023 1.20705280891963 1.17084652949417 0.955941492161933
"BrandaoRaul_POR0052RauBraFarsa_1" 1.00309823845321 0.843564354908423 1.099840086376 0.640608973299455 0.999514345322901 1.01172702932533 1.1610492233543 1.31523264444109 1.32407798782937 0.948235280261748 1.31885608351737 1.22732667784205 0.955491581897719 0.767542292460589 0.870136497300242 1.25920308214226 0.508877557359861 0.439683822896286 0 1.27611882443909 0.930133330345191 1.01962229618501 0.926272590938625 1.01138685726811 1.19120204834358 0.987204422129802 0.9296262581923 1.15063694623065 0.988254156023872 0.992667325627985 0.934899683803787 0.677423939132474 0.974138364383619 0.872084329979794 1.00167844396189 1.28604190152967 1.09429208400332 0.903112051637269 0.978600033857591 1.09357594390108 1.05960866072739 1.06207630699519 1.12300798993124 0.949541606167854 0.916771260812124 1.00088805401525 1.13826371410384 1.0384396334447 0.983884668311161 0.957165947347439 0.827681960667131 1.02109386251442 1.02187078623174 1.02394366465104 1.15197666813515 0.870209639053613 0.789823646965726 1.29649490966479 0.956098811654431 0.953045618236225 1.01569713767425 1.10015854272869 0.996960764700874 1.15869359644888 0.858095939855436 1.33312238004114 1.20109074856097 1.14112567161192 1.05665038133339 0.899472992080328 0.939492569360404 1.01990074482619 1.1392254468685 0.863755518887269 1.18874503334081 0.987373085767558 0.967188200353189 1.06200828988192 1.2246742570441 1.27331991601835 1.04731149564558 1.03245980826145 0.874357818187033 0.998091217848193 0.780299430782267 0.739118642149312 0.970842601924019 1.10905792968211 1.22344787665714 0.822615225116487 1.11402442666814 1.22744237451172 1.00516382683942 0.974294255251362 1.03171368705929 1.01806532128606 1.07742840426987 1.314732363027 1.17953639280084 0.789611596552589
"BrandaoZeferinoNorbertoGoncalves_POR0031ZNGBCovilha_1" 1.14995558540448 1.03851262151028 1.00639543291501 1.10496887879484 1.07777120414481 0.96490841568972 0.760509942205964 0.754511818293385 0.75319074353753 0.971080028735451 0.59306253277765 0.875044384851827 0.974096575582057 1.0526678942887 1.04777321663551 0.642337827306887 1.19605603265929 1.26555701034153 1.27611882443909 0 1.18829394901333 1.04423100076578 1.0668061195463 0.918560405179194 0.880673656479397 1.05433273193363 1.24638652393887 1.02980986418301 1.16417975175394 1.14937329081701 0.838371270865893 1.22344560674291 1.13987088707358 1.15121619268395 1.13073947322437 0.759312400973233 0.790320286032244 1.0603820540789 1.04439202274122 0.981668312934457 1.10669323399205 0.942693142583659 0.803822003416357 1.05480843865819 1.04128994561958 0.819289408960268 0.948501625916606 0.918417704789572 1.10379521037562 1.06371555198496 1.13494768110677 0.911297159791654 0.917743507835818 0.926634275046767 0.885001574097617 1.12670214351952 1.124671157157 0.707201944337391 1.1212252311677 1.14903918261442 1.08532307009154 0.866682887959972 0.994528925206277 1.05772457581749 1.07810205126569 0.707626016450174 1.0739900676961 1.02302933612566 0.907042783784958 1.04164956226793 1.12175336934317 1.21309982029294 0.906448845263447 1.07915628271702 0.884945369221279 1.23883155180948 1.04185552759364 0.907848097548257 0.930469078477082 0.736913253964868 0.876712236646745 1.07880729118863 1.09747061373213 1.13597620475678 1.07387523671075 1.22063494861889 1.23006719348857 1.15814883187561 0.915914856279135 1.19915355134743 1.01029148759196 0.814572285927836 0.807485606149335 1.12799301221739 1.16088854565287 0.967054395612154 1.0342972162718 0.824135080103579 0.944657413227105 1.17967336389979
