"AlbergariaAntoniodaCostaCoutoSade_POR0033ACCSAAnselmo_1" "AlbuquerqueAntoniode_POR0018AntAlbBacalhoa_1" "AlmeidaCarlosPintode_POR0050CarPAlmLisboa_1" "AlmeidaFialhode_POR0060FiaAlmRuiva_1" "AlmeidaGarrettJoaoBaptistadaSilvaLeitaode_POR0004AlmGarViagens_1" "AmorimFranciscoGomesde_POR0046FraGAmoSelvagens_1" "BarataAntonioFrancisco_POR0049AntFBarCartuxo_1" "BarataAntonioFrancisco_POR0059AntFBarDuelo_1" "BarataAntonioFrancisco_POR0064AntFBarManuelinho_1" "BastosJoseJoaquimRodriguesde_POR0077JosJRBasDeserto_1" "BenevidesFranciscodaFonseca_POR0076FraFBenFranceses_1" "BettencourtMatildeIsabeldeSantanaeVasconcelosMoniz_POR0070MatBetAljubarrota_1" "BotelhoAbel_POR0020AbeBotCrioulo_1" "BotelhoAbel_POR0053AbeBotLavos_1" "BotelhoAbel_POR0054AbeBotAmanha_1" "BragaTeofilo_POR0042TeoBraViriato_1" "BrandaoRaul_POR0013RauBraPobres_1" "BrandaoRaul_POR0051RauBraHumus_1" "BrandaoRaul_POR0052RauBraFarsa_1" "BrandaoZeferinoNorbertoGoncalves_POR0031ZNGBCovilha_1" "BulhaoPatoRaimundoAntoniode_POR0048BulPatPalida_1" "CamaraJoaoMariaEvangelistaGoncalvesZarcoda_POR0080JoaCamCastelMelhor_1" "CamposAlfredoLuisde_POR0024AlfCamCabinda_1" "CamposClaudiade_POR0068ClaCamEle_1" "CamposJuniorAntonio_POR0037AntCamJNamorados_1" "CarvalhalAlvarodo_POR0089AlvCarCanibais_1" "CarvalhoMariaAmaliaVazde_POR0044MAVCAlice_1" "CasteloBrancoCamilo_POR0010CamCBPerdicao_1" "CasteloBrancoCamilo_POR0011CamCBMulheres_1" "CasteloBrancoCamilo_POR0012CamCBMisterios_1" "CastilhoAntonioFelicianode_POR0030FelCasChave_1" "CastroeAlmeidaVirginiade_POR0066VirCAInnocente_1" "CastroOsorioAnade_POR0002AnaCOSacrificada_1" "CastroOsorioAnade_POR0062AnaCODiario_1" "CastroOsorioAnade_POR0099AnaCOAmbicoes_1" "CordeiroLuciano_POR0100LucCorDuquesa_1" "CoutinhoManueldaCruzPereira_POR0096ManCPCouElvenda_1" "DiasCarlosMalheiro_POR0074CarMDiaErvas_1" "DinisJulio_POR0001JulDinMorgadinha_1" "DinisJulio_POR0007JulDinInglesa_1" "DinisJulio_POR0015JulDinFidalgos_1" "EcadeQueirosJoseMariade_POR0005EcaQueMaias_1" "EcadeQueirosJoseMariade_POR0008EcaQueRamires_1" "EcadeQueirosJoseMariade_POR0009EcaQueAmaro_1" "FicalhoFranciscoManueldeMeloBreynerCondede_POR0021ConFicEleicao_1" "FigueiredoCandidode_POR0090CanFigTres_1" "FigueiredoMauriciaCde_POR0035MauFigExilado_1" "FonsecaFaustinoda_POR0014FauFonMindelo_1" "GamaArnaldo_POR0091ArnGamDinheiro_1" "GomesFranciscoLuis_POR0084FraLGomBramanes_1" "GraveJoaoJose_POR0041JoJoGraMorte_1" "HerculanoAlexandre_POR0003AleHerCister_1" "HerculanoAlexandre_POR0023AleHerEurico_1" "HerculanoAlexandre_POR0038AleHerBobo_1" "LealJosedaSilvaMendes_POR0047JosSMLeaEstouro_1" "LimaJaimedeMagalhaes_POR0032JayMLimTransviado_1" "LimaSebastiaodeMagalhaes_POR0028SMagLimViscondessa_1" "LobodeAvilaArtur_POR0072LobAviCaramurus_1" "LoboFranciscoBarros_POR0097FraBLobGil_1" "LoureiroAugusto_POR0098AugLouBruxa_1" "LoureiroUrbano_POR0092UrbLouQuintino_1" "LousadaAntonioJoseCoelho_POR0040AJCLTripeiros_1" "MacedoDiogode_POR0029DiodMacCristao_1" "MachadoJulioCesar_POR0082JulCMacLisboa_1" "MagalhaesLuisde_POR0043LuiMagSoares_1" "MascarenhasMiguelJT_POR0027MJTMMariaDaFonte_1" "MeloTomasde_POR0034TomMelLuiz_1" "MendoncaAntonioPedroLopesde_POR0057APLopMenDoido_1" "MesquitaAlfredode_POR0095AlfMesRua_1" "MesquitaMarcelino_POR0087MarMesImpostores_1" "ModernoAlice_POR0056AliModSandoval_1" "MoreiraJoaoBaptistadeMatos_POR0073MatMorTempestades_1" "NoronhaEduardode_POR0078EduNorAgonizar_1" "OliveiraMartinsJoaquimPedrode_POR0067OliMarFebo_1" "OliveiraMascarenhasJoaquimAugustode_POR0071OliMasArrabido_1" "ONeilMaria_POR0065MarONeiMarquesa_1" "PestanaAlice_POR0083AliPesPrejuizo_1" "PimentelAlberto_POR0022AlbPimCintra_1" "PimentelAlberto_POR0055AlbPimAnel_1" "PimentelAlberto_POR0058AlbPimGuerrilha_1" "PinheiroBernardinoPereira_POR0094BerPPinArzilla_1" "PinheiroChagasManuelJoaquim_POR0017MJPChaMeianoite_1" "PinhoMariaBenedictaMousinhodeAlbuquerque_POR0086MBenPinMarina_1" "PintoFortunatoCorreia_POR0075ForCPinAgitador_1" "PintoJulioLourenco_POR0079JulLPinMargarida_1" "RamalhoOrtigaoJoseDuarte_POR0063RamOrtMisterio_1" "RodriguesManuelMaria_POR0025ManMRodRosa_1" "SaAnaMariaRibeirode_POR0093AnMRSaMathilde_1" "SaAntonioManueldaCunhae_POR0081AMCunSaParte_1" "SaCarneiroMariode_POR0019MarSCLucio_1" "SarmentoAugusto_POR0085AugSarProvidencia_1" "SarmentoInacioPizarrodeMorais_POR0039InaPizEngeitado_1" "SilvaLuisAugustoRebeloda_POR0016LARSilFantasmas_1" "SousaMariaPeregrinade_POR0069MPerSouHenriqueta_1" "SouzaLopode_POR0061LopSouLagrimas_1" "TeixeiradeQueirosFrancisco_POR0026TeiQueSalustio_1" "VarelaAJPereira_POR0088PerVarMiseraveis_1" "VasconcelosAntonioAugustoTeixeirade_POR0045AntATVasCastromino_1" "VasconcelosMariadoMontedeSantanae_POR0006MMSAVLourenco_1" "VieiraJoseAugusto_POR0036JosAVieDivorciada_1"
"AlbergariaAntoniodaCostaCoutoSade_POR0033ACCSAAnselmo_1" 0 1.05114694058558 1.02059680349401 1.09879330998917 1.04248889207795 1.06289567474033 1.0137718796651 1.0465130118229 1.01808040875218 0.987965773493831 1.08929085334506 1.02666512627585 1.1146337579304 1.09206931363782 1.0576055257637 1.04543087909495 0.923569429127665 0.951728376597219 1.04219142804419 1.06542908164045 0.963604381804455 1.05106808225301 0.935056207599141 1.01386185226676 1.03716078130947 1.03121564187666 1.00379552677683 0.949000563024156 0.916334234937778 0.93986457382294 1.06516302411803 1.08537231532308 1.04503864165946 0.916666409312826 0.937049091007004 1.06459391330724 0.978937884248024 1.05218467548877 0.96299526277039 0.993144803362857 0.892475385137211 1.07578115955996 1.06084842399247 1.00423129376014 1.09341745774917 1.07353759892587 0.975059778836999 0.991838500618668 0.98870923885294 1.02049694304557 1.00051566531058 1.03707982668674 1.08689442030413 1.02378502589922 1.07108986475216 1.04053274472171 0.980563044447455 1.02870720738056 0.997077582297674 0.997408421435243 0.977817352637724 1.04406383685494 1.07415965853445 0.972561578174253 1.06676827247508 0.977270919799463 0.994572754406486 0.985983852497885 1.01286062464625 1.03685244241748 0.909162952032382 0.972637921497276 1.07069229447143 1.06036040383832 1.10078207713814 0.938484174400284 1.05789060136893 0.982300023918229 0.946624735324943 1.02835010573456 1.03840172984965 1.00418767978344 1.01734108453063 0.95599704227681 1.03860988020233 1.01066530112386 0.964545495594329 0.970648555551262 1.0101690782863 0.984408626024767 1.00842777412008 1.04703870891799 1.05646548255675 1.02421717669635 0.923440654907855 1.05354502195206 0.989110600002507 1.02713771874221 1.03915602642588 1.05889720662012
"AlbuquerqueAntoniode_POR0018AntAlbBacalhoa_1" 1.05114694058558 0 0.985368135691622 0.962960387245199 1.02924283524562 1.01063297574022 0.973230757425708 1.01187986799332 1.00778227581319 1.03965175237674 1.00260728978723 1.03506888314907 0.911536423730964 0.934073715710724 0.899222450882552 0.967591537521065 0.954593792870692 1.05854363258271 0.989930306578457 0.972921752342114 0.979220550310282 1.00115329520432 1.03638497025832 0.993418219771533 0.976425349668782 1.04669703130598 1.072079366788 1.07154754268368 1.03815938725113 1.06290322982354 0.994725155704429 0.9878898644681 1.00493522686936 1.03657818298039 1.04761743390373 1.02327849658442 1.00201602902128 0.972061081762338 1.02487300575983 0.989952602131102 1.05389051674667 0.985945150615315 0.935712218394994 0.974549075895857 0.964683526429369 1.01831364152676 1.01619296798858 0.97266672744903 1.00699850773612 1.02991395881926 0.984781751230272 1.01274237383553 0.987504116043418 0.97437352944434 0.977001492481533 1.00925571690177 0.91713802849011 0.976671344931017 1.01786147248454 1.03028004497739 1.01772344628887 1.02848097759562 0.981319916630105 1.03708680384167 0.981264958485671 1.01453252267344 1.06403955929096 1.04447346650052 1.01751166010757 1.01392351233922 1.07856524068191 1.01969972192647 0.957116411638112 1.02405424095948 0.979739628478569 1.04036261218685 1.02127893219158 1.04403988952267 1.00324725191971 1.04673400105533 0.957099504986813 1.01456988455611 0.9599638144203 1.03127343251882 0.908609236599067 1.06192596144138 1.02923218047869 1.04941196966383 0.994321889900628 1.03654518313731 1.04236719920609 0.989327949493286 0.988196836772913 1.00930188160353 1.01749450573786 0.985258197728278 1.03781772253575 1.05920192424365 0.964854875199354 0.926370149769781
"AlmeidaCarlosPintode_POR0050CarPAlmLisboa_1" 1.02059680349401 0.985368135691622 0 1.02254392134639 1.01350667460369 1.04006018215237 0.915788222184386 0.957886868990299 0.942912007226694 0.981575736536792 0.954377277764173 0.949933248665874 0.972806959069449 0.972473165007298 1.03254993664553 0.955263691496422 0.982459631573701 1.00574661404249 1.01206995903977 1.01388488303031 1.06449131946051 0.985857227695885 1.06007414699814 1.0075550713834 1.00611192345111 0.973172736103357 1.03954412216942 1.00557979512496 1.00044492566226 1.04244768888153 0.991816923462519 1.03369971632862 1.04168209101205 1.03414727550743 1.01573591857505 0.964421468127262 1.01689828976204 1.02574189652667 0.993767699025318 0.984768555341569 1.03263905750134 0.99231618847593 0.962130232738052 1.01958890353396 1.00431169270483 0.943083777209192 0.990755717399534 1.00685387821844 1.01722494072856 0.993177891444239 1.04062378290477 1.07132090815745 1.04220498828435 1.01566512000223 0.996198206326717 1.06176144455709 0.979788644402283 1.00959431143362 1.01914153643583 1.03189411323663 1.03333619157666 1.01495278841639 0.959819206926908 0.99149551204994 1.0181785500067 0.996965257429688 1.06950672121864 1.027137576969 1.0064049386493 1.01139442679543 1.02882372415092 0.97094800147662 0.976232326475538 0.98094064880581 0.960960665625809 0.999225181190908 1.04359799961091 1.04234487038141 0.989873426017156 0.984745700226266 0.96363426627267 1.03240855739056 0.948365721662598 1.02930527762602 1.04294191392161 1.00939509793186 1.0199548691457 1.08393518833099 0.994670156118211 1.00017748050032 1.00669109569993 0.97557810015955 1.00057803789306 0.945878692771259 1.04841665961196 1.02410384729165 1.06511036805398 0.993779764263603 1.02112069485518 1.01976150107554
"AlmeidaFialhode_POR0060FiaAlmRuiva_1" 1.09879330998917 0.962960387245199 1.02254392134639 0 1.01339902842341 0.970326567947255 1.05185919511442 1.03823293250942 1.05801658642522 1.03781650169075 0.947189940592012 1.0668484639111 0.903801682493571 0.924237513199833 0.94104819681518 0.947454671915035 0.957957623248066 1.03114463438623 0.96247498043513 1.04152550491493 1.04065797282487 1.03486535246249 1.03093484228564 1.02398990627271 0.952780550630564 1.0261752673273 1.04818606880702 1.05819964232054 1.07545705597738 1.06352389169298 0.976080255858322 0.959315910109982 0.954132296894616 1.01009874276997 1.09326862272061 0.980084383470757 1.01435197788384 0.919382628948989 1.06469571212527 1.04574642774483 1.08564148662178 0.913132485620487 0.901384199709176 0.945886637602105 0.864670119662931 0.996168974034222 0.984501800517077 0.959504746011043 1.07792563847224 0.986558600460586 0.931551512390265 1.00725969319456 0.959705930755612 0.959472480168142 0.980810323841769 0.972841513211477 1.04646801898162 1.0175899261878 1.02467555772753 1.00335728556798 1.01334006632854 0.962826491176911 0.990001163594143 1.05478010341916 0.905292229285813 1.05984574632365 1.07088397366559 0.984295345984363 0.99572043620432 1.02322035210044 1.06814108319053 1.08476609974069 0.964938898162951 0.982224271748868 1.04148888459091 1.02287989323312 0.955445497782166 0.998746540653784 1.01805750083149 1.05193723587097 1.02254745213396 1.01848929153279 1.00317061036662 1.08931646235887 0.885772764244838 0.940546057384006 1.0367620549856 1.01937503730009 1.0493270383888 1.00134336698651 1.04236176354141 1.00894884126858 0.984466825361021 1.01730989590777 1.08499708907679 0.970552162798617 1.09808819761263 1.03632522691918 0.994722856423088 0.94346875611457
"AlmeidaGarrettJoaoBaptistadaSilvaLeitaode_POR0004AlmGarViagens_1" 1.04248889207795 1.02924283524562 1.01350667460369 1.01339902842341 0 0.999317707305834 1.0203258045348 1.0484828695047 0.98773816487019 0.903059755316411 1.01620502600518 1.01679140091297 1.0373810506023 0.989783063903957 0.9935894242347 0.995919955694191 0.977299673036173 0.944850459893133 1.0093107998272 1.02816663747886 1.03542082881331 1.07548758288815 1.04383211315537 1.05326224529082 1.0174205909921 0.95939441155934 0.962159182342131 0.943209828281607 0.988098518989007 1.01650344563431 0.978151102963471 1.05119171598943 1.00153623274629 1.00160373244093 0.964275827089499 0.963979303022331 1.01666532178274 1.05535508414942 0.95259146127405 1.0057767183799 0.959775694201757 0.999303144811378 0.983362543143274 1.0069104245199 1.02761881699477 1.00961582870804 1.02849500839692 1.03672390049979 1.05036333502641 1.01942901607282 1.02568086882202 1.02683150129412 1.01796741650837 1.011747717314 0.981448160755674 1.00314089885677 0.938205500490156 1.03925027865247 0.982892858242637 0.992468401316695 1.0332424887101 1.01881311086092 0.982300097615609 0.989498986404825 1.02329845822142 1.0123782531882 1.04525053280089 0.971005432847646 1.02121704257266 0.99327582446863 1.11973054628424 1.02196444791917 1.03119751645266 1.01250198258262 1.04425857800323 1.00171935875611 1.02783149457038 0.9963808120911 0.97364406389038 1.01576791436405 1.02630923904984 1.00476581074966 1.02037032910498 1.00608217085032 1.03023088982452 0.990340562695941 1.03118358178579 1.0169618407054 1.05489990201871 1.01807863511112 1.00944946635649 0.994460756352789 1.04369265105775 0.93545418839376 0.989618407111599 1.02891103287792 1.00547330773235 1.00917394940484 0.98509073501322 1.01225905569628
"AmorimFranciscoGomesde_POR0046FraGAmoSelvagens_1" 1.06289567474033 1.01063297574022 1.04006018215237 0.970326567947255 0.999317707305834 0 1.00675683317937 1.06274298681047 1.00217147699638 1.00338131559798 0.988446734413467 1.00430648881717 1.01704037931069 0.993475361715645 1.02932028927281 0.971134554685384 1.05491125594919 1.04103879621407 0.96334702077056 1.01547467654043 1.00942888678298 1.04740321678511 1.05390036193887 0.98937602864271 0.990091871835137 0.97194297140511 0.985064371153004 0.998011215441252 1.02906181752959 1.06403109020743 1.01334799931471 0.98669628410457 1.0497588696286 1.00449490216764 1.04374536896081 0.990659165609763 0.979609165467718 1.0233744887805 1.05989426417209 1.03565214574897 1.05580674830108 1.04687578624546 1.02885673758465 1.01301355726506 1.02226954633424 0.966069591463089 0.991572379325004 1.04663100158634 1.01732650496028 1.04697256649045 1.00986601997867 1.0229892050882 0.956109308801057 0.971771821292972 0.962311795607018 0.984285817527939 1.0147892175419 0.978109132547887 1.03101157614231 1.04301539000289 1.01559392083261 0.944754482191989 0.936669419633543 0.994561026292638 1.01523994045037 0.991926468237918 1.01102911851484 1.04879584150027 0.980759041762894 0.977062248042631 1.02710353557664 1.03881494775551 0.994004498677348 1.02398624333201 0.966943920698949 1.02488995512102 1.01714642840053 0.996348296009378 0.99685155038924 1.00435145375964 1.03313428164019 0.982812556732234 1.04541692172901 1.01458996355569 1.00448346844316 0.984721016851428 0.966100092393711 1.00341026944684 0.99722254031313 0.983185647704987 1.00385192246616 1.00338766482936 1.03461265799838 0.961709002660402 1.00854916808969 0.976372633666105 1.01729039525244 0.999708082581058 0.984012968322907 1.03946931664111
"BarataAntonioFrancisco_POR0049AntFBarCartuxo_1" 1.0137718796651 0.973230757425708 0.915788222184386 1.05185919511442 1.0203258045348 1.00675683317937 0 0.86349608815118 0.884916717644854 1.030650120323 0.929119385739373 0.981068420629386 0.969910695696918 0.949433559685254 0.996153465502067 1.00199574429981 0.986196160399658 1.06809810570948 1.04478664630767 0.992277365201711 1.02531511841554 0.990981640765063 1.06937306995779 0.988843110817795 1.02130166824194 0.949200758432489 1.05039033976927 0.9853198146117 0.967240970941881 1.0128326907743 1.02180219625043 0.983616887970616 1.06330582788624 1.04859404603005 1.02758238873273 0.935393212298442 0.938367153712185 1.04187797304006 1.00735126327203 1.00231111039189 1.02790314640439 1.02510282203318 0.955535833462773 1.01398428077873 0.991480946227295 0.990577221909872 1.03504178436661 0.978068387708247 0.977888414109026 1.06416185585555 1.05255767541865 1.00404346575281 1.03204142860493 1.03694285170057 0.977210497163345 1.01406950060146 0.970459274717468 1.04873425182682 1.02113884932968 0.980965252896962 0.995896930773827 1.0334227033697 0.979821668570727 0.96439268482365 1.04464078506909 1.00565513991112 1.08021863805825 1.05877332138234 1.01514184970871 1.02675630760159 1.07936585793281 1.04652957549916 1.00185388292798 0.938475171429004 0.929650685678035 1.00017116985583 1.00242898893953 1.00408713746264 0.979201294415261 0.966103760357541 0.97771017004736 1.04132806466212 1.0077253122438 0.984884228506021 1.05470803318703 1.0595100098025 1.03335532199562 1.0477891906962 1.0028555650545 1.03008893222702 1.01530486640411 0.985896659606373 1.01956086473256 1.01184729976915 1.03137783616559 1.01850137859125 1.00366510085809 0.985397091414184 1.03945704526348 1.02532639332148
"BarataAntonioFrancisco_POR0059AntFBarDuelo_1" 1.0465130118229 1.01187986799332 0.957886868990299 1.03823293250942 1.0484828695047 1.06274298681047 0.86349608815118 0 0.894887193259473 1.07237073133567 0.925253040198819 0.985903846300623 1.00633356432186 0.981328322328117 1.05287048005173 1.00531915694121 1.0418839893795 1.07236765612029 1.06412835712313 0.957596256232693 1.07373037850864 0.805661453451253 1.06762217230141 1.02829753728573 0.990023825112088 1.03757204938713 1.00141587249774 1.00150259159409 1.01794847194138 0.95764101042404 1.02436151708389 0.994760237228767 1.08635561465576 1.0566179430397 1.09231774630897 0.905929752812668 1.01947323928448 1.01840665398967 1.02886461006118 1.0301176737576 1.0296996594921 1.01030278479314 0.965020517491506 1.03434922827129 1.003036991247 1.02176679369816 1.02858977190133 0.988435846364166 0.982607327092 1.02284735838405 1.05851828771722 0.940054909249544 0.966050375583346 0.962241960935958 0.977195302571892 1.07491270646301 0.999861493758556 0.981317606334485 1.02023964541265 0.991515679785875 1.02629566584623 1.01700096681819 1.03064104184301 0.995589520098589 1.05122576108857 1.03036964446399 0.988375415048445 1.04248438400374 0.998581386230894 0.950248634968279 0.994006045801765 0.976382913585165 1.04225843513826 0.978731472911355 0.972142495656138 1.04330441446279 1.01856659431056 0.984834469035775 1.02355800851914 0.953048505045237 0.99397241640255 1.06122261438627 0.928574967113896 1.06746538050045 1.08569917259543 0.995925479378768 1.07728554520244 0.971494245205662 0.978337568195399 1.05446932530642 0.997496438104029 0.987020945607959 1.03120415099876 0.971281692629141 1.05142185082677 1.02012766599953 0.985382824263441 1.02298940874376 1.02035114275326 1.03936036989358
"BarataAntonioFrancisco_POR0064AntFBarManuelinho_1" 1.01808040875218 1.00778227581319 0.942912007226694 1.05801658642522 0.98773816487019 1.00217147699638 0.884916717644854 0.894887193259473 0 0.965147300996147 0.95511320580418 0.957545789149217 0.989115927066948 1.02852300866788 1.04138389343311 1.01868033285881 1.00033605678184 1.04091204923809 1.05572090520582 0.960456489747876 1.06202868125415 0.925733647644086 1.05313573321546 0.989873912624919 0.987482176458562 0.980610424945529 1.01451511202131 0.997631402530814 0.984690077477115 1.02766121916779 1.01838539426556 1.05290262343056 1.06070286721624 1.03051719410771 1.03684643922912 0.913719120706471 0.995303081890535 1.03001592067813 0.962908739936589 0.97952867494898 0.988658985647932 1.01145067699809 0.954546601022742 1.0546058097223 0.983862504024974 0.993922513513463 1.00318932711134 0.998012895754677 0.983559048190025 1.00781300218851 1.05134586679341 0.983053985553177 1.02708255563303 1.03111797831933 1.00199653068748 1.03333537890465 1.00834975155615 1.01295270203941 1.0269480336095 1.03937458422701 1.00620501309221 1.00740256494723 0.977030961983189 1.01627857490768 1.03202415955377 1.02507261404341 1.00833334980691 1.05700934812321 0.997212396472978 1.00864635055387 1.04490897213782 0.971963239168418 1.03475608233 0.997697429765241 0.948640932881847 1.05915626628782 1.00942081970749 1.01702572568606 0.972563760136659 0.979003556603088 0.918167437420617 1.03967477200891 1.02322884624662 1.05583571541314 1.07272758858085 1.03260621845588 1.05349469995992 1.05867659040747 0.99845434219326 1.05788829986414 0.98447161207531 1.00343399630119 0.973099548918153 0.983233942511359 1.01320255555096 1.01585968945624 1.02230859355927 1.00251511645647 1.04604579734879 1.0408078307314
"BastosJoseJoaquimRodriguesde_POR0077JosJRBasDeserto_1" 0.987965773493831 1.03965175237674 0.981575736536792 1.03781650169075 0.903059755316411 1.00338131559798 1.030650120323 1.07237073133567 0.965147300996147 0 0.996125756053333 1.0181632479749 1.07649498064669 1.0863320851855 1.08750253320061 1.04820495038386 0.973385513284277 0.957688293872743 1.00359833508857 1.01523759812988 0.966158065192194 1.0669902574378 1.03384428336567 1.02301509502536 1.00280682829734 0.972877073604621 1.00428321241289 0.937803215242152 0.971746870735292 0.977669693443577 0.978044138530131 1.09065259606605 0.978100027028902 0.973032702777744 0.968274297665128 0.980407992948683 0.955106329265196 1.02760118769139 0.996744212751642 1.00388279098883 0.983400130175056 1.09008450979566 1.04066020384165 1.0418125564985 1.03891209746677 0.988346468260018 0.991119787343333 1.05100306681403 0.985607119425885 1.02981248780195 1.00663714936578 1.04581808702625 1.0778123682629 1.0786172758465 1.03860511821367 0.990571982377825 1.05414107730408 1.02836651050296 1.01236072016963 1.01423111955741 1.03179931901798 1.04625316588239 1.02061858290359 0.967589472959912 1.03388762412706 1.01085707841382 1.00932170331504 0.990195279659393 0.956149296099555 1.03295292031557 1.03015240565564 0.999092138653669 1.0158651319128 1.03045326672449 1.02075661358031 0.996880446263891 0.958217586325316 1.00282484302754 0.994322275990089 1.01701593072754 1.04566280252123 1.04081559397995 1.01693311871661 0.965276403870214 1.03907497817788 1.02400420364497 1.03089034481056 1.01324855892376 1.04428466889296 0.927034710121021 0.991097356174199 0.966494725370661 1.03730381212951 0.944827843438792 0.993720472540083 1.02849005801413 1.0195719985692 1.01288507862816 0.992994210105839 1.0275425966846
"BenevidesFranciscodaFonseca_POR0076FraFBenFranceses_1" 1.08929085334506 1.00260728978723 0.954377277764173 0.947189940592012 1.01620502600518 0.988446734413467 0.929119385739373 0.925253040198819 0.95511320580418 0.996125756053333 0 0.944170684963693 0.95386529133495 1.00182407112456 1.02672419198379 0.948857667481534 1.06631817480312 1.0656245029524 1.05159614007694 0.891062724332829 1.08729055018591 0.96925398634466 1.04810362964109 0.998710366992948 0.992765628191116 1.06277832213409 1.05727109325067 1.04847670741593 1.07814481677691 1.06714443189274 0.971441626921146 1.02354552150978 1.05631378315746 1.0357065617597 1.06179875111558 0.887412374964574 0.952994529390923 1.03622553880697 1.03190594176996 1.03229708355616 1.07792365098223 1.02621976424303 0.968155062268745 1.03411494939999 1.00645149009608 0.917746840651559 0.986814927960046 1.06056941797886 1.0507769661018 1.01274113049313 1.03364644166015 0.962562219760906 0.894430693875531 0.93593336932682 0.970368897261775 1.00177061866953 1.02570498492728 0.972300777614254 1.0450863313135 1.03889708539463 1.0222148258754 0.953562863643238 0.999698828029522 1.04640254319763 0.997208220252766 1.01569981846419 1.00953807057702 1.04122644428657 0.999086771982123 0.929582995203425 1.0449335280486 1.03765021294476 0.956834764113872 0.93855661567849 0.931572992571744 1.0600719217444 0.978269774559725 1.01361392638379 1.00486314611713 0.985163117654797 0.992103059372252 1.00109749243024 1.05100204444371 1.02118721650816 1.03377613512898 1.03898204267038 1.04081122135952 1.04006264804203 1.01425755301911 1.01482136063288 1.01689293351707 0.977056482487213 0.964147389520346 1.05773920949631 1.06549203754325 0.995976990375615 1.01059064646846 1.00182484073255 1.04591711402721 1.01908413199246
"BettencourtMatildeIsabeldeSantanaeVasconcelosMoniz_POR0070MatBetAljubarrota_1" 1.02666512627585 1.03506888314907 0.949933248665874 1.0668484639111 1.01679140091297 1.00430648881717 0.981068420629386 0.985903846300623 0.957545789149217 1.0181632479749 0.944170684963693 0 1.05457197916729 1.02713961004743 1.06858168660814 1.0046475425087 1.08464852500003 1.0611411577231 1.04670980977081 0.941144163485649 0.995632158199578 0.999647057534936 1.04047902424174 1.02473675419948 1.04377927732726 1.00666244695664 0.98514121870379 0.980368228000984 0.993943604246904 1.04213665910734 1.02772002166405 1.00333465810596 1.01754351634822 1.0732953301008 1.05094072997499 0.930115404905613 1.0073098568376 0.991353500493028 1.03754452552398 1.05625312716653 1.05455989522756 0.987368728574489 1.01408193807513 1.04351707389686 1.03758472964525 1.03778026698616 1.00396648533973 1.07888832218211 1.02111967153365 0.959790054637304 1.05491229655266 0.978064310317155 0.980947024971237 1.0079869852479 1.00506154548128 1.00023251844231 0.972812327381386 0.985788735687455 1.02605208603799 1.05208902682818 1.04794884913717 1.02817096939742 1.0540471758644 0.992555487536684 1.02956777786871 0.986373398723136 1.00109027340372 1.0342205726084 1.01215344424682 0.975818113800788 0.962129900487236 0.965928819808109 0.961905375790037 1.02862122870729 0.968915471604172 1.03291684981646 0.998303187813339 1.04861589148051 1.05557030157959 1.01017398236468 0.972875528293916 1.01769351910504 1.02210292037105 1.01715956518215 1.06948132632701 0.988958951060053 1.03447493921221 1.00663578803222 1.04102657680668 1.02158410140868 0.960574367544307 0.97666230872066 1.01928803797991 0.887074664919998 0.976584015542417 0.97140877344718 0.965212984296232 0.984324985785464 0.924541871005478 1.03522700255919
"BotelhoAbel_POR0020AbeBotCrioulo_1" 1.1146337579304 0.911536423730964 0.972806959069449 0.903801682493571 1.0373810506023 1.01704037931069 0.969910695696918 1.00633356432186 0.989115927066948 1.07649498064669 0.95386529133495 1.05457197916729 0 0.861116051246742 0.793047046222153 0.949477084440105 1.00376049022064 0.99291947224216 0.983418523770208 0.963503052679709 1.05907942299097 0.999653105583622 1.07039778815409 0.935651851233393 0.960384779060702 1.0235279974878 1.05283997348617 1.06008723981856 1.0596837080001 1.01251585849204 0.940189075892928 0.93373360257519 1.02597742143168 1.01533368011231 1.03910479692681 0.934537113398345 0.969714787954859 0.977098888660655 1.02927421532893 1.06717507399396 1.09982012398821 0.962069163101125 0.825685425684653 0.975513762080481 0.949271897398213 0.955627222629272 1.04657616061439 0.969620976914026 1.0623758065713 1.03026014974645 0.933644053987505 0.985315970077114 0.972144976838301 1.01489106242705 0.933946788625494 1.01736470105346 0.960937700699394 1.00778243597632 1.0208119960824 1.03071058307603 0.989539706185994 0.999081189526392 0.989051616816926 1.03898657122201 0.957143387788456 1.02630405868222 1.11383293419206 0.979237794211808 1.00600345967377 1.03459370128178 1.10799063850098 1.04747128293966 0.958016836373881 0.960136780943767 1.0088044216012 1.01232747337499 0.979893492634521 1.03480820077938 1.0071806230775 1.03023159135618 0.996224415370734 1.02282018233325 0.953375474759422 1.07695820389389 0.931992956779102 1.00535376517197 1.06627969159101 1.12945617173585 0.997441430341702 0.939844036791579 1.07346501421893 0.978384667928791 0.994941465154533 1.02852781765635 1.05811812807434 1.03049723166465 1.07144745301108 1.02759889705128 0.997400943444348 0.953816992241428
"BotelhoAbel_POR0053AbeBotLavos_1" 1.09206931363782 0.934073715710724 0.972473165007298 0.924237513199833 0.989783063903957 0.993475361715645 0.949433559685254 0.981328322328117 1.02852300866788 1.0863320851855 1.00182407112456 1.02713961004743 0.861116051246742 0 0.855597088363119 0.984893300610029 0.986941315021443 1.00157133239659 0.952114464826274 0.993125218002372 1.05644802279238 0.969551570979093 1.08124637123278 0.977090423165631 0.97194961850055 1.01601556692195 1.0195697092576 1.06298379280141 1.06324971446104 1.0076306049897 1.00299331268132 0.918216015510142 0.96484340837 1.02286828787387 1.03232719991737 0.95919230746053 1.00181849288091 0.957784468420378 1.02522800909593 1.05928579238416 1.07429285776716 0.988702600351557 0.940256011718749 1.01927129552824 0.953652300030624 0.995470047811749 1.03058066760893 0.993219790896898 1.01376494521604 1.0569921787009 0.980079067397812 0.987496118305413 1.00862576928644 0.989690544801485 0.955950545047305 1.03751865252583 0.998287057224367 1.00825361482732 1.01521107030846 1.04270697938493 0.976888123552952 0.997939180242554 0.992618253580897 1.0474605303296 0.947317053243055 1.02589431266014 1.09322083844876 0.98132949302451 1.01254977099898 1.0135593064839 1.06708471705905 1.04461220973835 0.947607482097722 0.989956733196702 0.980682496474609 1.01083377297968 0.967702669319303 1.06319323221914 1.0003878274237 1.03918937936767 0.999662084263987 0.995706844273181 0.948272247126823 1.09701373696258 0.939558320913107 0.993530449302238 1.01175611708043 1.06532896187322 0.997985636133174 1.00663245459169 1.0450013064213 0.975177137360286 0.993704046374688 1.02647343647183 1.05137920051535 1.02120113039304 1.05823905784375 1.04428883643044 1.01202935024175 0.997094401599074
"BotelhoAbel_POR0054AbeBotAmanha_1" 1.0576055257637 0.899222450882552 1.03254993664553 0.94104819681518 0.9935894242347 1.02932028927281 0.996153465502067 1.05287048005173 1.04138389343311 1.08750253320061 1.02672419198379 1.06858168660814 0.793047046222153 0.855597088363119 0 0.96777439909544 0.946964308273705 0.973330430997656 0.979198977775346 0.978008132901413 1.04924063728794 1.02025394195027 1.04079602350693 0.978656190638174 0.961789337012042 0.990636941814655 1.11670409512382 1.04517123585826 1.08419524889865 1.03531132177847 0.946878943344972 0.949666261113488 0.980086840348739 1.03577492260661 0.966256143037612 0.977147044077828 1.03037694020764 0.985137871188069 0.99876838454857 1.04112702571041 1.02336067895762 0.967487577907633 0.914311071898215 0.959716564513753 0.960676644582381 0.962294510721857 1.00863353916296 0.980609407370048 1.03364581433318 0.993621701040775 1.009367190428 1.01093045354762 1.00161083215518 0.999085305389388 1.00444606227687 0.989507486494444 0.97181794898223 1.03826129729838 1.00897152610819 0.9704216910165 1.01099585946257 0.976838231168462 1.01624311185739 1.09765606117947 0.946221394622845 1.01952585397864 1.08698597556116 1.02287939307439 0.987437000310954 1.03384609975925 1.10651344895618 1.04424174182943 0.950238740224109 0.954310524269329 1.01203569397473 0.993651886010665 0.954961509946865 1.04875509128364 0.988411053516866 1.04158711625641 1.01352267337724 1.00114825801883 1.01308286777892 1.04299181528849 0.945374857381409 0.992510618761385 1.00954467252285 1.08748299425774 1.01940963939713 1.0066147123678 1.02531253161782 1.00270250843034 1.02049815791636 1.03226042758747 1.0678624690629 0.995091909502963 1.03030417462536 1.02741627563627 0.986387235124627 0.995168046540422
"BragaTeofilo_POR0042TeoBraViriato_1" 1.04543087909495 0.967591537521065 0.955263691496422 0.947454671915035 0.995919955694191 0.971134554685384 1.00199574429981 1.00531915694121 1.01868033285881 1.04820495038386 0.948857667481534 1.0046475425087 0.949477084440105 0.984893300610029 0.96777439909544 0 1.0051973426404 1.01300235232589 0.999122399957592 0.950593991475422 1.10402202031535 1.00171702688052 1.01465567146408 1.0183053475514 0.989432447067066 1.00180283013175 1.05182499466026 1.0591173447858 1.08254718974974 1.07707958881676 0.920943917624589 1.04309275911212 1.00070638373682 1.03341355603778 1.05203876740381 0.971224782771511 0.987139707792794 1.01971235476444 1.01993953329262 1.00478369791576 1.06333193672782 0.992467597904521 0.924647497628615 1.02623260504099 0.991913478428675 0.862813644847408 1.03751886788906 1.03106819559639 1.02985196700943 1.01100118926487 0.943944685080259 1.05003295226282 0.96182292259379 0.980725886992677 0.974954233594701 1.01748227367156 1.01288536400176 0.921148364203448 1.04132257374304 1.03127691242318 1.0265080708762 0.943452795840583 0.991820315092163 1.03519820175898 0.963854115850917 1.00602157370759 1.07587428531899 1.01181375678639 0.990628170931324 1.00661761729775 1.06718920344894 1.0352035039137 0.956195791201234 0.971510840104178 0.974162307768807 1.04665979599246 1.01615324416864 1.03466788947596 0.969618543243334 1.04067097579048 0.979964384071585 0.976506024488848 0.967409601023162 1.01936677585743 0.980092157073506 1.04257940600028 1.06023361760037 1.07701644276304 0.987251450526989 1.0582677454378 0.990754267345887 0.892694171189826 0.956663997302415 1.03022622331258 1.06841487933127 1.0056036496217 1.0340562379635 1.00753711972371 1.02078349266647 0.984654057466231
"BrandaoRaul_POR0013RauBraPobres_1" 0.923569429127665 0.954593792870692 0.982459631573701 0.957957623248066 0.977299673036173 1.05491125594919 0.986196160399658 1.0418839893795 1.00033605678184 0.973385513284277 1.06631817480312 1.08464852500003 1.00376049022064 0.986941315021443 0.946964308273705 1.0051973426404 0 0.803856903925042 0.867987025600084 1.0595497666296 0.998169929167375 1.00174245242989 1.03987796774874 0.981955677751744 0.983683251934978 0.975149404139415 1.02140344497045 1.02968815571304 0.974841527498377 1.01414339901132 0.989000561179657 1.01635930878249 0.985189843975735 0.994321900136927 0.958366087951021 1.01543723896574 1.04017677629867 0.966560099384377 1.01164016570172 1.03728838713599 1.00064081345499 0.987890701453717 0.990182017407947 0.957444627331168 1.02265241572054 0.984028765765833 1.03619592405299 1.01883119441964 1.02047183381216 1.05951948811983 1.01118776669325 1.02871169110957 1.02410483160792 1.06851772324219 1.0552845036594 0.993565439450718 0.929642808463237 1.03126768492712 1.00350861610244 0.93805849766242 1.03507960412011 1.063500302636 1.00435376722402 1.04090203689193 0.956440371781791 1.02209554332205 1.08654862712523 1.01323742234242 0.993423549216273 1.03761657188728 1.08462818799306 0.995298224807031 1.0306208030688 1.01324339019147 1.04342026202949 1.01554509391394 0.999968559896259 1.0147175453641 0.977397257868822 1.020275999717 1.03013441222904 1.01941000155719 1.0526179540423 1.00726653554012 0.98286959323327 1.00282213969544 1.01039909603758 1.04079052080936 1.04482581563527 1.01680574896011 1.00990125594517 0.999500233555112 1.03431761335527 1.04471792760848 0.960958458865005 1.04907988844479 1.08486973126527 1.04494728430838 1.05053640517715 1.00879854448087
"BrandaoRaul_POR0051RauBraHumus_1" 0.951728376597219 1.05854363258271 1.00574661404249 1.03114463438623 0.944850459893133 1.04103879621407 1.06809810570948 1.07236765612029 1.04091204923809 0.957688293872743 1.0656245029524 1.0611411577231 0.99291947224216 1.00157133239659 0.973330430997656 1.01300235232589 0.803856903925042 0 0.849062941058357 1.0710201090663 1.00324819022431 1.02370645079367 1.03393588504714 0.98563023907182 0.974477183199061 0.935854935300236 1.01954757058907 1.02347577522259 1.00882246305863 0.984248465241532 0.98007609509678 1.0499163832755 0.99321302505411 0.938261091768679 0.962229347435852 1.05166640381648 1.03369008630386 1.01790028819783 0.981928594969307 1.03266728510564 1.0093020182227 1.04542088202705 1.0266465122223 1.00480496905108 1.03807710746022 0.996885531623694 1.05496114662113 1.01883672156134 1.03955386686127 1.00807415672559 0.993602575914386 1.03507411012321 1.03877569295224 1.03402448972374 1.05021794615611 1.03219504453658 0.973809260436863 1.0028929151702 1.01832516008094 0.932861588268962 1.03481044494736 1.00829475310296 0.970414924133125 0.992795867974405 0.912059170397203 1.03793735234829 1.05078146053194 1.03897954251284 1.00218561518077 1.05147183750782 1.06022816549584 1.03265598893456 1.04394642062891 1.00426905599503 1.10488220265837 1.00551322926812 0.994925625167991 1.01572450067412 1.01592665794289 1.03531406144131 1.00700442860038 1.01372641454581 1.01863375346003 1.01682608005525 1.04617667551398 0.953011284249615 0.968267582631474 1.02119433452925 1.05123758435696 0.969808276063723 0.986452916725496 1.00513304563462 1.04434420471266 0.975250159932158 0.980643293094356 1.04566261116917 1.0548883792266 1.052139964602 1.04899248950109 1.05718400284923
"BrandaoRaul_POR0052RauBraFarsa_1" 1.04219142804419 0.989930306578457 1.01206995903977 0.96247498043513 1.0093107998272 0.96334702077056 1.04478664630767 1.06412835712313 1.05572090520582 1.00359833508857 1.05159614007694 1.04670980977081 0.983418523770208 0.952114464826274 0.979198977775346 0.999122399957592 0.867987025600084 0.849062941058357 0 1.0648957048694 1.05537697150237 1.00131463222956 1.05134370434293 1.03053213754447 0.982127146386516 1.01335732893936 1.01510843680018 1.01879099055039 0.990939641439102 0.981700949014474 1.02190132139184 0.964786918805781 1.01259035147832 0.979276176614615 1.03060087339238 1.00950871086356 1.0437855537982 0.948908016240273 1.02375456544434 1.0424643562851 1.0530705123658 1.00014976222307 1.00826761152145 0.956405585069173 0.984964070778988 0.983144647406539 1.03423471528013 1.00991863678987 1.03680337109159 1.02338583806366 0.997490560247165 1.0362365139955 1.04015271277654 1.03541222446879 1.01095764122369 1.00767495008298 0.994968855050537 1.06676705710664 1.02552194232746 0.951835728286394 0.997922630501574 1.03569984314452 0.989805455266498 1.02485313182989 0.946001504522091 1.04217276603374 1.02354403197533 1.0471854608781 0.996401370036122 0.993818154848253 1.06683444796422 1.02987064004753 1.03375922367174 0.960959170505896 1.02948116480963 1.00616207578488 0.9951996968104 0.99506121633489 0.974376871446281 1.04669536913595 1.03712294317717 1.01478854805687 0.949692266089178 1.0273757603919 0.933775348981932 0.970677569649907 0.968914146830621 1.02088873118974 1.04427386340064 0.988385686611145 1.02438889188961 1.00862729148759 1.05105087878568 1.01331423951611 1.01124158087869 1.03219230884127 1.05241576630937 1.0419320154451 1.00242546563236 1.0050835648747
"BrandaoZeferinoNorbertoGoncalves_POR0031ZNGBCovilha_1" 1.06542908164045 0.972921752342114 1.01388488303031 1.04152550491493 1.02816663747886 1.01547467654043 0.992277365201711 0.957596256232693 0.960456489747876 1.01523759812988 0.891062724332829 0.941144163485649 0.963503052679709 0.993125218002372 0.978008132901413 0.950593991475422 1.0595497666296 1.0710201090663 1.0648957048694 0 1.0555337752951 0.918671388143419 1.01083981187089 0.96933746823992 0.976809111870486 0.990795975173665 1.03467512516597 1.05433278171224 1.04215377750323 1.05461096792828 1.00715619474489 1.03767733331368 0.986467867614858 1.06520874781977 1.05657373224089 0.938368017363356 0.986435222699854 1.02770513338039 1.03097413607208 1.02589070407494 1.07966169075565 1.02268253662213 0.977192876030949 1.03047065080781 1.05588728040216 0.952817932957291 0.995419783398233 0.996003241358592 1.03497034500003 1.03612757617831 0.99468912701677 0.985308424610201 0.939852711571586 0.991557923938766 0.953993285078839 1.07268497554657 0.996083385896882 0.9273963537197 1.02857857858898 1.03574816159748 1.04071218797863 0.981737747875484 1.00180662789447 1.0479284912858 1.03085845228006 0.993464306661437 1.05629808978742 1.03706475721672 0.999704741757268 0.949856833326778 1.03464650050063 1.01797883468392 0.965139440161408 0.958252211622948 0.87894566469732 1.04268577788669 0.996384584083392 0.998368498997407 1.03359611960015 1.03238896255092 0.941247243174769 1.02196872727276 1.01310171010833 1.02642888820958 1.01570868209132 1.06071179595256 1.05092772587263 1.07145348748607 0.926771031686144 1.06642359668416 0.995589584424564 0.954138838978279 0.974900143313903 1.02805601650887 1.04261421806456 1.0058424849956 1.04658121557975 0.97778310829284 0.999107065211975 1.03467780339858
