 AlbergariaAntoniodaCostaCoutoSade_POR0033ACCSAAnselmo_1 AlbuquerqueAntoniode_POR0018AntAlbBacalhoa_1 AlmeidaCarlosPintode_POR0050CarPAlmLisboa_1 AlmeidaFialhode_POR0060FiaAlmRuiva_1 AlmeidaGarrettJoaoBaptistadaSilvaLeitaode_POR0004AlmGarViagens_1 AmorimFranciscoGomesde_POR0046FraGAmoSelvagens_1 BarataAntonioFrancisco_POR0049AntFBarCartuxo_1 BarataAntonioFrancisco_POR0059AntFBarDuelo_1 BarataAntonioFrancisco_POR0064AntFBarManuelinho_1 BastosJoseJoaquimRodriguesde_POR0077JosJRBasDeserto_1 BenevidesFranciscodaFonseca_POR0076FraFBenFranceses_1 BettencourtMatildeIsabeldeSantanaeVasconcelosMoniz_POR0070MatBetAljubarrota_1 BotelhoAbel_POR0020AbeBotCrioulo_1 BotelhoAbel_POR0053AbeBotLavos_1 BotelhoAbel_POR0054AbeBotAmanha_1 BragaTeofilo_POR0042TeoBraViriato_1 BrandaoRaul_POR0013RauBraPobres_1 BrandaoRaul_POR0051RauBraHumus_1 BrandaoRaul_POR0052RauBraFarsa_1 BrandaoZeferinoNorbertoGoncalves_POR0031ZNGBCovilha_1 BulhaoPatoRaimundoAntoniode_POR0048BulPatPalida_1 CamaraJoaoMariaEvangelistaGoncalvesZarcoda_POR0080JoaCamCastelMelhor_1 CamposAlfredoLuisde_POR0024AlfCamCabinda_1 CamposClaudiade_POR0068ClaCamEle_1 CamposJuniorAntonio_POR0037AntCamJNamorados_1 CarvalhalAlvarodo_POR0089AlvCarCanibais_1 CarvalhoMariaAmaliaVazde_POR0044MAVCAlice_1 CasteloBrancoCamilo_POR0010CamCBPerdicao_1 CasteloBrancoCamilo_POR0011CamCBMulheres_1 CasteloBrancoCamilo_POR0012CamCBMisterios_1 CastilhoAntonioFelicianode_POR0030FelCasChave_1 CastroeAlmeidaVirginiade_POR0066VirCAInnocente_1 CastroOsorioAnade_POR0002AnaCOSacrificada_1 CastroOsorioAnade_POR0062AnaCODiario_1 CastroOsorioAnade_POR0099AnaCOAmbicoes_1 CordeiroLuciano_POR0100LucCorDuquesa_1 CoutinhoManueldaCruzPereira_POR0096ManCPCouElvenda_1 DiasCarlosMalheiro_POR0074CarMDiaErvas_1 DinisJulio_POR0001JulDinMorgadinha_1 DinisJulio_POR0007JulDinInglesa_1 DinisJulio_POR0015JulDinFidalgos_1 EcadeQueirosJoseMariade_POR0005EcaQueMaias_1 EcadeQueirosJoseMariade_POR0008EcaQueRamires_1 EcadeQueirosJoseMariade_POR0009EcaQueAmaro_1 FicalhoFranciscoManueldeMeloBreynerCondede_POR0021ConFicEleicao_1 FigueiredoCandidode_POR0090CanFigTres_1 FigueiredoMauriciaCde_POR0035MauFigExilado_1 FonsecaFaustinoda_POR0014FauFonMindelo_1 GamaArnaldo_POR0091ArnGamDinheiro_1 GomesFranciscoLuis_POR0084FraLGomBramanes_1 GraveJoaoJose_POR0041JoJoGraMorte_1 HerculanoAlexandre_POR0003AleHerCister_1 HerculanoAlexandre_POR0023AleHerEurico_1 HerculanoAlexandre_POR0038AleHerBobo_1 LealJosedaSilvaMendes_POR0047JosSMLeaEstouro_1 LimaJaimedeMagalhaes_POR0032JayMLimTransviado_1 LimaSebastiaodeMagalhaes_POR0028SMagLimViscondessa_1 LobodeAvilaArtur_POR0072LobAviCaramurus_1 LoboFranciscoBarros_POR0097FraBLobGil_1 LoureiroAugusto_POR0098AugLouBruxa_1 LoureiroUrbano_POR0092UrbLouQuintino_1 LousadaAntonioJoseCoelho_POR0040AJCLTripeiros_1 MacedoDiogode_POR0029DiodMacCristao_1 MachadoJulioCesar_POR0082JulCMacLisboa_1 MagalhaesLuisde_POR0043LuiMagSoares_1 MascarenhasMiguelJT_POR0027MJTMMariaDaFonte_1 MeloTomasde_POR0034TomMelLuiz_1 MendoncaAntonioPedroLopesde_POR0057APLopMenDoido_1 MesquitaAlfredode_POR0095AlfMesRua_1 MesquitaMarcelino_POR0087MarMesImpostores_1 ModernoAlice_POR0056AliModSandoval_1 MoreiraJoaoBaptistadeMatos_POR0073MatMorTempestades_1 NoronhaEduardode_POR0078EduNorAgonizar_1 OliveiraMartinsJoaquimPedrode_POR0067OliMarFebo_1 OliveiraMascarenhasJoaquimAugustode_POR0071OliMasArrabido_1 ONeilMaria_POR0065MarONeiMarquesa_1 PestanaAlice_POR0083AliPesPrejuizo_1 PimentelAlberto_POR0022AlbPimCintra_1 PimentelAlberto_POR0055AlbPimAnel_1 PimentelAlberto_POR0058AlbPimGuerrilha_1 PinheiroBernardinoPereira_POR0094BerPPinArzilla_1 PinheiroChagasManuelJoaquim_POR0017MJPChaMeianoite_1 PinhoMariaBenedictaMousinhodeAlbuquerque_POR0086MBenPinMarina_1 PintoFortunatoCorreia_POR0075ForCPinAgitador_1 PintoJulioLourenco_POR0079JulLPinMargarida_1 RamalhoOrtigaoJoseDuarte_POR0063RamOrtMisterio_1 RodriguesManuelMaria_POR0025ManMRodRosa_1 SaAnaMariaRibeirode_POR0093AnMRSaMathilde_1 SaAntonioManueldaCunhae_POR0081AMCunSaParte_1 SaCarneiroMariode_POR0019MarSCLucio_1 SarmentoAugusto_POR0085AugSarProvidencia_1 SarmentoInacioPizarrodeMorais_POR0039InaPizEngeitado_1 SilvaLuisAugustoRebeloda_POR0016LARSilFantasmas_1 SousaMariaPeregrinade_POR0069MPerSouHenriqueta_1 SouzaLopode_POR0061LopSouLagrimas_1 TeixeiradeQueirosFrancisco_POR0026TeiQueSalustio_1 VarelaAJPereira_POR0088PerVarMiseraveis_1 VasconcelosAntonioAugustoTeixeirade_POR0045AntATVasCastromino_1 VasconcelosMariadoMontedeSantanae_POR0006MMSAVLourenco_1 VieiraJoseAugusto_POR0036JosAVieDivorciada_1
AlbergariaAntoniodaCostaCoutoSade_POR0033ACCSAAnselmo_1 14.008762710725998 45.82041856665443 43.46229709499149 48.52375280901312 41.93534598752161 43.888505388572796 42.36549681978086 43.21926854557361 43.50683932117805 39.78561692784317 48.55977762515128 44.84741092283013 47.33852248705596 47.39302599477083 45.79094709713545 46.817006504389866 40.12028731952069 42.10463328222752 43.52192556389444 46.09270361286371 42.90727564189188 42.908277443161694 40.87841961124669 44.314983641044435 42.80629497247766 43.95448363559035 43.02348440142331 37.982683677040356 38.09179879595099 38.87144980162399 46.58277603051464 44.82613329975924 42.49776223840638 40.062944603986594 37.25930804119478 43.21980487275876 41.189918436387615 46.327930295475674 39.67586258516902 39.597644322810474 36.11179584774709 46.03256295800522 46.67316762445866 43.50619818110939 47.7941914987491 47.618938553982765 39.268789476673085 42.08886916387368 39.32884500987688 44.60028647344634 43.55835076143481 45.799162816435555 48.6191594311673 46.555378733182174 46.033007909936444 43.81719206146091 43.932193780574195 42.62914147430323 37.06641043226013 40.041668633810026 40.60621744514708 46.04717208980123 45.070664389932844 40.248187190363915 45.98778837729665 41.194145848027176 39.73886948008855 43.644222117743475 42.00533972898741 41.975798388240975 39.73229885168688 40.770410280528935 45.197685365254436 43.07460941589408 46.50541496802567 37.20480549732807 42.79944450455559 40.999159195848854 41.021382669583986 43.49318079025579 45.75022614361358 44.43462586972836 40.468675115643286 37.334935962328686 46.549951625407424 44.16436919206356 38.13819416993511 40.40160944757422 43.33132746690485 41.37498047701825 42.35896193437764 45.53407226356016 46.959132433468326 38.35491047291422 38.96899827413114 42.71121569089578 38.8139588498217 42.585385972643785 43.46765302772518 43.00384560531445
AlbuquerqueAntoniode_POR0018AntAlbBacalhoa_1 45.82041856665443 14.008762710725998 43.04334497377709 38.97704594878156 43.075785861214605 43.00232858910844 43.77640214777698 44.04674812464468 43.71268684369328 45.54348509012167 42.17338295703123 45.03128250103249 36.38226872861028 38.15904267656202 36.80889189004447 40.777386067055474 41.26358615747965 42.456706074842366 41.40139928444672 41.922024332258474 42.31877241299892 44.18823744711176 44.375799571603444 40.192957247186825 43.02474165084354 43.342998508028984 42.3102519563606 48.247563501320094 46.74089559732743 47.59998697786849 40.793042129606384 41.33294995754822 42.24874909591182 42.60625043274932 43.0147264235245 43.51602932345447 44.85001568465471 40.05283085411964 44.072927490237625 43.456300367038224 46.14449029982273 39.845947549767146 40.23392058436878 41.29518808567092 39.63532730721904 40.32747994021096 43.31237830501984 42.71290305916999 43.5702891746764 43.075634341834274 40.494029739095375 42.450738593508184 40.89267944422183 40.911847708364235 41.41423866259717 41.816522576870106 39.43799483397836 42.56120562147237 44.69605193872311 45.36724299735029 43.78067481971203 44.15933781769673 40.19192903577731 43.89942994747367 39.74523272051485 44.585567879937365 45.77118997191145 43.813854665311844 42.73991493538907 43.0733119867523 45.02903619875439 43.259129465101886 41.05537847597298 43.573851272123974 41.01219261552218 44.462671968015584 42.27130458356667 43.92199970586751 45.16054832871841 44.38596832883351 41.44404048340961 42.812368502341904 41.9296485617483 44.554763127238765 38.60464286620021 42.51082471845665 44.36435392769868 44.98721504681421 43.101941176183374 42.24791280366846 45.29757856355997 42.71007260489875 41.257491534930395 46.03986022986026 44.04573918971579 40.97322700125357 44.63423791657794 44.21486011283365 42.28012300448418 39.593174068725936
AlmeidaCarlosPintode_POR0050CarPAlmLisboa_1 43.46229709499149 43.04334497377709 14.008762710725998 44.80444132377534 41.79900634135172 43.063881470011665 41.454126069877866 40.88747851711038 40.455663543687 41.06852781259189 40.512001206271535 38.84973827137214 43.472977257190045 44.466647606585006 45.338833581089226 39.70616454988425 43.466522703097795 44.048291744697366 44.357851291343444 41.12309005382879 43.24793212734386 41.479005456765385 45.199563321069235 43.63688120178557 41.87268904886607 42.52115972479521 44.06412629444135 41.52277588775161 42.243378763453144 43.27361379956224 44.17544354319455 43.76258387548914 43.96577654049095 44.72570473929678 43.82619396786072 41.10279822017117 41.10003334771754 43.965069957659786 43.60763176855662 43.08022278340787 43.987066664369294 44.077727870068166 42.21021275336198 44.55412534248939 45.405830791215564 41.29148614046944 40.32256497406852 43.65043798319206 42.04405853587765 40.02939534518238 45.60023003852602 42.23322529343253 41.47130860070838 40.679745449978846 41.192493699361066 44.055539733087336 43.771698287069675 41.62482257755926 43.50576420692373 42.90641844584647 43.57213490459334 41.305436857015486 39.83662687121183 42.05450795656347 44.33493673336196 41.35946382889617 43.36571996472747 41.949990910079286 44.55520068368984 42.94423310945766 44.19932987248253 41.13988288786633 40.03786180181697 41.59952260534522 40.64534686816249 43.482528535447386 45.163035723038206 44.63859259255824 41.84799423758516 41.73355756950489 39.981748686345846 43.41362821308151 42.54182122878297 43.351462900646496 43.95726605125318 43.83045189219759 44.348616376585696 43.7416495557541 39.890400051381214 44.41651308042224 41.56701000347988 40.83781201059261 40.578166398312156 40.87080595844282 43.897840737548485 43.26400493874108 44.14144140383484 41.72326376076636 40.49567701357341 44.72446831119931
AlmeidaFialhode_POR0060FiaAlmRuiva_1 48.52375280901312 38.97704594878156 44.80444132377534 14.008762710725998 43.803529792987554 42.16363492523173 43.68271102627917 45.99126645289451 45.600599594938025 47.28041018575163 42.19021776712846 46.202883913358335 36.69009751444841 34.55095717403255 37.03037441736043 42.06539249488309 38.572431891820166 38.514459938850486 35.55866220740386 45.660780308697866 42.80623885233125 43.87043160320811 43.497493073758804 41.49361274698659 41.99611420013221 41.21183495842336 40.929228476382555 46.54733315403534 45.67805874666656 45.05279945591665 40.68742411037788 38.59101675517262 41.09955514358482 41.886279505789965 46.01030158326189 44.22743280728277 46.008437018151426 36.87702733584854 45.81768630556877 46.16583071437177 48.41678773437 38.0001997468138 38.41420868376803 37.95929309446452 34.454534866050906 40.471078751162025 47.704199763425834 41.054776574593596 45.28414026810441 42.26761727701401 38.213062736415445 42.22508352350275 41.631805830594836 41.1356192188209 42.88179409954211 40.60806363157685 40.48310588192814 47.156388042221366 44.67142817922324 43.02855230676729 42.759734261492575 40.77978015607906 43.02449163579698 46.633322635520585 35.62790351388153 47.31362246362921 47.87522066828669 43.06861947422551 43.228736674599055 43.31168355230957 44.365871898903265 46.515720305827884 43.69763655823738 42.10401021487337 44.81936576939555 45.527954472348725 40.746546960042714 42.34044339109037 45.617451777168355 45.78301951226981 43.95319646650881 42.15056645137772 42.93628418240662 47.19736219470168 35.07067507663346 37.408459949720324 45.59336513873861 46.15119715879504 46.26780062506778 41.11392556987547 46.62718197040153 44.73853104979738 41.39608557353518 45.58751863393114 46.94745425545546 40.8217402345545 47.51819667030205 45.848482661138846 45.45163644682286 38.5748084186864
AlmeidaGarrettJoaoBaptistadaSilvaLeitaode_POR0004AlmGarViagens_1 41.93534598752161 43.075785861214605 41.79900634135172 43.803529792987554 14.008762710725998 43.51201114270884 42.848544768763766 43.61962523659125 41.81745825159528 38.213386223549726 44.07773334048804 44.084902149068334 42.31417443717199 43.40402667559866 42.80278407451806 43.04362381081929 40.34149906803137 40.889626930044656 42.59489093280267 43.827543494000565 42.0791891461265 44.735988956635715 42.85368041180814 44.27554070256548 42.76268831440059 42.822509874444215 40.873804011232444 40.82798313387363 41.03658751856957 43.20505808923143 39.39658902885926 44.858454026861615 41.0981584447857 40.575284535657794 39.640162492313486 39.968180674430975 42.68432684549133 45.703310610540896 41.41640960612687 42.347210123688214 40.860211365101 42.53796433360732 43.298305914291554 43.597749873395095 45.36629723874572 42.03574149065261 42.35266391111856 44.132763946925756 43.33228030910354 42.40692729901819 44.23284175426772 41.58919650713612 43.503228361985705 43.5397519294717 43.22036003523717 43.58268193473871 41.48558320899004 44.400061203877144 41.52664131726005 42.240737829862105 43.733969529555864 44.26295623582737 42.04485343571705 42.22019409544102 45.45673292989416 42.012783574981356 45.22284164047936 40.924415200867045 41.49351919974956 42.65895423681607 45.66845610938418 43.239496086116084 44.39730899335758 41.30452433875359 44.37279723736822 42.21302997787582 43.918339376764735 42.93459981483272 42.333807478734066 44.212459400160704 40.43725507205234 42.85611544882975 43.182585847216586 42.08538494971095 44.04151477806994 43.37035697463317 43.394978254477934 42.75010793617291 43.97974274001944 42.84064521990973 43.49040218088529 42.35092412172776 43.40410820093464 39.22243488636322 41.52434334070806 44.28928190097498 44.02808138707837 42.782579497233435 41.52316668298652 43.20598911305953
AmorimFranciscoGomesde_POR0046FraGAmoSelvagens_1 43.888505388572796 43.00232858910844 43.063881470011665 42.16363492523173 43.51201114270884 14.008762710725998 42.09443639885015 43.8576919087401 42.92810504672956 41.16418873305134 41.372079602371706 41.634159061775414 45.21980196562105 44.812154502023155 44.28246752903128 40.35112646003897 42.25710930644271 42.419609213829624 41.18360309786694 41.99990482798453 43.146389632284155 44.50807598134424 43.13021385401835 42.48691191652074 42.36148510887066 42.55857333108368 42.90935344416209 41.986877705575786 43.30134454575285 44.40610723536378 42.99221060361702 42.124378356379495 44.41096826889853 43.293460859768814 44.27392843027889 43.958773530941265 40.11713160509002 42.63259338308442 43.293986028035015 42.99097979758377 43.71575842738792 43.779206537806544 43.93317167859133 43.39776119587227 43.82402645461183 42.2624779366404 42.36983342703914 42.85448681374242 42.949683176568584 41.990143980542875 43.4863196194602 43.162372315529836 40.51590444124778 41.776590058611504 40.643960212970335 41.97634947043481 43.26083831625984 41.130400050345834 42.5965579700701 41.71944401595176 43.28441344521377 39.4277409277938 42.50169740340622 42.78017432875177 43.6066608859191 42.89775056076516 42.25144070379872 44.22472108005366 42.447239406671095 41.2826830031095 43.11939075189372 44.049312807158884 41.6620955243937 43.11219116798271 42.9742590650341 42.87181226898131 42.703596219672356 41.426844200329235 41.18458810122419 42.326420291703805 43.84953868284793 42.06030056297389 43.563277387391885 42.24661741233293 44.19714302716628 41.73194168826551 42.58148928074347 43.10564611096115 42.69110573618986 42.94247948928175 41.08213142300934 43.462417498429595 41.86833567153815 40.21117048258383 42.749512020528655 41.93533970620046 42.20959645069759 43.145721807394466 42.57154716985516 44.634540119960505
BarataAntonioFrancisco_POR0049AntFBarCartuxo_1 42.36549681978086 43.77640214777698 41.454126069877866 43.68271102627917 42.848544768763766 42.09443639885015 14.008762710725998 35.1854977805 35.11292381140626 43.85858984896238 38.11801397030132 41.994052794283306 42.20958155117502 41.208670177818504 42.477005429509795 41.856151484604005 42.781679244989995 46.193164134858534 45.74648545103077 40.02893607959751 45.55659965314242 40.89828311643716 44.056147594937705 42.02535731509759 41.60589253908958 42.59334267994468 46.97604676932864 40.44222739121597 41.55014115595487 42.5089139550527 42.801105076682525 43.014076421859016 45.55890604812369 46.24134916054673 44.17661915880825 39.16867166056903 40.001513106558114 44.518116144813185 42.15723769918439 40.88000373881414 43.148770113360555 42.253263401493925 39.83844326765193 42.59271162343088 42.14956748091071 42.3505547574594 43.481926967293745 40.404922585508785 43.004165045690506 46.283161081536875 44.96485051942683 41.75558474858891 44.0651795772605 45.302409894104144 41.08116467882516 44.00062238547374 42.667197769066455 41.18025747649294 41.31481906965839 40.76300700184428 41.67237814941358 41.86465088323349 43.906500895803305 43.11453397754236 44.748900149559724 40.82532744419255 44.48904046057785 46.55232514247238 41.51271596935977 40.02842131704667 44.07956137109338 45.16342078378794 42.593001127221186 41.63068967038501 41.195845697930956 42.11503813801986 42.7623958858738 41.01333699219947 40.74507231657134 39.423650478625035 42.00366604745405 45.086350689652775 42.844045871738984 42.48591979767929 45.97979017308527 44.73206999196237 45.221196808489836 45.906514914925026 42.62096510427757 44.26829622307284 42.85169527919825 42.885694787467564 42.21130214648215 43.47667783773881 45.76664623963078 42.78628849427024 41.58808707546645 41.48004362312876 45.44672941535106 44.56884431185356
BarataAntonioFrancisco_POR0059AntFBarDuelo_1 43.21926854557361 44.04674812464468 40.88747851711038 45.99126645289451 43.61962523659125 43.8576919087401 35.1854977805 14.008762710725998 34.09652929233204 45.11897222744077 37.47937064051697 41.09509483770404 44.16093690761827 43.80962527857572 45.57048175771848 41.24487665715358 45.793716727733155 47.67721709328102 47.98946015467214 38.69113484195019 46.675031812349815 35.70220044329838 45.055682292199606 42.76623582281131 40.31184916681168 45.125416674450065 45.00385486386277 40.99445627819951 42.625675084299 41.34134019804176 43.371788322217654 43.80101841457986 47.13639189594859 47.124950630832124 45.13002543633174 36.09978200609396 43.1904358099524 44.46992930526719 43.088319564142594 42.67815815228946 43.40164769663065 42.44790635210889 40.21321089013158 43.25161449706409 43.94619546899043 43.59385732668594 42.42136486831789 41.944257442058564 42.14684883606861 43.510088183722715 46.05653909092052 40.629558232438114 42.08352398845493 42.190536025622805 41.46168319894838 45.00319065901965 44.393321944339256 39.41067556925685 42.19371951149872 42.612583201361716 43.426888288003475 42.052226186951394 42.604329116943475 41.933088431692035 45.36225476823628 40.84556232853173 40.35131047377479 45.30580754369963 41.84438410703684 39.68390584276094 42.51731186984665 43.208525952847445 42.64673514249044 42.4371597704782 40.22344132590337 43.614607525740524 44.488526593909924 41.296514704998316 41.15321363321556 38.052257441344715 41.22700194663186 44.89223800161698 41.79301463659069 44.73568780553591 47.211860345842595 44.59210764421474 45.62211654247456 41.7688403819875 40.244134515772714 45.71561004772782 42.25543529023761 42.02633489921323 41.25870706372546 43.33785433126648 44.03219743714192 43.33626388955768 41.205997373662385 39.138526437186485 43.99042415151558 45.35069716501869
BarataAntonioFrancisco_POR0064AntFBarManuelinho_1 43.50683932117805 43.71268684369328 40.455663543687 45.600599594938025 41.81745825159528 42.92810504672956 35.11292381140626 34.09652929233204 14.008762710725998 43.39458644187751 37.23186287415842 39.64376327852389 43.503727650075575 43.89528491303488 44.24407927446138 40.54785920470468 45.01868596739897 46.61521358739895 47.24709083263731 38.396333326325 46.22289580410879 39.18508020382131 45.46553861610133 42.28181584817876 39.91138798182594 43.72307703832588 45.56078428977614 41.209434893939125 42.15168723190035 43.75013390891045 42.958094530077 45.13339769163994 46.097610813985206 46.451785128607 44.58535027038254 36.73311419379664 42.52118309638645 44.53128084610983 41.92190506376699 41.389119918696764 42.502123588148876 43.22630319742129 40.063748783705655 43.70663244367582 43.67363891978509 41.54012102191159 42.250702456111476 41.59242161767808 43.24083568385382 42.9503756587285 45.884132798283744 40.52983305699049 42.451009644488806 42.83523605496164 40.766880240313085 44.15739571453666 44.0683784043609 39.83074016400461 43.19584774583235 43.62089772497824 42.42082956658224 41.01673081263725 40.13706410001927 42.7536024565901 45.67767922583103 39.27781806216699 41.87649667537608 45.87072889047082 42.089409964816475 40.22139884084837 44.411868857660735 44.00055338341092 42.28635961554832 42.89405474337943 38.71580003926302 44.52476868123793 44.19414153278398 42.35072729853303 40.36699158862667 39.16815948625189 39.326133994586165 44.63783354082907 44.89827080972953 44.140908078704996 46.582489818148915 45.46394840276275 46.16295370643989 44.49843873765569 40.50215717888505 46.49438791898569 41.41819026016387 41.28224497105902 39.90540226411483 44.69016441665419 44.80158976160065 43.43837553641592 42.72396012027529 40.2296720429747 43.60748759927516 45.909602372170035
BastosJoseJoaquimRodriguesde_POR0077JosJRBasDeserto_1 39.78561692784317 45.54348509012167 41.06852781259189 47.28041018575163 38.213386223549726 41.16418873305134 43.85858984896238 45.11897222744077 43.39458644187751 14.008762710725998 43.09323247709571 41.65786682050935 47.5289654377349 49.33281835237925 47.29154647328675 44.5369517211242 41.12696261785953 41.37937505560566 42.86474782280422 41.885756747018476 41.04901867567467 46.38879905005939 42.69850050474792 43.590945003802354 44.31885338606853 42.62548809231128 42.58702051102598 40.319312112151344 40.98746735517855 41.417025871474465 39.590408107793635 47.650109866577104 41.24698354594821 39.410513651872215 40.72572503584053 42.840943510491435 35.55340125931573 46.19450381485937 41.179724105672406 41.878672709437055 39.802863973952384 47.848370702224784 47.46071352374239 46.70683562611548 46.88263280076618 43.14885821938295 40.55924950852013 44.0483734297042 41.59240221595629 43.36272491229329 44.71757649616455 44.973703760347746 45.60604321466491 45.135022885208315 43.614485470070626 43.21904519670413 44.70583520896519 42.48997135256224 42.12642158231321 41.808761731387285 44.427463894125594 45.03874711366924 44.434291260173254 39.9753303816585 46.39366895221989 41.39753016249568 41.66170265498742 39.76877700343049 39.33567426433958 44.050074684323114 42.97852657282204 41.56679727537442 43.83571747730438 43.91117133912354 46.57729090341223 40.51859453888545 41.8197742599588 42.60897834342149 41.68616058206613 43.65118885331468 41.778056799986004 43.02683243712913 43.009858865855044 37.46240390587193 46.16573656645035 43.9697173869925 41.01455669194855 41.6909672805055 43.46114124054451 38.83024586662234 40.49129125391566 39.14393643831927 44.61984974197746 37.42638567632189 39.793083223772314 43.532729536170635 41.86948573894514 42.677435926963675 40.69774737696058 44.41446020922697
BenevidesFranciscodaFonseca_POR0076FraFBenFranceses_1 48.55977762515128 42.17338295703123 40.512001206271535 42.19021776712846 44.07773334048804 41.372079602371706 38.11801397030132 37.47937064051697 37.23186287415842 43.09323247709571 14.008762710725998 38.5065877542402 40.99012448014924 42.39930578678515 43.293774089319776 36.62796796263242 47.76034466675888 46.723140014291985 48.13066709237439 34.614825453032765 46.38196407468613 42.50917337875581 45.6551267398849 41.1058835016716 40.92460332639454 45.45076336872761 46.23170600307472 44.69758603517916 46.15731769849743 46.57391116923163 40.86089103424377 46.0242091387845 46.19721224051871 46.35491110038312 46.79362765361183 35.13412686638868 40.58980560613093 44.38152557024315 45.352753022891456 44.92857449839057 47.37262151979043 41.26174988302408 37.754594754769606 43.78655629719695 42.23784359796643 36.781739365584116 42.49319781050922 43.74639730660226 45.971355213166326 43.631555624389776 45.09667502112978 40.088953530987894 38.834025695743634 39.95048606761943 40.27937516184406 43.152099889007225 43.98463827335861 37.832157749433954 46.729229244315164 46.01475799321444 45.02779237779252 39.43330556501861 41.41998670323797 43.47408303209097 42.799514947464374 38.33321440330363 43.47517073214201 44.84323395102058 40.054913847438954 39.61793305675371 44.140076416469746 45.63610474505885 38.65451627431525 43.176456858970624 38.50485509760009 46.81852121448056 42.717408841616106 41.749669327821685 40.5868382588398 37.79844797982352 39.88423412945634 44.233057430080784 46.38114613796757 45.294832714129484 44.05413755603742 45.9588671650224 47.52695535340928 45.824285749230896 40.92741029762527 44.396585100471924 42.6295261942402 38.781148362831836 37.70051920841079 47.911016569498194 47.45849516583659 40.9935049598498 43.80263695242499 39.80462853689937 43.50925699215742 46.060288777824006
BettencourtMatildeIsabeldeSantanaeVasconcelosMoniz_POR0070MatBetAljubarrota_1 44.84741092283013 45.03128250103249 38.84973827137214 46.202883913358335 44.084902149068334 41.634159061775414 41.994052794283306 41.09509483770404 39.64376327852389 41.65786682050935 38.5065877542402 14.008762710725998 47.07452299642196 46.99218312595367 47.80568553896466 39.95154249200253 46.5781565410205 45.58793151652669 46.00469858937316 39.23695532959826 40.90135338494906 41.669928206454905 45.53500177401691 43.02675571330428 42.54078105106089 44.73321362587394 42.884519988855985 41.37867556071223 42.26893375109488 42.90776758306855 45.28358720283238 43.42633324338531 42.8552130928693 45.36468229896845 46.1624946844826 40.44141539922767 41.65910792649072 42.538840859887266 45.105488719188585 45.70755950006706 44.438804850728815 43.80979995368548 43.87464525905648 44.68443269861197 45.37237647377057 44.207244309840014 40.84278802015265 44.17488750209241 43.53501706214814 38.66878991413102 45.783764546151396 40.841970949223025 39.40885297018144 40.436537182223866 41.950729497137246 42.31249433938213 44.04288310130064 38.89874721119346 45.97494501084089 44.80908151087378 43.86822446562666 41.615752127052914 42.892553065755216 41.189802809699415 44.724056271605036 39.755966415604874 39.88906106083423 42.09688207371871 44.00568043357361 42.26805478669031 42.47465818674681 42.7049659995742 39.45382685993583 43.45428446705163 40.46020102664605 43.28202093747563 43.36046308985606 44.18756623785079 40.22540925334196 39.28512965875825 39.87675984010503 42.72511996253974 45.01758268217887 42.81580259229238 45.80941290086433 43.582068086668166 44.44279678632661 41.167168206967794 40.732489356620356 46.71327546859322 40.22170191661817 38.94014951518802 41.77823896926421 40.06115987719397 40.70980238870302 42.779000831086016 42.021026557350986 40.208491045732565 37.38585580793786 46.146165538197344
BotelhoAbel_POR0020AbeBotCrioulo_1 47.33852248705596 36.38226872861028 43.472977257190045 36.69009751444841 42.31417443717199 45.21980196562105 42.20958155117502 44.16093690761827 43.503727650075575 47.5289654377349 40.99012448014924 47.07452299642196 14.008762710725998 32.21125577687938 30.547588227499357 41.235080339967936 42.671282501005706 41.84538785094919 41.37437965259446 41.26178320428619 44.59884803579878 44.24845510876316 44.652434156164794 39.56031612549847 41.09680526271186 39.99176160895567 42.06096379738493 48.141488730487296 46.93534289895158 45.57815224207964 39.677771068912016 41.29735444132996 43.28231480617226 42.66838224540147 43.6330609043893 40.53883570418719 44.43267176345048 40.71428773639993 45.06204378155878 45.098547688904496 47.781955959863154 39.35632509330527 36.08768857421728 41.11288212854443 37.990577024360725 37.79453960682993 44.75931689708422 42.78794109872637 45.67180003494207 45.06278856048265 37.847363033683536 41.65657287040547 41.27455387824201 42.229684462524865 40.18071508969535 42.879793318743786 39.68741443575283 43.12127995138384 44.13898446836992 45.19604121972024 41.76612723671656 42.47041877021698 41.01210402840878 46.26249765178955 37.74676927311942 43.54758762687855 48.809515495804575 42.62130022388036 41.98295745293298 44.48355688565865 46.55421962497571 43.855291061861486 41.4574636715303 42.18015962540342 41.69117499729429 46.06754137382396 41.039863065215314 43.854144967973454 45.973716558764956 44.83632867743482 42.789929726176375 43.2787405004146 41.95470276839061 46.10594836157365 38.29570756496993 42.09498031830584 45.353306500097254 48.244734825766336 44.09256875814367 39.986250519158126 46.83213309940699 42.92712120981981 42.05994992549519 48.19715926293241 46.59048555707985 43.188186148982 46.644851619053796 44.00695300782014 42.57678972948324 39.42814584578619
BotelhoAbel_POR0053AbeBotLavos_1 47.39302599477083 38.15904267656202 44.466647606585006 34.55095717403255 43.40402667559866 44.812154502023155 41.208670177818504 43.80962527857572 43.89528491303488 49.33281835237925 42.39930578678515 46.99218312595367 32.21125577687938 14.008762710725998 32.40576649385025 43.223757292648855 41.58915492173555 40.68331045537361 38.80204961727473 43.34967271834107 44.688209838728554 42.60799514404902 43.77686116458439 40.80692212684841 41.86044440430591 39.98779218461244 42.49077977071545 47.4468999031694 44.86639374992273 43.509633254768055 41.45103293193195 39.055162608355815 43.18680931504874 44.17194936469782 45.07300768119883 42.822055438275854 46.02218435020023 38.88954956343039 44.552136534553625 44.96125656786294 47.91016533009563 39.02299333160912 37.94263540932394 40.197389919242234 36.173710632538885 39.00409954592864 46.452727112070804 41.96678357592909 43.914212765886106 45.30801783826074 37.6792400697555 41.74716716454366 42.26953376452238 41.42343311526635 41.280522166706 42.47956256248654 39.426403002631424 44.97603928378311 44.127137866846205 45.09257528077992 41.1953887300363 41.94695249488177 42.24171278463109 46.398637457994425 36.973285444705425 45.601995011491475 48.326525431984976 43.37758468123225 42.72161768191784 42.61512637770711 44.418209265725054 45.04982512151384 42.3302826436289 41.22588430639929 41.851096428202446 45.999989570847696 41.47596641297748 43.7406209804456 46.142810732398885 45.72826275483663 43.662823132131614 42.344176108937255 40.49501559340637 47.06909799820385 36.80051181458158 39.32442802673296 44.30240822074304 47.95550201039046 45.10692703957186 40.81700546415748 46.08902063002562 43.53432538101654 41.60564686069397 48.121201047511384 46.913822737612904 42.903013584522164 46.269986163137084 45.64818352499404 45.288070027388 38.87855400264444
BotelhoAbel_POR0054AbeBotAmanha_1 45.79094709713545 36.80889189004447 45.338833581089226 37.03037441736043 42.80278407451806 44.28246752903128 42.477005429509795 45.57048175771848 44.24407927446138 47.29154647328675 43.293774089319776 47.80568553896466 30.547588227499357 32.40576649385025 14.008762710725998 42.39633802090103 41.45259266292398 39.81423038154296 39.85635436701878 42.80295406655868 45.244694136299984 44.58030435359021 43.81373057026368 41.51271849382874 40.86276354656264 40.02436564745879 44.39641223349612 47.552242214907245 47.454103784244964 45.490001603256225 40.16228525153636 40.02344752101806 42.33907335642647 43.068344657843326 42.308833144027666 43.36411850376592 45.14514483966122 40.108367757938915 42.811874408069414 43.68367418356249 45.11730071119302 39.41778772350599 37.62173227747781 40.051329563355615 37.50505712866972 39.276385064281826 44.87754035670966 42.124052621496425 44.647034076757656 44.744883740988826 40.37312828162695 42.25814881994071 42.4135986848207 42.16336603067498 40.953478780481035 42.48661293016117 40.16396926996294 44.215954189609214 42.6838994729361 42.07271654571201 41.98362017203707 41.736471646414095 41.60895411036545 48.1680010430591 37.54666809385672 44.86784974162565 48.21690991859307 44.28668909175927 40.92008386711382 43.80019350241066 46.35021306241029 44.032694467023646 42.356737615525894 40.97786632211447 41.95617512492807 44.67222674571674 39.8239604260512 43.96266639200979 45.35741543208995 45.67026722694946 43.27566752555676 42.68596394205117 43.916275874560654 44.363367795598656 39.1228818271157 41.17398835259225 43.165794237756174 47.859966215402736 44.280047758869195 40.53567741956295 44.95957818691514 44.018989960317136 43.14961834297183 47.64657732979341 46.82448331998592 42.61339255342759 44.94335433349795 44.210587412814675 43.598420491364436 40.72817110254788
BragaTeofilo_POR0042TeoBraViriato_1 46.817006504389866 40.777386067055474 39.70616454988425 42.06539249488309 43.04362381081929 40.35112646003897 41.856151484604005 41.24487665715358 40.54785920470468 44.5369517211242 36.62796796263242 39.95154249200253 41.235080339967936 43.223757292648855 42.39633802090103 14.008762710725998 45.409896697855565 44.33614731202618 45.30943238495739 36.52059595507011 45.54780419383972 43.500500857855556 45.320012206884435 42.62069483825315 39.8554579216628 44.276485728369664 44.76502250892825 44.499074952396136 45.96362091716207 46.65324558287159 40.711148888984226 43.78442376545096 43.25557150547987 45.06393018113844 45.142511404213295 39.3601549111344 41.11971353792073 42.46285862486703 45.07883174513926 45.149673387203826 46.041585622833765 41.11853290937807 38.12939800742507 43.6155685861082 42.506159231964695 36.55138974762204 44.012711932491094 42.46406669612711 44.58127177789957 41.68026222655977 41.879539172291146 42.10046507415842 37.060069149160746 38.912126821463396 40.27518438449481 43.40526284108158 44.64900697125719 37.610843427068836 46.949163024415476 45.07504684469736 45.306939209540545 39.348766268883196 40.471136571501155 43.53252445921873 40.928593404325376 40.78375751926471 45.37782492139024 41.884331183929454 41.80862082225953 43.37999153348641 46.183982807155424 46.03742898498512 37.513330422029206 42.409031649691535 40.011970943554864 46.70026082909902 44.38504615560602 43.19351815661957 40.78362834034207 40.365622391235036 40.13769145628735 42.26516758993645 45.324025920820795 45.24287444143673 41.50168881533569 44.43772627571552 48.02087385513469 45.70121288686429 40.9308210531072 46.91487323756813 41.771380477255164 37.98463050127829 38.06460757209053 46.6608843159934 45.35549151124293 42.664237417963605 45.40904219133133 40.57186366607712 42.70975821850806 44.23750613413547
BrandaoRaul_POR0013RauBraPobres_1 40.12028731952069 41.26358615747965 43.466522703097795 38.572431891820166 40.34149906803137 42.25710930644271 42.781679244989995 45.793716727733155 45.01868596739897 41.12696261785953 47.76034466675888 46.5781565410205 42.671282501005706 41.58915492173555 41.45259266292398 45.409896697855565 14.008762710725998 32.66712897571543 31.705542535920653 46.99376426332003 41.19116020351804 42.169426188649055 42.16519120041381 42.047548963525315 44.23627923835367 42.321627556650036 42.69599593208509 43.53375830788187 41.22791259937577 43.76497708772697 39.43140855193778 38.8932571926664 40.428223000964636 40.62643421782541 40.053038843662165 45.61204299886217 44.37178333433082 40.081319940601894 41.91466038772916 43.86766109922891 43.282237017681524 42.09905285426966 44.08144057583826 41.012170928768384 44.58536508707437 44.84011798104711 44.43990941987515 42.18874932007363 43.01950729426137 43.66207399246685 42.229613230510495 44.04518422448855 43.62983660266951 46.8075073592321 45.70825711699815 41.21321289783262 38.592993998699036 45.54724473718241 40.44212362124737 39.34857130311453 44.706562297738934 45.25056292180065 45.01714415462912 44.306799445094995 42.669373818393474 45.57634958995432 46.5038136870746 42.38378147381647 43.12427517071742 41.6222120433925 45.360812285189496 41.84435944733222 45.44876049339607 42.12647391421473 45.97375157198079 41.86503445573011 42.6792603797997 41.70208694524468 41.855137162508015 46.04089873122764 45.05806786284424 42.26572416296826 41.36427691678526 41.53646698887245 41.415775952901015 41.15866717170959 44.401462509192406 44.36828795110971 46.74538958385623 41.70155677638688 44.261225370499254 45.22762346136863 44.8596015590454 41.51590166520214 42.193309462357554 42.71398621159106 45.33085777159203 47.64684808140771 45.97481263194711 41.007284745945796
BrandaoRaul_POR0051RauBraHumus_1 42.10463328222752 42.456706074842366 44.048291744697366 38.514459938850486 40.889626930044656 42.419609213829624 46.193164134858534 47.67721709328102 46.61521358739895 41.37937505560566 46.723140014291985 45.58793151652669 41.84538785094919 40.68331045537361 39.81423038154296 44.33614731202618 32.66712897571543 14.008762710725998 30.641707296278117 47.18369324000686 41.94896873373396 44.5964861570264 44.11101781760257 43.21943315207469 42.14400006071043 40.79519895611553 40.886354913841885 44.94940450457031 43.087573535257526 42.11418731034899 40.18662277871835 41.06360767296869 41.097104517613644 40.18233537518074 42.056712815608805 46.58391459167815 43.81322755023315 41.279019550746085 42.28850749195993 44.93209584746943 43.90882424584068 44.311632530995325 43.724027595688774 42.753362393846224 41.6665215018673 40.04193155760934 45.910165702127266 43.79369364140891 42.930253368533634 42.29547447809749 40.574955524700854 43.51267052449414 43.13893155856355 41.9460465016708 43.91356316833012 42.039252829435064 40.37476177685229 45.882468637131396 44.20030328238502 41.39928284367332 44.26503152141282 42.28506169599508 41.78152032733876 43.890240550262654 38.789151703047885 46.61497429156562 46.10123663610252 43.21330675719365 42.789550533550745 44.031060132164974 44.578490994226875 44.099254394587135 44.3770240637456 40.946403865211586 46.33550214220784 43.879179472339835 41.362204736124944 43.968782096654806 44.56873392006145 46.59687110463146 43.59342219404342 43.265646730600395 44.27140324981658 42.24510138310775 41.71086108165085 38.57121415689847 41.68165804514378 43.122924663184264 45.46090159128262 39.27041077328068 42.876718838588076 44.505611979097786 43.737868503295374 42.54248990280592 42.139036295396664 44.20123738277062 45.60431908218525 45.781729559496206 46.20418762198581 43.74394086073423
BrandaoRaul_POR0052RauBraFarsa_1 43.52192556389444 41.40139928444672 44.357851291343444 35.55866220740386 42.59489093280267 41.18360309786694 45.74648545103077 47.98946015467214 47.24709083263731 42.86474782280422 48.13066709237439 46.00469858937316 41.37437965259446 38.80204961727473 39.85635436701878 45.30943238495739 31.705542535920653 30.641707296278117 14.008762710725998 48.152453943674054 42.94940747304022 42.47043885858024 43.473241111076696 43.67439465955327 42.927097262201926 41.63362367205645 40.90539426093413 44.25624383684344 42.83900203345782 41.62880213306278 42.37968233336224 37.704899436444464 41.02351851076622 40.12111503623826 42.673978480951135 46.26512708605466 45.777906128494614 39.56845676366959 43.12248255151765 44.60061094966536 45.0038528566357 42.9246119175142 43.299872964796734 40.563575916023005 40.57901208910612 42.477819835648205 46.16542521916196 42.60296121270599 42.8504057311349 42.52973504800408 40.23338977787775 43.859658370827816 43.48639750873042 42.70346907037155 45.12235236057313 41.63871017049565 40.77732191215851 48.236000509088164 42.88841394104674 40.608143161257246 42.69463858457397 43.396683259119456 43.03234901795988 44.89318767812197 39.28520580860607 47.854870717867385 45.8271438593049 44.438988339716424 43.50188562315157 42.405376617777414 43.8185296779588 43.59341159476732 45.23644000427482 40.04050218138303 45.30417324686356 42.772294517156446 41.53907087761073 42.92767844710272 43.92687388949114 47.34719918989509 44.93331331705125 42.54447672277822 41.049139971981155 43.256087605485725 39.13605969452115 38.76429577720826 41.56090489266392 43.90987418294465 46.663298948200996 40.16664403784921 44.48113011464574 46.03225733676535 44.530971910464515 41.99038630484926 43.780989195887294 43.52435058394656 45.25992182219052 46.70555757988163 45.078646555090096 41.059015726080766
