 AlbergariaAntoniodaCostaCoutoSade_POR0033ACCSAAnselmo_1 AlbuquerqueAntoniode_POR0018AntAlbBacalhoa_1 AlmeidaCarlosPintode_POR0050CarPAlmLisboa_1 AlmeidaFialhode_POR0060FiaAlmRuiva_1 AlmeidaGarrettJoaoBaptistadaSilvaLeitaode_POR0004AlmGarViagens_1 AmorimFranciscoGomesde_POR0046FraGAmoSelvagens_1 BarataAntonioFrancisco_POR0049AntFBarCartuxo_1 BarataAntonioFrancisco_POR0059AntFBarDuelo_1 BarataAntonioFrancisco_POR0064AntFBarManuelinho_1 BastosJoseJoaquimRodriguesde_POR0077JosJRBasDeserto_1 BenevidesFranciscodaFonseca_POR0076FraFBenFranceses_1 BettencourtMatildeIsabeldeSantanaeVasconcelosMoniz_POR0070MatBetAljubarrota_1 BotelhoAbel_POR0020AbeBotCrioulo_1 BotelhoAbel_POR0053AbeBotLavos_1 BotelhoAbel_POR0054AbeBotAmanha_1 BragaTeofilo_POR0042TeoBraViriato_1 BrandaoRaul_POR0013RauBraPobres_1 BrandaoRaul_POR0051RauBraHumus_1 BrandaoRaul_POR0052RauBraFarsa_1 BrandaoZeferinoNorbertoGoncalves_POR0031ZNGBCovilha_1 BulhaoPatoRaimundoAntoniode_POR0048BulPatPalida_1 CamaraJoaoMariaEvangelistaGoncalvesZarcoda_POR0080JoaCamCastelMelhor_1 CamposAlfredoLuisde_POR0024AlfCamCabinda_1 CamposClaudiade_POR0068ClaCamEle_1 CamposJuniorAntonio_POR0037AntCamJNamorados_1 CarvalhalAlvarodo_POR0089AlvCarCanibais_1 CarvalhoMariaAmaliaVazde_POR0044MAVCAlice_1 CasteloBrancoCamilo_POR0010CamCBPerdicao_1 CasteloBrancoCamilo_POR0011CamCBMulheres_1 CasteloBrancoCamilo_POR0012CamCBMisterios_1 CastilhoAntonioFelicianode_POR0030FelCasChave_1 CastroeAlmeidaVirginiade_POR0066VirCAInnocente_1 CastroOsorioAnade_POR0002AnaCOSacrificada_1 CastroOsorioAnade_POR0062AnaCODiario_1 CastroOsorioAnade_POR0099AnaCOAmbicoes_1 CordeiroLuciano_POR0100LucCorDuquesa_1 CoutinhoManueldaCruzPereira_POR0096ManCPCouElvenda_1 DiasCarlosMalheiro_POR0074CarMDiaErvas_1 DinisJulio_POR0001JulDinMorgadinha_1 DinisJulio_POR0007JulDinInglesa_1 DinisJulio_POR0015JulDinFidalgos_1 EcadeQueirosJoseMariade_POR0005EcaQueMaias_1 EcadeQueirosJoseMariade_POR0008EcaQueRamires_1 EcadeQueirosJoseMariade_POR0009EcaQueAmaro_1 FicalhoFranciscoManueldeMeloBreynerCondede_POR0021ConFicEleicao_1 FigueiredoCandidode_POR0090CanFigTres_1 FigueiredoMauriciaCde_POR0035MauFigExilado_1 FonsecaFaustinoda_POR0014FauFonMindelo_1 GamaArnaldo_POR0091ArnGamDinheiro_1 GomesFranciscoLuis_POR0084FraLGomBramanes_1 GraveJoaoJose_POR0041JoJoGraMorte_1 HerculanoAlexandre_POR0003AleHerCister_1 HerculanoAlexandre_POR0023AleHerEurico_1 HerculanoAlexandre_POR0038AleHerBobo_1 LealJosedaSilvaMendes_POR0047JosSMLeaEstouro_1 LimaJaimedeMagalhaes_POR0032JayMLimTransviado_1 LimaSebastiaodeMagalhaes_POR0028SMagLimViscondessa_1 LobodeAvilaArtur_POR0072LobAviCaramurus_1 LoboFranciscoBarros_POR0097FraBLobGil_1 LoureiroAugusto_POR0098AugLouBruxa_1 LoureiroUrbano_POR0092UrbLouQuintino_1 LousadaAntonioJoseCoelho_POR0040AJCLTripeiros_1 MacedoDiogode_POR0029DiodMacCristao_1 MachadoJulioCesar_POR0082JulCMacLisboa_1 MagalhaesLuisde_POR0043LuiMagSoares_1 MascarenhasMiguelJT_POR0027MJTMMariaDaFonte_1 MeloTomasde_POR0034TomMelLuiz_1 MendoncaAntonioPedroLopesde_POR0057APLopMenDoido_1 MesquitaAlfredode_POR0095AlfMesRua_1 MesquitaMarcelino_POR0087MarMesImpostores_1 ModernoAlice_POR0056AliModSandoval_1 MoreiraJoaoBaptistadeMatos_POR0073MatMorTempestades_1 NoronhaEduardode_POR0078EduNorAgonizar_1 OliveiraMartinsJoaquimPedrode_POR0067OliMarFebo_1 OliveiraMascarenhasJoaquimAugustode_POR0071OliMasArrabido_1 ONeilMaria_POR0065MarONeiMarquesa_1 PestanaAlice_POR0083AliPesPrejuizo_1 PimentelAlberto_POR0022AlbPimCintra_1 PimentelAlberto_POR0055AlbPimAnel_1 PimentelAlberto_POR0058AlbPimGuerrilha_1 PinheiroBernardinoPereira_POR0094BerPPinArzilla_1 PinheiroChagasManuelJoaquim_POR0017MJPChaMeianoite_1 PinhoMariaBenedictaMousinhodeAlbuquerque_POR0086MBenPinMarina_1 PintoFortunatoCorreia_POR0075ForCPinAgitador_1 PintoJulioLourenco_POR0079JulLPinMargarida_1 RamalhoOrtigaoJoseDuarte_POR0063RamOrtMisterio_1 RodriguesManuelMaria_POR0025ManMRodRosa_1 SaAnaMariaRibeirode_POR0093AnMRSaMathilde_1 SaAntonioManueldaCunhae_POR0081AMCunSaParte_1 SaCarneiroMariode_POR0019MarSCLucio_1 SarmentoAugusto_POR0085AugSarProvidencia_1 SarmentoInacioPizarrodeMorais_POR0039InaPizEngeitado_1 SilvaLuisAugustoRebeloda_POR0016LARSilFantasmas_1 SousaMariaPeregrinade_POR0069MPerSouHenriqueta_1 SouzaLopode_POR0061LopSouLagrimas_1 TeixeiradeQueirosFrancisco_POR0026TeiQueSalustio_1 VarelaAJPereira_POR0088PerVarMiseraveis_1 VasconcelosAntonioAugustoTeixeirade_POR0045AntATVasCastromino_1 VasconcelosMariadoMontedeSantanae_POR0006MMSAVLourenco_1 VieiraJoseAugusto_POR0036JosAVieDivorciada_1
AlbergariaAntoniodaCostaCoutoSade_POR0033ACCSAAnselmo_1 0.143719031442 8.682959080295879 7.466703574446017 10.144944732860525 6.284453239184743 7.4692653198484384 7.114560400509611 6.767183851344093 7.355202684667618 5.725767231237626 10.076312836941762 8.115618171109682 8.81864383132138 9.205999724238717 8.74262962558223 9.252442842077501 6.054945729819906 7.272802618357247 7.247398839756392 8.539386400966674 7.753995862420673 6.23852604942584 6.562452542066975 8.057636293832545 6.475416519645064 7.624228835787991 7.448665458062377 5.059612056401528 5.564576944428113 5.089277948354036 9.045544249983523 7.576942513708203 6.754330225646894 6.258151305595049 4.801247471962855 6.735158776509039 6.700245882556147 9.092472920034021 5.493424109656467 5.3905604233506486 4.261271729620096 8.738871601327434 9.196797982155227 7.755737370404649 9.428764067190205 9.975435090788729 5.0865508221307545 7.013408905123382 5.596119971664744 8.197444106313126 7.364864934442488 8.596152345832008 9.72614339137484 9.03066752763262 8.624493763906633 7.554448631351887 8.438435205012402 6.718789206966201 4.339635746109847 5.9124447495120815 5.866912378944713 8.640775038429009 7.989740554177765 5.825512984916493 8.959468482598647 6.7594167917907155 5.476913075961265 7.945501041767657 6.882962514363853 6.428061623138356 6.362463463069578 6.399754684467237 7.829128462183537 6.842561107243292 8.616416389305058 4.337557595110159 7.407887020086406 6.394777868772639 6.363450100490754 7.596242514221334 8.555725594580464 7.9726830527345856 5.703295180796017 4.369779223105165 9.356417881818523 7.655701933761341 4.711266077943549 5.884875344318292 7.32244669525813 6.5465277774249895 6.987078069937898 8.778052076281043 9.284411147028932 4.638998669538101 5.780748740321573 7.014696799801408 5.179816528298939 7.128867924906694 7.315520011445869 6.767811164572574
AlbuquerqueAntoniode_POR0018AntAlbBacalhoa_1 8.682959080295879 0.143719031442 7.744403760526934 4.680188196498917 6.875798447554962 7.39522584454205 8.111544423803347 8.22673039077826 7.834346225496463 9.100665118782706 7.1796694287803 8.536019702314695 3.9947458149653468 4.66306531533488 4.326791813801297 6.637688468070063 6.563171725720131 6.402684425937674 6.032544898701921 7.1495995747219165 6.805341170153936 8.247884725640933 7.893318666493796 5.951633764133146 7.59991322202097 7.263427405875094 5.82972304784654 10.046093155420426 9.287394485582256 9.63607607077455 6.0531687839710955 6.309266435018082 6.6697853617252685 6.793767372254648 7.078599467127341 7.3245337839677065 8.611009682024596 5.420576268561177 8.100459691654267 7.975368357200844 9.188856826686022 5.778590234270725 6.442199716930247 6.3030090640551215 5.244043257545186 5.648933451078621 7.5716676638908185 7.526868309885743 7.944675424034946 7.056108563325197 6.00800563556445 6.964007493772854 6.273971617988877 6.33596635949176 6.372838310852511 6.379619484833333 5.618004553245544 7.922215222765567 8.240413826272036 8.712021497595137 7.489742786068341 8.121917781006966 5.543046507110489 7.981250633399099 5.461228738253905 8.171953528232493 8.732409316300703 7.816976616860741 7.329956115592297 7.466065280507047 7.796322038307708 7.6282470170119066 6.624645224127623 7.422880750454503 6.228497079594517 8.31541749832969 6.357810985849057 7.730952466270806 8.95174061655709 8.085920819743434 6.675602968713627 7.256866427165529 7.563599170408736 8.442042372688483 5.22384238097988 6.444463206717709 8.064212023907158 8.048605082990697 7.628710486771831 7.056619236862366 8.847931023223692 7.6350376906631245 6.436675810132226 8.891855330245797 7.743532978040323 6.20721633379238 8.182697032851088 7.68863731772268 6.9731586136128145 5.691450122779144
AlmeidaCarlosPintode_POR0050CarPAlmLisboa_1 7.466703574446017 7.744403760526934 0.143719031442 8.296258893623728 6.325674307118681 7.1872495892691175 7.2414008481775545 6.699872796948367 6.378046148117781 6.792286930184714 6.603252706530995 5.543194911040486 7.954554013170591 8.61481505584615 8.692690455003348 5.95377710288186 7.3572668992537364 7.857056098462606 7.937177127056799 6.8151753177890315 6.738342730435883 6.653383014237115 8.153925084875857 7.569460058551242 6.94172938305715 7.123410899035471 7.740991899833195 6.216810106197668 6.490106129166274 7.066469195575563 8.02609877561422 7.311856393985627 7.178649707796364 7.897681098314134 7.352741026763407 6.446330650276077 6.519988169088512 7.635044678026912 7.664075417290903 7.388980794789081 7.358472989060609 7.908658635762059 7.227852613263437 7.912809114324159 8.818851867783547 6.829931502526557 5.846414576358047 7.999592453217165 7.093397872295085 5.253516992917509 8.516377719626984 6.681327877298526 6.469078121085491 6.025572775350309 6.629279252647628 7.397128187370299 7.873534962314176 7.018076424585582 7.484368525599043 6.985381200761996 7.298233543807978 6.210476150404897 6.156716031475365 6.5731896453951535 7.97716759381325 6.513911265273298 6.964035146709784 6.311260474965786 8.225973410557838 7.720944165950564 7.993164638035474 6.086680737949258 5.97235979901881 6.433239428695461 6.266307345189403 7.338792485587276 8.30498169037273 8.059420921650153 6.746133059646991 6.751183276920471 6.145602687545565 7.273965653514444 7.497493751477059 7.395255598410637 7.373364907173119 8.055365342687377 7.943382029173513 6.77381568317882 5.855778314087343 8.450993623060793 6.282969853272224 6.01694540143762 6.125236927748167 6.048352990598151 7.475402980477463 7.203263558561124 7.667113369897688 6.511791328352956 5.732748673468334 8.118420846698626
AlmeidaFialhode_POR0060FiaAlmRuiva_1 10.144944732860525 4.680188196498917 8.296258893623728 0.143719031442 7.60940967251396 6.9353224296482106 7.319577929878539 9.000456452273509 8.406863818694545 9.259748350110854 6.924006096049326 8.888282447450978 4.504294063123987 3.4082903127344077 4.647558949344976 7.015644424164742 5.323480968427048 4.693823962229515 4.103941999959963 8.219298469724379 6.667627579665032 8.031651191259167 7.214763657421966 5.938154258054004 7.679520455187727 6.088501512034661 5.895803725468192 9.262066893179401 8.007474927227143 8.51490419022142 5.556579573097721 5.748936831610685 6.8329031641555025 6.871159041676084 8.610763200282808 8.36959162222123 8.32538510691161 4.6399693386140966 8.586134330576899 8.874472976803583 10.105208808768772 5.451715439385933 5.822328567336058 5.5547019854189035 4.254842038042115 5.206607854054937 9.966183526311134 6.583395293172867 8.406184223804669 6.936688074366036 5.185460786245836 6.851557964190287 6.486273387826759 6.686334093454198 7.151563159557931 6.140818354486555 4.843364689138621 9.504783803270342 8.490278406809935 7.806028687869791 7.520515939514967 6.9153912345513335 7.1403368704249885 9.134274513674766 4.317308202923042 8.961860390740764 10.069053023188273 7.38260207757203 7.273785764830625 6.9772728517162905 7.2733124186021225 8.563377641457823 7.809147009500308 7.1813464484893235 7.937516185594358 9.048590780068729 6.1967800501176775 7.475564479601649 8.904341791538508 8.405497611568894 7.483362339914991 7.269919188515267 7.032337634878109 9.313800386776387 3.5389568436478815 4.9145257893044025 9.037429856804138 9.395255603887806 8.920710310029667 6.303330912052115 8.991196528812049 7.880233048301429 6.124250243361127 9.02412957229217 8.810942977412022 6.301454899688829 9.342954504750967 8.793011329315592 9.099457670325913 5.496958020701478
AlmeidaGarrettJoaoBaptistadaSilvaLeitaode_POR0004AlmGarViagens_1 6.284453239184743 6.875798447554962 6.325674307118681 7.60940967251396 0.143719031442 7.681899961368149 7.144220183664937 7.20153673193437 6.714498144355447 5.633232763323942 7.740285456820493 7.624152284405609 6.4429208864479355 7.419212874180661 7.1621793369805555 7.476927974093143 6.172548817213396 6.817575303424013 7.064978587724158 7.706225280382295 6.817215417686409 7.7254962356721775 6.83527450634398 7.388395936103695 7.0689271862011385 7.594268736396868 6.1073434801587405 6.541019276786391 6.499700819429984 7.221632126439552 5.9080608399145635 8.239323743348082 6.311145054714459 6.115515280484809 5.512199562233575 5.442265286567705 7.165258236642911 8.636284484790115 6.977503532456889 7.151147155340523 6.476560834103792 7.252351124486538 7.470710993706364 7.79357852241645 8.381328936064845 7.117089360901167 6.670276917527761 7.988575532240767 7.183229061502757 7.197804788718582 7.730840033068371 6.863437239968816 7.754911735988377 7.593392060719936 7.81841250347138 7.527019998407429 6.923498772626877 7.747577320045034 6.584760354165958 7.190471569927034 7.434874333649248 7.824351555985063 6.860589063829903 7.004800520901794 8.540267082099756 6.392028580281714 8.358359978932487 6.7718985263115705 6.172210038214664 7.322864171442067 7.817502736024101 7.3215506773431525 7.780801116561272 6.803344204716184 7.82770726851549 6.893213167081886 7.754237027047082 7.736633043035618 7.239395633916613 8.003473151532212 6.071585415791459 7.365307440483916 7.239040017552361 6.771307433162742 7.828679900759381 7.681887405958139 7.2329125573254265 7.3679738956106515 7.561378628642116 7.148854371378 7.813294082352453 7.08379004548145 7.358726988643129 5.551682579804448 6.800012041126604 7.607987979502036 7.941395738592873 7.063113287447231 6.302049223629564 7.1371458746034655
AmorimFranciscoGomesde_POR0046FraGAmoSelvagens_1 7.4692653198484384 7.39522584454205 7.1872495892691175 6.9353224296482106 7.681899961368149 0.143719031442 6.750700067887207 7.3871872197701665 7.293572058746015 6.34646264566744 6.433096914755447 6.471102421506734 8.828325566904397 8.608592755465732 8.332702583411322 6.547676978443148 6.8926879470833 6.745577729714289 6.875527037054238 6.770172632063778 7.042107836048912 7.893403815620483 7.000541744282899 6.990955750622432 7.7073177987534 7.133969751322495 7.610692215947317 6.57564943305281 7.130643370908252 7.450466793130127 7.093294549837055 7.2908191186104006 7.785436399025641 7.448352501477389 7.844928699814147 8.043506851331868 6.015371473490557 6.971012394847681 6.870448502416972 6.8548694570756465 7.160723577029074 7.142743294708581 7.701613763987501 7.294626662092241 7.765779521632414 7.074617108203445 7.228920365564294 7.023036157976624 7.123957179795702 6.364894605103692 7.395575401732136 7.280752884810191 6.598152441304101 6.9892214476536 6.822825497146235 6.7151701217656 7.18153294200388 6.8571694479811 7.1180975921448155 6.562414616283718 7.388349988680845 5.775538298987839 7.479407318983912 7.111324404371141 7.7616353007359935 7.147705227358329 6.62008075732725 7.4290135784168445 7.242301604150804 6.4978001931254 6.811299198844995 7.318011532886231 7.300134987766659 7.271045328778364 7.437783073215626 6.751978896886449 7.175904564262204 6.51046711344476 6.119977125426528 6.894816519494663 7.736786389636273 6.920261329341818 7.177542295743438 7.047149130197223 7.858192308307277 6.580873199082033 7.30780764579211 7.278688103060384 7.148037846089343 7.238814739450678 6.269677048467345 7.722424263386529 6.6788047962357995 5.748803994583291 6.744187037059879 6.723709126012137 6.32884003139495 7.587684488900248 7.14869992142992 8.26063399856507
BarataAntonioFrancisco_POR0049AntFBarCartuxo_1 7.114560400509611 8.111544423803347 7.2414008481775545 7.319577929878539 7.144220183664937 6.750700067887207 0.143719031442 4.022589516813394 4.132373935174686 7.559088068049372 4.8376435804304805 7.349084699672921 6.971168404943335 6.5204735969374825 7.042794407417294 6.6398423953652985 6.987560574109254 8.768432613481052 8.534427866482629 5.3629067810152335 8.645021908250175 5.975173165225012 7.230843713039486 6.601870078043008 6.6465893277542545 7.2008510368217715 9.66392498350829 6.053302657052824 6.723338847784421 7.159124270413623 6.605541833444185 7.740716736689875 8.521144307631461 8.917958001284937 7.789927528513498 5.315792332278689 6.23024282131834 8.045106135625009 6.7384633911315035 6.050417364808679 7.274190736437112 6.49336895089489 5.366554548240471 6.885697961224176 7.199218000732074 7.251120394321219 7.295155634492555 6.036340955517111 7.561206729250861 8.815111146404114 8.062886796420784 6.728109878941871 7.679531231933706 8.606097253928125 6.837579208764255 8.12410224345387 7.011310753812974 5.756869936051701 6.157332360716168 6.284753976895443 6.844838037078785 6.251737142768648 8.16707160689362 7.669509346696071 8.4234598009251 5.964613810967674 7.787176761528588 8.652818247391885 6.251841448081714 5.523264282237464 7.231691188274557 8.12575317712826 7.417560121964304 6.963227685552222 6.889706879104123 7.05212711790746 7.599999529062065 6.165570387429522 6.17448209263529 5.6719695933005525 6.9443942772386595 8.330852490816122 6.482360795658768 7.400727137136679 8.512579833289951 8.241089559900583 8.42732825385022 9.009371962311084 7.286846043089856 7.837785693780239 7.165747109571668 7.143926684021242 6.708992231967298 7.629579489968318 8.995220372236629 6.982100334161438 6.407732758071349 6.76626345075509 8.950628239795961 8.173630095967573
BarataAntonioFrancisco_POR0059AntFBarDuelo_1 6.767183851344093 8.22673039077826 6.699872796948367 9.000456452273509 7.20153673193437 7.3871872197701665 4.022589516813394 0.143719031442 3.358741724219419 8.07718440903736 4.904293597681256 6.3141632119299285 8.291719077875307 8.313627749821872 8.562890916514379 5.953018836461974 8.70803003862547 9.624146070965931 9.837772245453705 5.1360728238287106 9.078080739524271 4.659442617176525 7.926440662565547 6.8655133307875955 5.853628255109063 8.369658074317533 8.534486445910037 6.0577984737219 6.969422584295798 7.0364108939611665 7.427048229962634 8.05993060847886 8.860044461118198 9.337000610619619 7.63933370457098 4.06420351968546 7.543003874264165 8.23176105046788 6.998282983930091 6.502411146595425 6.912686673655738 6.795149451463716 5.932007397067114 7.136344360623779 8.019969169522232 7.817014014765338 6.854886545937142 6.56396361233163 6.947872087176131 7.562976264443854 8.881985245525616 6.516212725182055 7.065181116849029 7.237050891410209 6.685727860006431 8.11953747687004 8.271592836762608 5.149166767973198 6.391320257038049 6.976452729479622 7.352168497068098 6.395035888033576 7.102574204930791 6.518145817791393 8.628684980768254 5.8109050312122985 5.853215300709868 8.275156841922316 6.670659009391599 5.94788830080838 7.028784141298411 7.653742174802188 6.660041568145985 6.971440230413842 6.110922166380883 7.02622707329437 8.078989688786235 6.425239074668128 5.814464685093979 4.558742189117326 6.48781181349396 8.153954759372443 7.225418762190599 7.765656357223813 9.251983425428856 8.661374337509232 8.171552969657991 6.808944937777061 6.027467998381595 8.816244172411517 6.7501164209813265 6.6959072633519 6.3718306521708135 7.555325769793913 7.718623268972141 7.342508770935088 6.17043071649951 5.031057091377668 7.985181308422691 8.591068565385344
BarataAntonioFrancisco_POR0064AntFBarManuelinho_1 7.355202684667618 7.834346225496463 6.378046148117781 8.406863818694545 6.714498144355447 7.293572058746015 4.132373935174686 3.358741724219419 0.143719031442 8.072059028313564 4.531989538359743 5.850324673291921 7.682398250715293 7.848549892139293 7.812684606367249 5.683576151753594 8.433205392876369 9.405817131442229 9.713081370533846 5.082904355701267 8.741120923125479 5.588460105082838 8.11653682414041 6.570888677841104 5.902247694257143 7.820462452665849 8.593403922294147 6.331433006104913 6.967171467499261 7.780520847698956 7.117675868820709 8.18190254118761 8.502698426906592 9.169904682222231 7.903004265142859 4.215847246943648 7.496445666362786 7.981146922115521 7.000471227848603 6.579924360371825 6.996837183057338 7.04901984080907 5.955710615995515 7.415035659967423 7.932266251690855 6.93534376872941 7.038230321850706 6.63282818321107 7.469566228455118 7.1558034747781285 8.709400484587078 6.1937705654909925 6.635779259484768 7.057349200369277 6.143286212258682 7.564435721777232 7.804254754393233 5.365834856721603 7.194445305730813 7.33800170225977 7.292297764325265 6.096718361342735 6.210684889273485 6.89517838696373 8.602615556994685 5.3344233332939295 6.58376699921271 8.345293746467533 7.058255907846319 6.056114796259296 7.640253335164886 7.992476396062606 6.480681252327849 7.275136932685944 5.644148546423369 7.517161806462269 7.925303878906016 6.8507250990989785 5.9158853997735905 5.072176419301729 5.915582670423237 8.129214032236003 7.9432688029839085 7.9495582685158945 8.769358962343032 8.847736192916768 8.676069597183254 7.605502398281855 6.030654363541025 9.263721911815486 6.426143171024413 6.3471513437573694 6.125586200677717 8.289539323566117 8.096697692430197 7.328374143032843 7.1106478840472676 5.396949866491473 7.754424823150967 8.74851096338974
BastosJoseJoaquimRodriguesde_POR0077JosJRBasDeserto_1 5.725767231237626 9.100665118782706 6.792286930184714 9.259748350110854 5.633232763323942 6.34646264566744 7.559088068049372 8.07718440903736 8.072059028313564 0.143719031442 7.6201394324991165 6.637246035862467 9.530933688733658 10.278914551482696 9.0993654865561 8.21666096547886 5.99986257670718 6.250124318567036 6.847464745191211 6.780839935699797 6.238839335783691 8.772893259305226 6.647573978884561 7.599036976462961 7.899858788945941 6.985972645948898 6.919634926400936 6.04570510630066 6.421700789261597 6.360141565620776 5.54652534380167 9.300906955604283 6.58362631706771 5.1736460619130415 6.472821792792442 7.561283204953116 3.894745910732352 8.978344506526232 6.25220929074697 6.861107024727671 5.5169714526383595 9.237615208193121 9.15589725159351 9.075048509869616 8.818440019199912 8.017696967984277 6.111848973340463 7.466255050547318 6.331078732613236 7.6782756483882215 8.394725427709503 8.027993901896947 8.420232834830491 7.835227397217219 8.083316212598598 7.7742761431962055 8.105278528410842 6.965973830427085 6.805418036332797 6.395384443792051 7.908428975725304 7.985142282710539 8.65589918040701 5.909165229600953 8.95483814147966 6.41636213141634 6.76215834248179 5.451347609751635 5.4963529582972654 8.104324573471285 7.194514408904454 6.611914967953398 8.40719741004831 7.621357499448333 9.57184495411992 5.9518871175419745 7.130852875583314 7.121651612701066 6.541030119942174 7.8048248223642425 6.298658967657543 6.505266968987396 7.17809009838978 4.238111240719073 8.74081988953694 7.377656744564291 6.008981372796499 6.431814040741349 7.5283480980305395 5.300468755061264 6.139840527930351 5.898535112630427 7.943253525837741 4.367238121985663 5.7038941853553595 7.754764736303152 6.525580097891081 7.266942739505486 6.428570130195459 8.116317778260534
BenevidesFranciscodaFonseca_POR0076FraFBenFranceses_1 10.076312836941762 7.1796694287803 6.603252706530995 6.924006096049326 7.740285456820493 6.433096914755447 4.8376435804304805 4.904293597681256 4.531989538359743 7.6201394324991165 0.143719031442 5.282359971791844 6.554702702562065 7.1980051305362185 7.110777857553197 4.139115269134494 9.345149119965999 9.085353102688435 9.89706272510494 3.7653672926487225 8.365482579533042 7.64658052197847 8.280414269839582 5.855297657295689 6.318701387839 7.953876253486859 8.66117613493153 7.885000967697215 8.659592615065367 8.981048149134029 5.733772424280898 8.950754939360003 8.62036525622552 8.943633829837044 9.119906157245582 4.104093155117272 6.552041631892572 7.525288442339674 8.362678756636456 8.015367451392198 9.143089491505403 5.681712592485223 4.172253415441922 7.23050430667583 6.799192634535022 4.762702684561835 7.473309699508886 7.495061644447465 8.894121410093994 7.2995809067487585 8.278547219334381 5.8529561894705475 5.526734690170825 6.059408465338103 6.4440280928792895 7.477200478442079 7.253212875419144 5.075610420323763 9.05678756042931 8.583159521741349 8.424262059266141 5.52285055729466 6.766051330576343 7.639545345556469 7.324114140092195 4.746685051043799 7.640353246184511 7.6369230733589974 5.812634855769444 6.279582307698341 8.007748785894886 8.596663104762829 5.7967768547789085 8.113620752173194 5.641345349951525 9.461871756731966 7.214074874592865 6.4798818220270435 6.1260975286422 4.670764829444993 6.0116807098468605 7.945922870977262 8.590701124094384 8.83557298824897 7.659185819771083 8.702980464187672 9.762285964162341 8.596241694323522 6.144145129866722 8.046634673291955 7.094991052152238 5.374738131320218 5.37536410891276 9.667743533289116 9.341696670920328 6.548381751670949 7.911534401655996 5.526331882994962 7.324538747782127 9.187637313327038
BettencourtMatildeIsabeldeSantanaeVasconcelosMoniz_POR0070MatBetAljubarrota_1 8.115618171109682 8.536019702314695 5.543194911040486 8.888282447450978 7.624152284405609 6.471102421506734 7.349084699672921 6.3141632119299285 5.850324673291921 6.637246035862467 5.282359971791844 0.143719031442 9.688193797550289 9.636040825088397 9.904058215674546 5.371385830149521 8.973214221319857 8.446388494035398 8.935452463216809 5.845328045385744 6.22031448286914 6.8287849224972605 8.607891724230031 7.190670840187113 6.963312342640062 8.327605585421225 7.297680688532178 6.356184141972017 6.940791195306091 6.920146622330902 8.569522309330639 7.536467286897058 7.183829151776026 8.047734660956435 8.578056612020282 6.462997691427743 6.945001860153616 7.0903571409970185 8.327980098843442 8.481668198701312 7.366011829124656 7.624804468775663 7.8621351058800295 7.90860024726236 8.65754554213736 7.706969580107036 6.5527375050728445 7.498444216807469 7.186361179336163 4.886920490541618 8.942979791017786 6.376712483879356 5.640294085184844 5.552244497422032 7.020538307765179 6.7371761726997414 8.485607386137943 5.616554583946537 8.80597862614107 7.905606055193957 7.8066093551245155 5.979006504158288 7.010305876954933 5.828825365481537 8.13522050037235 5.912344478932142 5.390537759227695 6.207509361420355 7.747326529327861 7.411283950316553 7.3974538629509645 7.0142431927930415 5.322023078535415 7.5168213703914075 6.072465919760654 7.408752239156879 7.556966708220841 7.483621970131472 5.457601618303019 4.79612967606355 5.938702629660165 6.6833613523328745 8.503525463271059 7.133140033712151 8.280978792506675 7.886581850264681 7.785020104903044 5.491593553582891 5.486179652424075 9.262474425723696 5.7686976625602515 4.863148938086092 6.631803618667495 6.551148797815105 5.8717390897804265 7.529517877746834 6.8749868211445415 5.34945776332888 4.8037095444024 9.163044269760093
BotelhoAbel_POR0020AbeBotCrioulo_1 8.81864383132138 3.9947458149653468 7.954554013170591 4.504294063123987 6.4429208864479355 8.828325566904397 6.971168404943335 8.291719077875307 7.682398250715293 9.530933688733658 6.554702702562065 9.688193797550289 0.143719031442 2.7301480780069443 2.392680910229111 7.136407826667581 6.978409242901318 7.125811237478901 6.618774157981496 6.70107144491751 7.802163441456967 8.17750146197837 7.424492743875929 5.816510260531897 6.525329742479731 5.449498218236713 6.187353931943839 10.004720104109937 9.076683395844936 8.686642019537015 5.732784604103339 6.751440451502826 7.020515482569622 6.910278068392075 7.3945057605867515 6.011761407693374 8.493678555985017 6.027305061701347 8.409031458103772 7.902164073172833 9.628056429856086 5.595065414165046 4.7660976579796515 6.556814981168232 5.157445211341876 5.197083825123274 7.953621347970814 7.552754562672729 8.712235209060681 8.53606411870365 5.0492612566500785 6.738395915773312 6.889974652774254 7.294150784851858 6.420846873902634 7.2688383316711755 5.241847576099162 7.714593654538817 7.689530496134458 8.523004042725052 6.614098266433351 8.022079559061781 6.177918656340753 9.16073598282389 5.068704859335984 6.922706949386423 10.109516926945492 7.544939812348751 6.482119144584444 7.574222992143068 8.335105310844149 7.371192457140595 6.882825337390371 7.616217447237401 6.369061826136223 9.063566113203706 5.951528293361791 7.56558555558449 9.250382919916929 8.289132196312936 7.10194384054564 7.63508346879055 6.724328341412665 8.72761524938702 5.430710960496027 7.1421414384538355 8.178808216830932 9.761592126831445 8.340008590144153 6.2323470388407305 9.532377676702641 7.800204503074039 7.210286129748316 9.97364921443364 8.96856520476908 6.881350196656805 8.931430604554873 7.82617050329223 7.021097647346062 5.523451780516317
BotelhoAbel_POR0053AbeBotLavos_1 9.205999724238717 4.66306531533488 8.61481505584615 3.4082903127344077 7.419212874180661 8.608592755465732 6.5204735969374825 8.313627749821872 7.848549892139293 10.278914551482696 7.1980051305362185 9.636040825088397 2.7301480780069443 0.143719031442 3.071427821462207 7.794015656294876 6.105706874843197 6.037604761470053 5.222651755820949 7.495910779591723 7.660505999840291 7.329040529042491 6.705170055029945 6.263043666927885 7.063155107989123 5.824925145797744 6.971305111516705 9.566181153115979 8.029601821127628 7.7136888135158905 5.89931947415737 5.653488361626211 7.535355239011308 7.8780369338105265 8.308786504648113 7.449056773884552 8.947709732251623 5.401329505037532 8.021390738433867 7.955390469031835 9.958276656650241 5.408434760579046 5.135994567766793 5.797596087706629 4.30996091720857 5.081294332873702 9.165197082818347 6.624465523935206 8.089939911329882 8.398730133976988 4.5519999586403 6.764896365933908 6.735224058870142 7.0470217026906194 6.811425325486148 6.943865202048357 4.493357172110647 8.433471520499022 7.71972835368434 8.329267238990663 6.461365006043674 7.364162649496151 7.0229010097086 9.375772432292813 4.5310806464582125 8.240541771663255 10.16635898250956 7.885130427845064 7.106291926419914 6.480268547240693 7.529946804615422 7.990099232664986 7.425929669184932 6.695935575919736 6.918913964217201 9.167737395405599 6.600977028935162 7.548347520872674 9.24476643027506 8.735717671757893 7.507672160048204 7.322308038670108 5.805971865409426 9.342479340808064 4.498030921344514 5.419164098881483 8.160354629875766 10.172858418260908 8.95947132324707 6.131865574174957 9.052072390561317 7.9097051793819935 6.613631705778749 10.237431875498098 9.415149200990017 7.059845205780552 9.050912233827965 8.999303434291678 8.537270817130048 4.979576420572737
BotelhoAbel_POR0054AbeBotAmanha_1 8.74262962558223 4.326791813801297 8.692690455003348 4.647558949344976 7.1621793369805555 8.332702583411322 7.042794407417294 8.562890916514379 7.812684606367249 9.0993654865561 7.110777857553197 9.904058215674546 2.392680910229111 3.071427821462207 0.143719031442 7.610483249595515 6.775325038289985 6.323227904241324 5.912913298935743 7.368730437389444 7.784353444210487 8.140491581045266 7.185602384522975 6.2762215313171055 6.844625886714104 5.527967408182718 6.905107683318468 9.732267070014306 9.278942938516394 8.672998589789998 5.755157703915959 6.282087695777114 6.80818202790848 6.833296986654412 7.205215627782482 7.507468037660143 8.445984680410817 5.719663614505472 7.525526937297867 7.437858976697791 8.832145657796788 5.585176123617974 4.9574318159448865 6.186234752293029 4.725039657731674 5.876871322637095 8.366474458470883 7.206986719583547 8.46283792278865 8.549314660105738 5.732976846820776 7.02959407030356 7.057582551554094 7.238254048758906 6.279990632238973 7.084907623261276 5.336051552136293 7.871765087664749 7.401631312234071 7.422770575232166 6.932766008173282 7.616490823382102 6.469917104847617 9.562705426238713 4.997345833647074 7.920854162932629 9.889204087453873 7.886783575557934 6.367266869758694 7.425558216760612 7.981450343966891 7.188649935640189 7.424367960031266 7.1907624901262155 6.500532276802616 8.40420615225462 5.52593664119331 7.639081857977139 8.896998103143364 8.677063395234924 7.0355745768022295 7.325663900781143 7.1982981859486825 8.271747571678487 5.7012064956332145 6.61936842995442 7.3914804074732094 9.41171629931977 8.248155926467769 5.860702205044317 8.67106117166624 8.063794789288067 7.449817946018745 9.678534680361246 8.96212764157796 6.938307627008178 8.218671578850348 7.999164113177796 7.651823419793516 5.944981582782296
BragaTeofilo_POR0042TeoBraViriato_1 9.252442842077501 6.637688468070063 5.95377710288186 7.015644424164742 7.476927974093143 6.547676978443148 6.6398423953652985 5.953018836461974 5.683576151753594 8.21666096547886 4.139115269134494 5.371385830149521 7.136407826667581 7.794015656294876 7.610483249595515 0.143719031442 9.232757463668758 8.534525758735525 8.965982142822776 4.246431519473693 7.885529834225029 7.480289506878014 8.706106175812833 6.826821815749386 6.10728120501378 8.17335892187411 7.667838528789024 7.419277967176673 8.236007850890708 8.801138832584497 6.890182690440353 7.6655202548944255 7.533105388620097 8.373246301552523 8.087303827231587 5.1557497816400755 6.766778823438264 6.665680075943236 8.377062522650828 8.570917568688955 8.488788241861728 5.816176403280415 5.081115445752855 7.118077928738884 6.665999299549172 4.657991613733734 7.997506402516408 7.194820765482056 8.172269640625593 6.001970055401207 7.444830356506857 6.656785058602408 4.699234811745255 5.275566918127994 6.362192205826581 7.298658953303452 8.57912067564823 5.116990051337177 9.417917647842442 8.530625469844365 8.345446603974882 5.883940474115478 6.17472257701345 6.894881998102703 6.129674767762127 6.220929997983547 7.935441680196915 6.3528734442306245 6.825372702421373 8.122515797600412 8.58635694869142 8.893119413273931 5.132781123869906 7.405180526024726 5.744448747584086 9.304300313059649 7.777566806976495 7.024717044432163 6.473812582179071 5.4138246783472015 5.959131224903289 7.027833126784747 9.028311739738868 8.922739248890078 6.20148363309914 8.035642145139866 9.926108198602245 7.854479635264836 6.103960026046954 9.607795672313108 6.883501543665856 4.844304021355169 5.137752480578918 8.92815969428703 7.917792131888712 7.0047873760506825 8.264541890437684 5.255243386868151 6.655929804360298 8.093653516352486
BrandaoRaul_POR0013RauBraPobres_1 6.054945729819906 6.563171725720131 7.3572668992537364 5.323480968427048 6.172548817213396 6.8926879470833 6.987560574109254 8.70803003862547 8.433205392876369 5.99986257670718 9.345149119965999 8.973214221319857 6.978409242901318 6.105706874843197 6.775325038289985 9.232757463668758 0.143719031442 3.8126370087331685 3.0202608576097965 8.98354952727352 6.524653356239379 6.879055558508264 6.6648914092100755 6.7805177401719545 8.429876908002718 7.149631100330274 7.386458420721569 7.527825827180922 6.2704185438143485 7.481069091755183 5.645287478056951 5.4161416649301275 6.639124584069202 6.342642993377534 6.180796246090987 8.471708574713595 7.278552544769623 6.428729805666073 6.333034080796277 7.218388400643696 7.2508490416105476 7.215027877999995 8.09289821939622 6.4808528388894135 8.21078162357893 8.347899216644116 7.465475800972608 6.965873431464313 7.217894302996143 7.544349305415098 6.885700589060247 7.662098719247279 7.945551857071429 9.164562473479952 8.351945424629156 6.3479396118502605 5.549263073231232 8.437361386565732 5.540225349761989 5.884605407600159 7.771012414458268 8.366527724914887 8.216985291703805 7.907698852250207 7.818613221179024 8.328969002045044 8.590182425544443 7.273005608041304 7.461054719002424 5.829276131173223 7.899563313474786 6.691809326091888 8.488981753566922 6.532829265332858 8.945609620097668 6.369580718139366 6.976801523764827 6.727044913957834 7.221760515126308 8.960601002201068 8.073257453437394 7.364344134651848 5.658789010315956 6.341978422066944 6.523549041288136 6.31885912102123 8.017403972805587 8.16965385445522 8.921586417414574 6.3611801820483 7.96865460824149 8.62302637965347 7.892007221737822 6.327166732005558 7.246085383337063 6.411848430520135 7.566484641865465 10.043316665267533 8.660441961093799 5.704698064233373
BrandaoRaul_POR0051RauBraHumus_1 7.272802618357247 6.402684425937674 7.857056098462606 4.693823962229515 6.817575303424013 6.745577729714289 8.768432613481052 9.624146070965931 9.405817131442229 6.250124318567036 9.085353102688435 8.446388494035398 7.125811237478901 6.037604761470053 6.323227904241324 8.534525758735525 3.8126370087331685 0.143719031442 2.5925829592023595 9.387540286697744 6.344386998353468 8.172036358385817 7.363863396804829 7.436277774349616 7.6234411242714915 6.969809651621911 6.025751822003792 8.32530888950474 7.308477667273617 7.107198530153807 5.9262373076168915 5.725284237281364 6.494451970062485 5.767997088176929 6.919860808109769 9.355414428029995 7.439129409320492 6.3392109085947235 7.027480556510598 8.37581085696892 7.707896591753889 7.843962088842549 7.813301332052784 7.122809708094266 6.318729845388495 5.928059820667917 8.497365111421349 7.668669346667109 7.0203309614458425 6.699369697905821 6.096182345635677 7.362424675036561 7.232591756261722 6.404334267252476 7.653492788473152 5.904500516804573 5.568813703077583 9.2539540994546 7.870859165659896 6.872593519745542 7.839573761202433 7.134405941722765 6.624358614684325 7.625245145014139 5.555173683677893 9.522850218541894 8.582243729953623 7.395840662273899 7.278174998735959 7.074642624383414 7.306220419395213 7.706107331289604 7.957130565639194 6.095600645119315 8.659815360445318 7.468830170631575 6.5997170630570325 7.868306080634395 8.468421415250647 9.288875587997412 7.334307656016591 7.244865963385916 7.648739095252446 6.656460572279518 6.055185696015817 5.077658944715987 6.714324643673217 7.3126323472534915 8.27515534735339 5.55498962768271 7.367914250492698 8.210387014909692 7.2206453842001626 7.053662305178269 6.930798414107117 7.6804533987181545 8.129412552861274 8.778387771003027 8.682654158728013 7.029209667491901
BrandaoRaul_POR0052RauBraFarsa_1 7.247398839756392 6.032544898701921 7.937177127056799 4.103941999959963 7.064978587724158 6.875527037054238 8.534427866482629 9.837772245453705 9.713081370533846 6.847464745191211 9.89706272510494 8.935452463216809 6.618774157981496 5.222651755820949 5.912913298935743 8.965982142822776 3.0202608576097965 2.5925829592023595 0.143719031442 9.668922806258438 6.744434041095785 7.148361149202084 6.8199211936262385 7.3259460941027275 8.107674213459232 6.816619613428293 6.387521939026427 8.174691655662402 7.060571296223778 6.857092777450536 6.680033504427768 4.5872778198530515 6.635708925358012 5.968478035261344 7.082137439249045 9.315325621613107 8.184656592902543 6.040574014572073 7.049108104584636 7.9398485574850834 7.835792168343614 7.456149050106428 7.838012437924972 6.450020637263999 6.2752765857038835 7.061032904101132 8.507579083286572 7.26691195177634 7.020078957833943 6.824872952034394 5.750401628514519 7.411031256981766 7.340683348550827 7.200875184254195 8.370184105339508 6.209420273944508 5.637969258888697 9.795477099698426 6.884783874454523 6.477768034510889 7.173164717134165 7.729510508903917 7.143807628370061 8.34912431495445 5.7666019671747115 9.911406847811891 8.772310218736031 8.150863835661815 7.545506521581788 6.506042662972657 6.948938308204385 7.355684645377857 8.31643562256987 5.91880200336276 8.590697307106817 7.036735204453488 6.7044127026808775 7.458756506219171 8.495892333916766 9.478876029277577 7.762554072254749 7.222639509894769 6.151881326304756 7.176311952504708 5.347654394018533 5.062744538992312 6.738306287468727 7.888124505573653 9.063672435091156 5.716096425670177 8.03077481085114 8.962301582816908 7.4486992924390085 6.817875644828358 7.463152202036224 7.331527720216927 7.98374212329813 9.545587434485903 8.507928270815926 5.678280593883035
