 BartelAnton_SLV00094-L2_1 BedenekJakob_SLV00024-L2_1 CankarIvan_SLV00398-L2_1 CankarIvan_SLV00401-L2_1 CankarIvan_SLV00410-L2_1 CankarIvan_SLV10001-L2_1 CankarIzidor_SLV30001-L2_1 CarliLukovicAlojz_SLV10002-L2_1 CiglerJanez_SLV10003-L2_1 DetelaFran_SLV00111-L2_1 DetelaFran_SLV00112-L2_1 DetelaFran_SLV00278-L2_1 DetelaFran_SLV00363-L2_1 DetelaFran_SLV00364-L2_1 FajdigaIvan_SLV10004-L2_1 FaturLea_SLV00352-L2_1 FaturLea_SLV00502-L2_1 FaturLea_SLV00506-L2_1 FinzgarFranSaleski_SLV00273-L2_1 FinzgarFranSaleski_SLV00496-L2_1 FinzgarFranSaleski_SLV00497-L2_1 FinzgarFranSaleski_SLV00498-L2_1 FinzgarFranSaleski_SLV10005-L2_1 GovekarFran_SLV00048-L2_1 GovekarFran_SLV10030-L2_1 GrudenJosip_SLV00425-L2_1 JaklicFran_SLV00126-L2_1 JaklicFran_SLV00373-L2_1 JanezicKraljevIvan_SLV00135-L2_1 JelencVitomirFeodor_SLV10006-L2_1 JurcicJosip_SLV00216-L2_1 JurcicJosip_SLV00217-L2_1 JurcicJosip_SLV00279-L2_1 JurcicJosip_SLV10007-L2_1 JurcicJosip_SLV10008-L2_1 JurcicJosip_SLV10009-L2_1 JurcicJosip_SLV10010-L2_1 JurcicJosip_SLV10011-L2_1 KersnikJanko_SLV00058-L2_1 KersnikJanko_SLV00187-L2_1 KersnikJanko_SLV00194-L2_1 KersnikJanko_SLV10029-L2_1 KocevarFerdo_SLV20001-L2_1 KoderAnton_SLV00098-L2_1 KoderAnton_SLV00099-L2_1 KoderAnton_SLV00103-L2_1 KoderAnton_SLV10012-L2_1 KovacicIvo_SLV10013-L2_1 KraigherAlojz_SLV00355-L2_1 KvederZofka_SLV10014-L2_1 KvederZofka_SLV10015-L2_1 LahIvan_SLV10031-L2_1 LevstikVladimir_SLV00345-L2_1 LevstikVladimir_SLV00478-L2_1 LevstikVladimir_SLV00483-L2_1 MahnicAnton_SLV10016-L2_1 MalovrhMiroslav_SLV00455-L2_1 MalovrhMiroslav_SLV00456-L2_1 MalovrhMiroslav_SLV00458-L2_1 MalovrhMiroslav_SLV00459-L2_1 MalovrhMiroslav_SLV00460-L2_1 MalovrhMiroslav_SLV00461-L2_1 MalovrhMiroslav_SLV10017-L2_1 MaseljPodlimbarskiFran_SLV00132-L2_1 MaseljPodlimbarskiFran_SLV00310-L2_1 MaseljPodlimbarskiFran_SLV10018-L2_1 MencingerJanez_SLV00174-L2_1 MeskoKsaver_SLV00072-L2_1 MilcinskiFran_SLV10019-L2_1 MurnikRado_SLV00473-L2_1 MurnikRado_SLV00476-L2_1 MurnikRado_SLV00526-L2_1 NadlisekMarica_SLV10020-L2_1 PajkPavlina_SLV00231-L2_1 PajkPavlina_SLV00234-L2_1 PajkPavlina_SLV00240-L2_1 PajkPavlina_SLV10021-L2_1 PesjakLuiza_SLV00227-L2_1 PodmilsakJosip_SLV00122-L2_1 PregeljIvan_SLV00417-L2_1 PrelesnikMatija_SLV00452-L2_1 PrelesnikMatija_SLV00454-L2_1 PrepeluhAlbin_SLV10022-L2_1 SketJakob_SLV00172-L2_1 SketJakob_SLV20002-L2_1 SorliIvo_SLV00325-L2_1 StritarJosip_SLV10023-L2_1 StritarJosip_SLV10024-L2_1 StritarJosip_SLV10025-L2_1 StrukeljIvan_SLV00090-L2_1 StrukeljIvan_SLV00092-L2_1 TavcarIvan_SLV00136-L2_1 TavcarIvan_SLV00324-L2_1 TavcarIvan_SLV00406-L2_1 TavcarIvan_SLV10026-L2_1 TrostIvo_SLV00421-L2_1 VodebEmil_SLV10027-L2_1 VosnjakJosip_SLV10028-L2_1 ZbasnikFran_SLV00391-L2_1 ZbasnikFran_SLV10032-L2_1
BartelAnton_SLV00094-L2_1 0.0 2.9630321465323806 3.47658908650742 3.4314895142253103 3.38480809983216 3.4251484418970604 3.205368053033654 2.789033334438124 2.495360166629219 3.1403422558527643 2.9166985298637793 3.27487021648893 3.0077506558158955 3.25555738617006 2.8551705890654 3.2395895248085083 3.245310122427906 3.1753784225341275 3.13468031043773 3.1835146624814197 3.1989796605341403 3.31408542865547 3.218155308196719 3.159068302544171 3.079560604512973 2.877914219670216 3.18091773725967 3.254707135280304 2.8847156231225326 3.06965464673189 2.7701520036690477 2.814177582593533 2.757265151936351 2.728100688908272 2.802129132843903 2.735712801618884 2.5745399475353254 2.920161159315242 3.002851910998568 3.109461527396108 2.9854593002717413 3.18580611268432 2.340460048214736 2.67522879040399 3.020228392575892 2.7764087750819266 2.761853574780284 3.1679753735986607 3.1831208788633623 3.32826270375037 3.2709117380318595 3.0792939590528468 3.3803826379042796 3.1971329025326907 3.332192561589884 2.624907556605872 2.910891960120938 2.889881497359954 2.861917951221331 2.9228996685944786 3.010485364518515 3.045109150693535 2.62837513480502 3.032227725910992 3.010274642778022 3.0087147456382297 2.8261731854686403 3.013423251974679 3.2552345020132196 2.960755537306295 3.1155806515110056 3.147582793430937 3.1518212150215232 2.7425070892296386 2.969611211477936 2.917048370564107 2.920028556971083 2.9746318865313044 2.7032420089956988 3.2604412278150896 2.9058848832076 2.871915504734176 3.11587221667205 2.5460639873622353 2.744390396750305 3.2116198088069305 2.9587360434466174 2.937425310748531 3.08138075265573 3.0220682149389058 2.886832741498907 3.0816114892373743 2.9704815281500387 2.963909951648947 3.0422970654689196 2.991036004399827 3.31544986885566 3.008893561489217 3.27493796083978 3.35707982120688
BedenekJakob_SLV00024-L2_1 2.9630321465323806 0.0 3.4226237298341697 3.38005894713903 3.4158354296840496 3.4987475932139205 3.0794432375230105 2.867376170770175 2.8733173935462393 3.0235265872953763 3.0725633649601933 2.91641394036896 2.8428341548479112 2.956256981944654 2.821186478234272 2.967212868680662 3.3236780596550495 2.929575689079031 3.12189860333352 3.1888170599289003 3.3188653449011705 3.0782709685021303 3.1651086079892803 3.23351496878847 3.146738092759786 3.0269968683538275 2.813008977150341 2.9025165916544062 2.927967691295861 3.3240282290089502 2.861604756156119 2.7535454966272814 2.877418945827406 2.80850371693203 2.861738068060575 2.883655446046406 2.903600739152948 2.8739866871837423 3.087386968480546 3.0450824421654676 3.08648891647133 3.0376759594535367 2.8595341433173704 2.9303431222464797 2.767744975218638 2.876333397382865 2.940373267964315 2.784183077579177 3.127975445863406 3.21090795607764 3.2294902090749 3.17603124915082 3.2844316411821297 2.855685611626238 3.1209228774633004 2.711936096956835 3.14150591323199 3.21732798149013 2.999270690856823 3.117854465496019 3.23748520010641 3.1592346318514473 2.847064525947102 2.874820024424531 3.031910922600266 3.0410043600104144 2.768284032862989 3.24972202439927 3.071315349998775 2.915800079525142 3.084726605104395 3.045980627028158 3.012574167004701 2.92083144273383 3.1015996539947204 2.8959010257655047 3.11242834575852 2.986285719749273 2.8366564386573887 3.15953843979786 2.921590778119218 2.960239850586209 3.46902385259966 3.049206601930134 3.034257823442809 2.9386309733007705 2.8742931107993694 2.7779088031682395 2.991643636358374 2.639313440116263 2.689895162216235 2.730727508098131 2.9601731244501344 3.0103604733086535 2.9928622460194356 2.81093772162687 3.2335906185215597 3.1833268738127303 3.0731947282219396 2.984548059349386
CankarIvan_SLV00398-L2_1 3.47658908650742 3.4226237298341697 0.0 1.8361337657066212 2.270222371856002 1.907739626223949 2.7598705375856376 3.40543584332063 3.24414062093776 3.0977520154492018 3.18953727467522 3.01818384321752 2.9688313767284935 2.870641389901178 3.4076246476913896 3.148608622466657 2.723146838959204 3.2062341857998504 3.0344411783891028 2.7619999494205114 2.73709245946235 2.539620452706356 2.807018830066973 2.9326741763496393 2.781038780637847 3.2963771058202 3.001768354319977 2.891958950627454 3.3872492037863102 2.952893155569022 3.2077547566010303 3.4376349426837702 3.23997327425579 3.18985738059275 3.14466752805053 3.28693684869556 3.42728124503065 3.12590210213855 2.97576726804445 2.9965741480497634 3.1584529031699002 2.8191902865877507 3.41164309967503 3.47934386865931 3.2515474550771604 3.53541657247463 3.49976376130774 2.980711432280759 2.764645858546703 2.758929768474059 2.724295570944593 2.9040738873089738 2.471690819639276 3.0409621614841233 2.927706227253327 3.5475036650685405 3.2632952938371895 3.009281868334509 3.2073983926109 3.29548231787101 2.998363795885427 3.1105671181510823 3.27415053570979 3.0874587226559393 3.0794294617821096 3.0606334192646454 3.5378006020136397 2.954333441621875 2.618108643076347 3.012965600080827 2.876084168218138 2.8595512540549572 3.070528855136808 3.33927450700047 3.16843873360615 3.48090067818684 3.1605562720379696 3.0683421636777792 3.3853556896359196 2.4964137782718634 3.2795610719105794 3.2368320737595795 2.5798991228031753 3.4981230095070206 3.30948639870952 2.612338784425547 3.29709768895174 3.2032643873741 3.1158986102394 2.939043160889125 3.1549192809888904 3.1921208257393396 3.048677785905102 3.0287792257745227 3.10523183972738 3.29298514241684 2.759233866836583 2.8372990346595017 2.9144821339085487 2.986913076229531
CankarIvan_SLV00401-L2_1 3.4314895142253103 3.38005894713903 1.8361337657066212 0.0 1.7317329896095242 1.312650360042815 3.018953972659733 3.5839731931887204 3.35362133535073 3.067530852404561 3.18979221338412 3.19842279664842 3.13512379911598 3.1312256024451797 3.71749751837116 3.2675621636962946 2.508748472739252 3.374521408914145 2.925112203275811 2.629728058139002 2.410696005005673 2.784585928822836 2.6603792073546306 2.973322732506931 2.9152110166030543 3.20374755103985 3.12608871489439 3.26937355038071 3.2109829288615224 2.7499576518385966 3.1033196344468204 3.34160955339408 3.27911128626942 3.2688470487146297 3.29887909477739 3.246336224149 3.33816264094658 3.1768544380433497 3.050655593069248 3.1115339773199775 3.11100961095023 2.977920697919107 3.55076213152888 3.2413576785372498 3.2111598313798 3.49072030647357 3.4081001772807697 3.28509330926469 3.032572331925921 2.4912671495892402 2.6454929713982 2.7303207186947223 2.563409502173786 3.26349372691429 3.0148114428120865 3.52799323633112 3.025633423240811 3.10339965306512 3.12438471164521 3.1118941342637045 3.0299188399284267 3.1816329910765933 3.6604938181063 3.14257792760092 2.9325560877196017 3.114086458947922 3.51522245823735 2.924690533975686 2.662902949194606 3.2258445825915403 2.954907032507556 2.878726532233424 3.093183617479306 3.50329783458262 3.124762164262047 3.4236896743659497 3.1186422759768497 3.1967287318002597 3.23014305751379 2.802340264427261 3.41018736820425 3.3865022706306496 2.484632392326916 3.48423936991475 3.23160363883719 2.7122703745300294 3.3292193901411298 3.1461609433730926 3.058954977566644 3.16225975502826 3.23306963270083 3.39461886024354 2.900765917584244 3.0744732211688923 2.7486693386862777 3.2691373067057805 2.7355317083839035 2.94379372621089 2.688990406906349 2.8340708376072756
CankarIvan_SLV00410-L2_1 3.38480809983216 3.4158354296840496 2.270222371856002 1.7317329896095242 0.0 1.9504475865203257 3.029450093447071 3.6208023350136 3.3644347352111703 3.04406397329986 3.32512963346595 3.200930892411216 3.35223102193084 3.33250290949124 3.4334615085913303 3.4232382180253405 2.8672219678775 3.48467116510356 2.9668217005371007 2.850601516189817 2.6057472179273855 3.1573367722483985 3.0381417140074145 3.0372721083184593 3.058115751435426 3.19191553142446 3.21711177965801 3.31360836715525 3.048123513075999 2.536454427548626 3.20832438713202 3.2346942774798197 3.2171682531352497 3.2314022008701198 3.2520499380325103 3.069490149982208 3.1794136942939 3.1932327459349006 2.9558076256390775 3.084048954107458 3.031432882762689 3.052405302508779 3.58598906937078 3.1631236545140204 3.20686716983739 3.2139512385682 3.150292868220502 3.46227824290974 2.906225689999041 2.365517988017075 2.58547138816899 2.720836935998714 2.5265695134550192 3.3788472374974736 2.923274999991513 3.4960977113746603 2.984263069683662 3.020871381889392 3.076926389661669 3.03411172556026 2.8350241060321704 2.9206124869271193 3.66606849425857 3.089011816505397 3.05042167186009 3.146290945692622 3.2361277244624898 2.783641811734016 3.042012330081591 3.18832869896633 3.132749581461195 3.052790696392253 2.992032965804879 3.33856326327032 2.800462782173696 3.030815756483536 2.874870784565764 3.244597538786704 3.1070782327948994 3.2168813248656623 3.3125209753790603 3.2589043805760602 2.572093456989258 3.12340276764819 3.10150848411522 2.778900428779025 3.038387426090833 2.92837600955731 2.777678678615921 3.25762857800662 3.1399762937683997 3.38564276597509 3.0463331476697926 3.1720238888999504 2.918626371822542 3.08672135765277 2.878401404366042 3.00170944553422 2.5687168701958862 2.661384945476116
CankarIvan_SLV10001-L2_1 3.4251484418970604 3.4987475932139205 1.907739626223949 1.312650360042815 1.9504475865203257 0.0 3.0811284593852357 3.3920952624446947 3.4033738810132204 3.066192637240767 3.175015874321981 3.25683777125702 3.3122384010173804 3.30007068079025 3.59356538713954 3.0825453542085475 2.389105249322454 3.132642631119026 2.806549712789163 2.678854927022723 2.344239495328421 2.829294220485587 2.620790605238871 2.850632927802119 2.935639569368624 3.15304739184447 3.15137573112468 3.34532751979744 3.1427498726232246 2.807300198844964 3.1270613451551297 3.3023172696526997 3.3629694657507496 3.3648655230296907 3.332164106558909 3.3079322334828998 3.26831515678115 3.1860705807006195 3.0471608780744397 3.067371097277702 3.12853575114914 2.8951236033493037 3.47793326926403 3.26627649737712 3.28353717703767 3.4636320729879104 3.31440303478679 3.2958482498221695 3.001755702448692 2.501239826401819 2.6479693544425142 2.8911217111789 2.534373654136752 3.144655744218847 3.0175789375722895 3.4996305061699102 3.0778759029036697 3.1060702420964352 3.107883935754343 3.126184065438236 3.075289069924536 3.214457810904063 3.54471849474635 3.1557441430840107 3.054858888462651 3.1536059483332997 3.4214897948562895 2.821106650289203 2.759372114094505 3.106791581517072 2.8256313722737447 2.763540487929808 3.156173923645038 3.4073174719632906 3.1557215399160246 3.3565351274925996 3.0483600138034084 3.031547063912112 3.28481961410216 2.792714053893212 3.35526110137255 3.3012859833676496 2.409588898198069 3.39758208167062 3.052381461485063 2.9816594690858036 3.2770089535213893 3.23185826250981 3.0377022382013728 3.27607667668102 3.37775446734097 3.3130586848401005 2.9556982212054352 3.066026698217169 2.8494350297606523 3.25983602629444 2.7715320965942 3.1051128714392897 2.8687882979371633 2.992552551719543
CankarIzidor_SLV30001-L2_1 3.205368053033654 3.0794432375230105 2.7598705375856376 3.018953972659733 3.029450093447071 3.0811284593852357 0.0 3.066677383372909 2.869303444817341 3.23614371274326 3.38427869681455 3.0122311712443404 3.01886910108029 2.9637951761926002 2.9246520418842388 2.8474240447178794 3.09491434550067 2.929407963636778 3.046919828007247 2.843894164498801 3.0275978868506375 2.737122948242376 3.068717451605055 3.22494908248927 3.071239412444279 3.2778328134870303 3.100159930431419 2.9036141586580264 3.2495946784308027 3.022029944920932 3.1372747711107403 3.1374033094191205 2.874894867530575 2.8605124172326537 2.924377709914462 2.96607688937289 3.2427656374898 2.902093863051959 3.1920163471889604 3.16150067491776 3.1626838440640466 3.0508115412788914 3.20773492235611 3.2536736016144 3.052063376862425 3.0633561852931557 3.219596103003779 2.937540018523143 2.749508827491765 2.68360694667334 2.845143290914823 2.945914680672253 2.8571301009207986 2.715527420096066 3.0217571704269055 3.118369130270514 3.20632390627538 2.982451569241462 3.08732692613819 3.1764085251152405 2.9831184781407156 2.9725624965334223 2.842566549039401 2.922261982619768 3.2224191953802 2.997560334363552 3.0499552128606178 3.1864061893971902 2.9769848530237244 3.0917271934675297 2.857035306457196 3.151023630824991 2.863479943265304 2.962931301598166 3.11604145398754 3.0545277880100725 2.996748212111031 2.83299571520374 3.14152723638158 2.8045911659507303 3.0882033196319245 3.0654700312587266 2.813746955878648 3.119422142464454 3.290170601553896 2.8201884019116465 2.798025987017826 3.0002816587306502 2.969456776692765 2.885483772242099 2.9584165358282144 2.961127278843065 2.930838897608909 3.034922785797825 3.0605137206187045 3.107883626486753 3.1896625359219604 2.947384339906442 3.1793755408277997 3.0975666893935294
CarliLukovicAlojz_SLV10002-L2_1 2.789033334438124 2.867376170770175 3.40543584332063 3.5839731931887204 3.6208023350136 3.3920952624446947 3.066677383372909 0.0 3.0174705928527787 3.140936867190163 2.789214043170476 3.13661558713269 3.12487127541706 3.21053779230623 2.413603063015727 2.060397197880458 2.698831743330225 1.8370463471032128 2.8470791200551897 2.97466416344826 2.9560367524033193 3.1055823565829037 2.556722150381894 2.924193914239172 2.7415648821731837 2.3691817487701603 3.033554325593432 3.175355519908861 2.985207769126791 3.50383679096068 3.20393086449004 2.782885467193505 3.227817129708902 3.4398877693654804 3.178690829257963 3.3157851549418798 3.013830971445791 3.1679786082674095 3.24069950110915 3.2456459506921504 3.144050242625601 3.27308082083751 2.494073807892428 2.9486781840243896 2.7935252205512793 2.770430736611572 2.700155020598093 2.714033128207153 2.856309726198095 3.49126368757709 3.27739941563235 3.419319554896908 3.17714237454015 2.0323765660027817 2.9644497040212654 2.482889065862985 3.071981684291255 3.315082037290785 3.23720464148325 3.050665925772499 3.5831780989986797 3.54422617199294 2.315351501232607 3.1145496423286234 3.032721838025705 2.821080514608754 2.574438795573129 2.8926366584676924 3.117847482857999 2.7066797206735664 2.679129302407845 2.530337625280133 3.4797150554499803 2.835018662753175 3.47380217059131 2.972358700225448 3.15520329092298 2.531953887730298 3.097737544280027 3.0182298644488 2.778405008789284 2.676637319308942 3.2877736272025597 3.0890555485265905 2.6611229642460748 3.47016781832268 2.770236441995528 3.25679737724448 2.9592755583852126 3.4112877374773447 3.54375014587497 2.5960296419751923 3.2675799658565605 3.16705335780716 3.383417377150515 3.152260349182662 3.074881772922679 3.22273021225641 3.828692460645299 3.7294064754290197
CiglerJanez_SLV10003-L2_1 2.495360166629219 2.8733173935462393 3.24414062093776 3.35362133535073 3.3644347352111703 3.4033738810132204 2.869303444817341 3.0174705928527787 0.0 3.205358722375708 3.137222286885743 3.1123196241424926 2.63370817668429 2.868885049354126 3.170868714634355 3.1950678301817192 3.4346208656133896 3.2110351381203928 3.27866674603343 3.1269474674653104 3.27920770306837 3.022125721102558 3.3597014189191103 3.3712589224441007 3.32431040260861 3.4207928534373497 2.8012261886725898 2.687451570433668 3.087432703602857 3.21464443433307 2.742688858493338 2.8591806627816503 2.354552233030522 2.213306823907543 2.491406528225438 2.505858091852151 2.6221693681537728 2.4459949372570637 3.250623382880412 3.3107305813687598 3.141033610647752 3.2379523619437203 2.559208261875306 3.1435195143492987 2.949658015553902 2.9074147150324072 3.373825720781589 3.0198446025142296 3.128547294850671 3.1190281925867795 2.878971499153836 3.25593667597293 3.41620067264002 2.970489166301766 3.44756730709528 2.806740453874494 3.006085932053765 2.9169230331158236 2.83409141328594 2.9898438774101153 2.952255528924035 2.7868395033625344 2.76682639066278 3.060446166508166 3.2174288409021683 3.17582926503738 3.1000148161292422 3.4003382002787204 2.96290588474805 3.0957001114434455 3.166211161023254 3.4293304088268606 3.0900629424620893 2.8630505681696348 3.170063815743652 3.026375657253264 3.032176360484248 2.9655343047238016 2.8601495014191896 3.0719216108530194 3.014779293017657 3.08622602653119 3.25839808414812 2.8400701585982917 3.1610436900563106 3.029007179755544 2.706471276588625 2.500621575725891 2.728855796063598 2.614772141594664 2.728006786649682 3.2846423235838023 2.90202021849106 3.03361836411512 2.909794212645525 3.1090511456610948 3.5551891233884003 3.12282634520854 3.007090951255159 3.042515556795946
DetelaFran_SLV00111-L2_1 3.1403422558527643 3.0235265872953763 3.0977520154492018 3.067530852404561 3.04406397329986 3.066192637240767 3.23614371274326 3.140936867190163 3.205358722375708 0.0 2.2204231478719567 2.221677342186703 2.697889946524665 2.496460558906278 3.22866208133002 2.9813568884605672 2.926153640373794 2.9982520661508376 3.05757763791459 3.1893858251664904 3.1802474078375402 3.1785076829674006 3.0200703227545658 3.1094616428266146 3.0583329847335525 2.9696440341357437 2.7345684171061837 2.9016244597964422 2.8282041699987683 2.972166603654496 2.977083348873604 3.0914104657559047 3.2184249990925 3.1596095870483403 3.2394512759345 3.2743305656918 3.0671376927602374 3.1508570124012905 2.8787981499404216 2.656028663518351 2.814376425981075 2.7547489232593687 3.222084909596477 2.8504538461562987 3.0813536119987797 3.045147266401985 2.9751184245674063 3.044701544856892 3.13835916588793 3.19172686628355 3.1812629886541703 2.8958511744081497 3.12515004189852 3.2089604076705003 3.0130775424506595 3.043280206740511 2.924992718674865 2.957307214089205 3.07309950917168 3.0123342249307186 3.1118435049212696 3.0072435524342627 3.2030426903125 3.0583546165066737 2.996613177440208 3.12638740140635 3.1489301238503895 3.279486974196318 2.9053153410882757 3.27073706374728 3.28424081006775 3.15195078321534 3.06244736005271 3.08247773089325 2.9832395839334565 3.098533912322994 3.028346292176259 2.9576784840125327 3.019323126942674 2.990592517148739 3.0216641007353 3.1351255315444098 3.2431748853280697 2.98530322651249 3.17750148128654 3.16869763125678 3.14870336022982 3.130677263302617 3.0627549422844598 2.823625452042998 2.8460266688449734 2.995463466793579 3.1928654450500398 3.13478975086562 3.079793402636768 3.05497548936527 2.89129579466939 2.9970071292442584 2.85243358685954 2.89865334548636
DetelaFran_SLV00112-L2_1 2.9166985298637793 3.0725633649601933 3.18953727467522 3.18979221338412 3.32512963346595 3.175015874321981 3.38427869681455 2.789214043170476 3.137222286885743 2.2204231478719567 0.0 2.552415854673823 2.844151131180763 2.678441761332122 2.980074563266557 2.9571243472844793 2.837474309835601 2.877529542366114 3.089680815230163 3.14192878648796 3.1282137803549395 3.17439124911642 2.8217357636257363 2.828798063757077 2.7548690208441338 2.564081118773561 2.992441162789813 3.2371301205135197 2.7855391295626744 3.09739049349853 3.026193036597145 2.849002117770122 3.23485378444756 3.1685727668439103 3.36324129059646 3.28185103890658 2.863217440209046 3.2933989609313 2.9809282177197653 2.74241106632333 2.998378766195219 2.937836402130182 2.907276197876789 2.774666516784372 3.12516930208586 2.942079836117726 2.7616685953584996 3.0764281481252462 3.2133199404687898 3.45643228849424 3.35891176681986 2.9600403290007318 3.11150880071998 3.159141806630617 2.9541710464248876 2.840281276231695 2.7734076500395393 2.8977528563357 2.8491277635022203 2.776192916836968 3.15023357746156 3.0467175063326373 3.014842806693485 3.038684296680516 2.962888071653036 2.889496683029058 2.911310693565059 3.1106193255852728 2.911341720149199 3.102387455680835 2.975207323348405 2.8297552826664463 3.177082926796965 3.0734091900502793 3.2506151860514096 3.20823408298924 3.2529087841734903 2.912577571488458 3.044860968292803 2.8497594788949554 2.915854838655734 2.9743438612529483 3.17127999720824 3.0703670437585675 3.0237083007884236 3.37461010971567 3.36916906885057 3.4497101658777796 3.3600481769536903 3.22104427160898 3.147693143822396 2.757692280055937 3.040263323740945 2.8528471077969457 2.927888291737268 3.2249126324782704 2.818586423799066 2.911728111173272 3.3159813478090503 3.33259801904036
DetelaFran_SLV00278-L2_1 3.27487021648893 2.91641394036896 3.01818384321752 3.19842279664842 3.200930892411216 3.25683777125702 3.0122311712443404 3.13661558713269 3.1123196241424926 2.221677342186703 2.552415854673823 0.0 2.601680727052861 2.136951793170481 3.053969043726784 2.8294198793931695 2.99785462132641 2.950656698851803 3.03010213160512 3.05830606259166 3.22029231059666 2.87470335110189 3.028985320297096 3.05214965503013 3.01599838725392 3.1737645948855495 2.769992835113717 2.7340815324817473 3.06215510604198 3.1447324178278704 3.08798999635417 3.1882201514569797 3.053556194531468 3.072155960673066 3.107976166648439 3.184199731895281 3.22906832615201 3.15180319197285 2.9721325142582327 2.712240210606671 2.910090959808227 2.692271532438659 3.1895912987290753 3.0913534463158596 3.09381798600014 3.0840164688755074 3.10967631514698 2.7290596021717257 2.9254850377524324 3.18721943562626 3.107556410163685 3.052988033912328 3.081373797061576 3.012488964987244 2.9478035427496154 3.050086503587197 3.21151294130353 3.14783444368965 3.24288766280039 3.1905424935019697 3.1341223977260624 3.0152590344362933 3.056078536550532 3.034398954624244 3.118702509761522 3.0002591648126007 3.0823816552771572 3.3108077007513597 2.8482025293710445 3.0811448882965005 3.1568321246726234 3.1214401508266296 2.9787412736035854 3.003524387221826 3.06252562754575 3.1338396326321742 3.16852512623621 2.9270760499760793 3.17754733893238 2.869559520131265 3.0866379192459883 3.118258678260201 3.2921247151915503 3.1269960249236237 3.3930018080211894 3.018997481838231 3.071719726023662 3.003467294325365 2.941863603931096 2.795609785755749 2.7930376454668306 2.957125804971852 3.1854018766947902 3.0452165797172457 3.22011415579167 3.08359438286716 2.978476594634068 2.935277982687772 3.037287495133938 2.9905192743001345
DetelaFran_SLV00363-L2_1 3.0077506558158955 2.8428341548479112 2.9688313767284935 3.13512379911598 3.35223102193084 3.3122384010173804 3.01886910108029 3.12487127541706 2.63370817668429 2.697889946524665 2.844151131180763 2.601680727052861 0.0 2.3003585930879953 3.2150329585910598 3.1176002673935 3.32736024837015 3.20716131239052 3.31697656979231 3.2536557403972903 3.3359128226263906 2.925359356157725 3.26695231684034 3.197975093440892 3.1736793565182397 3.5406678064515598 2.493863406137991 2.390347400815437 3.31985340188257 3.3411899911390703 2.653532785462617 3.104691182620143 2.6240616014324862 2.603317297735709 2.708885159364141 2.853135330137876 3.1434485153299905 2.599938341832122 2.871194366414895 2.904342479146921 2.8406384130653803 2.7482779119308938 2.956046869321667 3.2755282267049903 2.806644391229974 3.22114011832428 3.5550378076276097 2.5493438630966927 2.91126614023642 3.152694639991383 3.1193437320637454 3.37123146638621 3.3287701600718496 2.871241431241625 3.3038350464522197 2.987465329991687 3.2254573229659798 3.059022759191694 3.165573959127575 3.31457995480096 3.1687445576376394 3.13420985026125 2.627219219171187 3.0870890736740297 3.2301030643927904 3.3103611206524297 3.415707679476988 3.46733358293276 2.8570008450435056 2.966699542176916 3.142917712444712 3.269409478063534 2.973343851675242 2.95356452382426 3.25411390556319 3.3538970138991795 3.2359782620248607 2.998372732930422 2.949264699499607 2.810307863550336 3.12236488909394 3.185401601156056 3.42104462788793 3.0986635934546904 3.30164448649907 2.656638527524799 3.0168526609141053 2.647010205825156 3.010951085517414 2.3051448477580028 2.494164404726243 3.1676822345964997 2.870402641410365 3.022914045046091 3.06810846375682 3.078412751775891 3.25866777068644 3.059439726659202 2.825687652804373 2.8328932236703963
DetelaFran_SLV00364-L2_1 3.25555738617006 2.956256981944654 2.870641389901178 3.1312256024451797 3.33250290949124 3.30007068079025 2.9637951761926002 3.21053779230623 2.868885049354126 2.496460558906278 2.678441761332122 2.136951793170481 2.3003585930879953 0.0 3.30418796164128 2.8954506182926614 3.024048835451567 3.039621709282078 3.17272676546796 3.043265858981332 3.23933910619838 2.730773346980005 2.9925383715465053 3.099547426224284 2.942876214016488 3.28316772782246 2.7138789193172874 2.515178794092907 3.2511248737965497 3.126584200181271 2.99299457645111 3.2437244612061997 3.0849649362981255 3.034162397285554 3.024045748704153 3.2339643500665405 3.3117414027074297 2.997835463648789 3.111046254811764 2.9314208814666323 3.06136153632936 2.8595479753797743 3.16665028383054 3.2230909898262503 3.074478817570378 3.25151847891766 3.42095637775739 2.636038685985652 2.935658568133239 3.2078554545003897 3.0420403831385903 3.123344392545248 3.1710926592806503 2.9727219465877637 2.997195001056884 3.10570751765467 3.15751955734801 2.969266051440452 3.12839376735182 3.17787090991604 3.057738115868962 2.988714727370856 2.96705364209587 2.9683912513476702 3.020487385510605 2.9643503271044778 3.2824369161371703 3.39505759683104 2.623609498633494 3.04125913871499 3.07702287137035 3.0869918209077185 2.96633803287953 3.0492189861562045 3.1900595738667796 3.3290931289333603 3.31253821511092 3.0560368530160096 3.1310843527948893 2.6230575493379202 2.997935503766122 3.17412712593965 3.24117291650527 3.26408094335492 3.32420306817227 2.8468127765262823 3.17238600222376 2.9584988897662567 3.111308296795171 2.474456310129654 2.691435574127676 2.944633310566937 2.9689412362539995 2.963182607808397 3.005714585248243 3.0368915535637147 2.9325893089795887 2.870369273815744 2.929240117816213 3.016060091631493
FajdigaIvan_SLV10004-L2_1 2.8551705890654 2.821186478234272 3.4076246476913896 3.71749751837116 3.4334615085913303 3.59356538713954 2.9246520418842388 2.413603063015727 3.170868714634355 3.22866208133002 2.980074563266557 3.053969043726784 3.2150329585910598 3.30418796164128 0.0 2.673754552152526 3.12533957930595 2.67588870645938 2.8817122935046626 3.05531765526295 3.1396750425970197 3.2065612997768795 3.1304241669425705 2.795084875502816 2.8762562944474372 2.722116095667568 3.08390157743355 3.1225017822222503 3.0980790744363498 3.2960577426334057 3.09269097429834 2.92991607335094 3.034458534042393 3.26410564532671 3.013551471519295 3.04034734613806 2.949235926075472 3.0882295656175 2.926409816675001 2.927175734721153 2.8865225815239 2.948969340448172 2.743875542563296 2.907151449796588 2.81926107711603 2.6837614984113887 2.5535929311931262 2.761836104719638 2.89117100333219 3.27410385048729 3.2833034824941825 3.1272379633522323 3.030090790942759 2.559028633815793 2.903915883320258 2.653845889415502 3.1149066451716703 3.24299156531494 3.179329061805306 3.125638258670213 3.2826114035350598 3.28760008439274 2.488721724534402 2.948689732306547 2.992977616238333 2.933359272231752 2.522444028353778 2.8029649060352577 3.41408048817367 2.787109271670741 3.002082847942914 2.968184121531161 3.20070185711579 2.659560299087397 3.129317347088948 2.7364297040598853 2.8725774063496905 2.752645467828253 2.998150070831133 3.25390652901394 2.9847986880530755 2.775154543454806 3.2180042297774802 2.823825305065924 2.891656595139686 3.2357264015496203 2.790247446059306 3.28207873173558 3.07009476255043 3.3637811052033 3.34504776563696 2.4707699833188586 3.22517630615421 3.077490949484887 3.3768104378132398 3.085938924915784 3.10503038845002 3.19645890503506 3.40809777604184 3.318829583647241
FaturLea_SLV00352-L2_1 3.2395895248085083 2.967212868680662 3.148608622466657 3.2675621636962946 3.4232382180253405 3.0825453542085475 2.8474240447178794 2.060397197880458 3.1950678301817192 2.9813568884605672 2.9571243472844793 2.8294198793931695 3.1176002673935 2.8954506182926614 2.673754552152526 0.0 2.2293930621118747 1.50731973812443 2.78711718942139 2.9105343170611357 2.8365017255869147 2.847401315341318 2.444207884892287 2.9368246057978613 2.774366519073819 2.6296360967062937 2.937013939873795 2.937825802577418 3.0173902088041427 3.4081915645026797 3.30233786160759 3.0172752993275833 3.30890923004438 3.43390516636208 3.3772814351553 3.42786509421697 3.1697089030739605 3.2133836888972294 3.34905075201455 3.25919131788771 3.13375200607154 3.1679390061736803 2.879226288070133 3.037953617658609 2.879355715961255 2.902003491163931 2.8284400659469906 2.722900189248658 2.904182994565463 3.246438764874505 3.095386175185353 3.33816584464491 2.983131235692159 2.131874028825116 2.8702948027144943 2.848125131837443 3.2146716385118297 3.37868579866988 3.2541585259940202 3.14104996936332 3.57059569583219 3.46707692436066 2.8129541206426323 3.0005545456718496 2.950886569529968 2.8021979122657816 2.7845997983067416 3.0931477997955303 2.9538666767675923 2.858745337764688 2.681357946142441 2.547173650247032 3.4117109045963705 3.1535759066358873 3.47350064671765 3.088722225667219 3.28938284469124 2.72720628168054 3.43224132890466 2.747324504371569 2.871197781491303 2.772770131854122 3.2715137665277405 3.29157127953703 2.88752732719816 3.3368887570795795 2.8488979890326367 3.1797987356669397 2.90038354861504 3.3217210579406604 3.4160352286453 2.769034026150359 3.230475785445134 3.2199131217542796 3.30786453371922 3.0962264865595595 2.9260605359811778 3.2230993169610898 3.5887154624637 3.52680052981232
FaturLea_SLV00502-L2_1 3.245310122427906 3.3236780596550495 2.723146838959204 2.508748472739252 2.8672219678775 2.389105249322454 3.09491434550067 2.698831743330225 3.4346208656133896 2.926153640373794 2.837474309835601 2.99785462132641 3.32736024837015 3.024048835451567 3.12533957930595 2.2293930621118747 0.0 2.179572653458162 2.704383672569204 2.677332733120497 2.4130230705047997 2.86463269631129 2.348833030580253 2.809553795337636 2.678216720986897 2.634298731126093 3.08318664301483 3.25188317722925 2.968643649610515 2.9513285795805273 3.2751894428799058 3.1791143722711004 3.48973302999672 3.5921769672571804 3.5262264328169497 3.5094856182207703 3.2398635918100904 3.3151096743986903 3.1182665151951 3.067608219877264 3.096077393282284 2.989408859575191 3.2424925479409423 3.045710266757207 3.18334470695282 3.16642679781179 2.992823811198671 2.990069190514892 3.20267687684988 3.051635619933095 2.8731019912436677 3.052295953055794 2.790731324921194 2.835613615511153 2.851587893624827 3.091752925619081 3.0703601993436376 3.2380809786129605 3.19858076041026 3.09073978209525 3.36199370349566 3.4125677461388904 3.2699723627063895 3.0506143116810325 2.748128410592899 2.787604021563323 3.061492932041979 2.9010353185416795 2.709665834947773 2.967341359253129 2.615944792532781 2.4748404152151986 3.30693513006131 3.3943385311965804 3.43306109335321 3.34430005834479 3.22204588439949 2.835277870607717 3.3196062547602 2.711883266508835 3.050303250291505 3.002050088419378 2.670905103140564 3.3611651111677103 2.8226249266095422 3.33844452939818 3.12129025206938 3.46333612622853 3.17483061958424 3.4444318435025303 3.5109518837327203 3.019600134374012 3.13289755685018 3.16468097625418 3.13573763845794 3.0676639319302295 2.566709825595784 3.0734260751105382 3.3678388766709304 3.47188547254367
FaturLea_SLV00506-L2_1 3.1753784225341275 2.929575689079031 3.2062341857998504 3.374521408914145 3.48467116510356 3.132642631119026 2.929407963636778 1.8370463471032128 3.2110351381203928 2.9982520661508376 2.877529542366114 2.950656698851803 3.20716131239052 3.039621709282078 2.67588870645938 1.50731973812443 2.179572653458162 0.0 2.800470807424762 2.931894419507345 2.868889997153992 2.916964158568788 2.299835649571443 2.900159244089923 2.7013832588589377 2.547839396490509 3.02896763948856 3.0781500153743604 2.9409901467777715 3.4180236148576704 3.2508954961992105 2.8731673436559904 3.34776413941038 3.52109442050517 3.45002439453297 3.4306691511611103 3.049761858239143 3.25562867584574 3.35489090446287 3.28236007129706 3.1844884684708026 3.23637306003383 2.8415534104054494 2.98465902114877 2.969519109243121 2.958702705088734 2.794445183215144 2.7579047049931504 2.9972717881550697 3.3228121957322303 3.13739172504822 3.3519446557020496 3.066532367243199 2.1198777211237108 2.751606345927375 2.661949212750736 3.1894562039939895 3.261384605242481 3.22251790822453 2.9524176279487793 3.5579283966985793 3.48975166536815 2.710436542091826 2.968054155605674 2.98536673783366 2.6876914959511393 2.650026469431052 3.0233089447242696 3.005991513224731 2.8237458903923853 2.653879385479448 2.4869171157248746 3.4514723406970402 3.104963170861671 3.55016310334807 3.068122272480903 3.33196166531002 2.6330087706025562 3.3282317605759877 2.7234023090260857 2.7616598751801953 2.7293465060978557 3.2941285905057995 3.2402399804782798 2.719346009020685 3.44186308066884 2.8624791277524673 3.27865486948029 2.994429291828556 3.39152089933563 3.47202771933702 2.700768929238187 3.2279893373441 3.2000130572312098 3.3020887133697405 3.05785751031333 2.9470287764931475 3.1872131578086327 3.75436859733719 3.65839563828323
FinzgarFranSaleski_SLV00273-L2_1 3.13468031043773 3.12189860333352 3.0344411783891028 2.925112203275811 2.9668217005371007 2.806549712789163 3.046919828007247 2.8470791200551897 3.27866674603343 3.05757763791459 3.089680815230163 3.03010213160512 3.31697656979231 3.17272676546796 2.8817122935046626 2.78711718942139 2.704383672569204 2.800470807424762 0.0 2.415272671915881 2.3075794337651123 2.640309543052423 2.561659285738109 2.7822699670376947 2.91739958310842 2.950416610778658 3.0670528957703835 3.103138215719719 2.9588764634803377 2.9975489395815638 3.14819774172034 3.1844820918220305 3.2145163097084497 3.32470489432533 3.22470379179356 3.17610676210699 3.1618433822725 3.2226666393490504 3.0447318913550667 2.972041831986175 2.994143229332196 2.935700494495036 3.170134150007431 3.15899621109892 2.949124884389131 3.1143588979908 3.1188355050992795 2.992658483371721 3.002513376537874 2.963865627173334 3.0204158847294353 3.19579666160086 3.0510588852428278 2.9429750183981263 3.0865465132951204 3.0811245241939296 3.09185612227092 3.21775852958163 3.19551398587802 3.16091902298167 3.198223390426163 3.2068382166568505 3.1381639275045226 3.025969007158027 3.017154111146541 2.9843499822884656 2.857151588711002 2.682627497152816 2.9427344644705773 2.839484992603276 2.8084538552818303 2.829503562803127 3.0150530958490007 3.076607612171313 3.0324508432721666 2.953740517424491 2.9258767350151738 2.929892201751991 3.16949606228846 2.931341005462669 3.06362907803356 2.878103355122067 2.810179457625968 3.1250136709149494 3.0947114989152844 3.24491638095909 3.0485240982376203 3.2290106452843896 3.046266772645406 3.22588506533966 3.3178917739692606 3.076456107302044 3.15693895911065 3.20985616390945 3.148359761326561 2.996218691130595 3.1939816869323563 3.02994684104861 3.2436480505919 3.2038676036928204
FinzgarFranSaleski_SLV00496-L2_1 3.1835146624814197 3.1888170599289003 2.7619999494205114 2.629728058139002 2.850601516189817 2.678854927022723 2.843894164498801 2.97466416344826 3.1269474674653104 3.1893858251664904 3.14192878648796 3.05830606259166 3.2536557403972903 3.043265858981332 3.05531765526295 2.9105343170611357 2.677332733120497 2.931894419507345 2.415272671915881 0.0 2.076064877087396 2.311696180033482 2.281277497209929 3.0211594814003533 3.005002722956039 2.9700400646171508 3.029889431135769 3.0578753485868173 3.021963198641425 2.890975251771038 3.21433899532063 3.4069686768236602 3.2345972210840896 3.3291724273021996 3.24333476255973 3.2623531393724097 3.30489741400356 3.35673737929291 3.1942690352900103 3.12552637661552 3.2706938428059003 3.0873196489448103 3.20651300552084 3.276620308854371 3.18323120976292 3.33695790231501 3.2661053349305 3.0324741387655276 2.9398366170334267 3.04265703142726 2.886196928968259 3.036267873266044 2.861113335297107 2.88474415068948 2.941374563780215 3.31412518428608 2.881111671901587 3.097182961415518 3.1205221409415502 3.0021393306753508 3.157562273042727 3.1292485015682594 3.0597402658637334 3.0377386324472875 2.818978912782611 2.758381410469569 3.1461870656437396 2.881918024857626 2.7299763981270795 3.04623108355469 2.888632037680888 2.835174748168866 3.2387624322076807 3.1895776096180306 3.2267403044983403 3.29922440437072 3.0790499831213705 3.0843015435055126 3.070309792980426 2.713211692526838 3.2678008595935797 3.21603297770794 2.659618947459056 3.4131767105189996 3.1912359479886803 3.1803123290421205 3.19372798203601 3.109544430280399 3.108506461535174 3.1563386980449497 3.22715352253312 3.02906706522847 3.003425243698734 3.1248274717422797 3.015037542637631 3.1181096928317897 2.884380060900385 2.8923820289488367 3.13432576715626 3.26408339996097
