 BartelAnton_SLV00094-L2_1 BedenekJakob_SLV00024-L2_1 CankarIvan_SLV00398-L2_1 CankarIvan_SLV00401-L2_1 CankarIvan_SLV00410-L2_1 CankarIvan_SLV10001-L2_1 CankarIzidor_SLV30001-L2_1 CarliLukovicAlojz_SLV10002-L2_1 CiglerJanez_SLV10003-L2_1 DetelaFran_SLV00111-L2_1 DetelaFran_SLV00112-L2_1 DetelaFran_SLV00278-L2_1 DetelaFran_SLV00363-L2_1 DetelaFran_SLV00364-L2_1 FajdigaIvan_SLV10004-L2_1 FaturLea_SLV00352-L2_1 FaturLea_SLV00502-L2_1 FaturLea_SLV00506-L2_1 FinzgarFranSaleski_SLV00273-L2_1 FinzgarFranSaleski_SLV00496-L2_1 FinzgarFranSaleski_SLV00497-L2_1 FinzgarFranSaleski_SLV00498-L2_1 FinzgarFranSaleski_SLV10005-L2_1 GovekarFran_SLV00048-L2_1 GovekarFran_SLV10030-L2_1 GrudenJosip_SLV00425-L2_1 JaklicFran_SLV00126-L2_1 JaklicFran_SLV00373-L2_1 JanezicKraljevIvan_SLV00135-L2_1 JelencVitomirFeodor_SLV10006-L2_1 JurcicJosip_SLV00216-L2_1 JurcicJosip_SLV00217-L2_1 JurcicJosip_SLV00279-L2_1 JurcicJosip_SLV10007-L2_1 JurcicJosip_SLV10008-L2_1 JurcicJosip_SLV10009-L2_1 JurcicJosip_SLV10010-L2_1 JurcicJosip_SLV10011-L2_1 KersnikJanko_SLV00058-L2_1 KersnikJanko_SLV00187-L2_1 KersnikJanko_SLV00194-L2_1 KersnikJanko_SLV10029-L2_1 KocevarFerdo_SLV20001-L2_1 KoderAnton_SLV00098-L2_1 KoderAnton_SLV00099-L2_1 KoderAnton_SLV00103-L2_1 KoderAnton_SLV10012-L2_1 KovacicIvo_SLV10013-L2_1 KraigherAlojz_SLV00355-L2_1 KvederZofka_SLV10014-L2_1 KvederZofka_SLV10015-L2_1 LahIvan_SLV10031-L2_1 LevstikVladimir_SLV00345-L2_1 LevstikVladimir_SLV00478-L2_1 LevstikVladimir_SLV00483-L2_1 MahnicAnton_SLV10016-L2_1 MalovrhMiroslav_SLV00455-L2_1 MalovrhMiroslav_SLV00456-L2_1 MalovrhMiroslav_SLV00458-L2_1 MalovrhMiroslav_SLV00459-L2_1 MalovrhMiroslav_SLV00460-L2_1 MalovrhMiroslav_SLV00461-L2_1 MalovrhMiroslav_SLV10017-L2_1 MaseljPodlimbarskiFran_SLV00132-L2_1 MaseljPodlimbarskiFran_SLV00310-L2_1 MaseljPodlimbarskiFran_SLV10018-L2_1 MencingerJanez_SLV00174-L2_1 MeskoKsaver_SLV00072-L2_1 MilcinskiFran_SLV10019-L2_1 MurnikRado_SLV00473-L2_1 MurnikRado_SLV00476-L2_1 MurnikRado_SLV00526-L2_1 NadlisekMarica_SLV10020-L2_1 PajkPavlina_SLV00231-L2_1 PajkPavlina_SLV00234-L2_1 PajkPavlina_SLV00240-L2_1 PajkPavlina_SLV10021-L2_1 PesjakLuiza_SLV00227-L2_1 PodmilsakJosip_SLV00122-L2_1 PregeljIvan_SLV00417-L2_1 PrelesnikMatija_SLV00452-L2_1 PrelesnikMatija_SLV00454-L2_1 PrepeluhAlbin_SLV10022-L2_1 SketJakob_SLV00172-L2_1 SketJakob_SLV20002-L2_1 SorliIvo_SLV00325-L2_1 StritarJosip_SLV10023-L2_1 StritarJosip_SLV10024-L2_1 StritarJosip_SLV10025-L2_1 StrukeljIvan_SLV00090-L2_1 StrukeljIvan_SLV00092-L2_1 TavcarIvan_SLV00136-L2_1 TavcarIvan_SLV00324-L2_1 TavcarIvan_SLV00406-L2_1 TavcarIvan_SLV10026-L2_1 TrostIvo_SLV00421-L2_1 VodebEmil_SLV10027-L2_1 VosnjakJosip_SLV10028-L2_1 ZbasnikFran_SLV00391-L2_1 ZbasnikFran_SLV10032-L2_1
BartelAnton_SLV00094-L2_1 0.0 2.963032146532381 3.47658908650742 3.4314895142253103 3.38480809983216 3.4251484418970604 3.205368053033654 2.789033334438124 2.495360166629219 3.140342255852764 2.916698529863779 3.27487021648893 3.007750655815896 3.25555738617006 2.8551705890654 3.2395895248085083 3.245310122427906 3.1753784225341275 3.13468031043773 3.1835146624814197 3.19897966053414 3.3140854286554697 3.218155308196719 3.159068302544171 3.079560604512973 2.877914219670216 3.18091773725967 3.254707135280304 2.884715623122533 3.06965464673189 2.770152003669048 2.814177582593533 2.757265151936351 2.728100688908272 2.802129132843903 2.7357128016188836 2.574539947535326 2.920161159315242 3.002851910998568 3.109461527396108 2.985459300271741 3.18580611268432 2.3404600482147364 2.67522879040399 3.020228392575892 2.7764087750819266 2.7618535747802837 3.1679753735986607 3.1831208788633623 3.32826270375037 3.2709117380318595 3.0792939590528468 3.3803826379042805 3.1971329025326907 3.332192561589884 2.624907556605872 2.910891960120938 2.889881497359954 2.861917951221331 2.9228996685944786 3.010485364518515 3.045109150693535 2.62837513480502 3.032227725910992 3.010274642778022 3.0087147456382297 2.8261731854686403 3.013423251974679 3.2552345020132196 2.9607555373062953 3.1155806515110047 3.1475827934309373 3.151821215021523 2.7425070892296386 2.969611211477936 2.917048370564107 2.920028556971083 2.9746318865313044 2.7032420089956988 3.26044122781509 2.9058848832076 2.871915504734176 3.11587221667205 2.546063987362235 2.7443903967503047 3.2116198088069305 2.958736043446617 2.937425310748531 3.08138075265573 3.0220682149389058 2.886832741498907 3.081611489237374 2.9704815281500387 2.963909951648947 3.0422970654689196 2.991036004399827 3.31544986885566 3.008893561489217 3.27493796083978 3.35707982120688
BedenekJakob_SLV00024-L2_1 2.963032146532381 0.0 3.42262372983417 3.38005894713903 3.4158354296840496 3.4987475932139205 3.0794432375230105 2.867376170770175 2.8733173935462393 3.0235265872953763 3.0725633649601933 2.91641394036896 2.8428341548479112 2.956256981944654 2.8211864782342717 2.9672128686806616 3.3236780596550504 2.929575689079031 3.12189860333352 3.1888170599289 3.3188653449011705 3.07827096850213 3.16510860798928 3.23351496878847 3.146738092759786 3.0269968683538275 2.813008977150341 2.9025165916544062 2.927967691295861 3.3240282290089507 2.861604756156119 2.753545496627281 2.877418945827406 2.80850371693203 2.861738068060575 2.883655446046406 2.903600739152948 2.8739866871837423 3.087386968480546 3.0450824421654676 3.08648891647133 3.037675959453537 2.85953414331737 2.93034312224648 2.767744975218638 2.876333397382865 2.9403732679643153 2.784183077579177 3.127975445863406 3.21090795607764 3.2294902090749 3.17603124915082 3.2844316411821297 2.855685611626238 3.1209228774632995 2.7119360969568347 3.14150591323199 3.21732798149013 2.999270690856823 3.117854465496019 3.23748520010641 3.159234631851447 2.847064525947102 2.874820024424531 3.031910922600266 3.0410043600104144 2.768284032862989 3.24972202439927 3.071315349998775 2.915800079525142 3.084726605104395 3.0459806270281584 3.012574167004701 2.9208314427338298 3.1015996539947204 2.895901025765505 3.11242834575852 2.986285719749273 2.836656438657389 3.15953843979786 2.921590778119218 2.960239850586209 3.4690238525996597 3.049206601930134 3.034257823442809 2.9386309733007714 2.874293110799369 2.77790880316824 2.991643636358374 2.639313440116263 2.689895162216235 2.7307275080981306 2.960173124450134 3.010360473308654 2.992862246019436 2.81093772162687 3.2335906185215606 3.1833268738127303 3.0731947282219396 2.984548059349386
CankarIvan_SLV00398-L2_1 3.47658908650742 3.42262372983417 0.0 1.836133765706621 2.270222371856002 1.9077396262239492 2.759870537585638 3.4054358433206295 3.24414062093776 3.0977520154492018 3.18953727467522 3.0181838432175203 2.968831376728494 2.870641389901178 3.4076246476913896 3.148608622466657 2.723146838959204 3.2062341857998504 3.0344411783891028 2.761999949420511 2.73709245946235 2.539620452706356 2.8070188300669727 2.9326741763496393 2.781038780637847 3.2963771058202 3.001768354319977 2.891958950627454 3.3872492037863102 2.952893155569022 3.2077547566010303 3.4376349426837702 3.2399732742557905 3.18985738059275 3.14466752805053 3.28693684869556 3.42728124503065 3.12590210213855 2.97576726804445 2.996574148049763 3.1584529031699002 2.819190286587751 3.41164309967503 3.47934386865931 3.2515474550771604 3.53541657247463 3.49976376130774 2.980711432280759 2.764645858546703 2.758929768474059 2.724295570944593 2.9040738873089738 2.471690819639276 3.0409621614841233 2.927706227253327 3.5475036650685396 3.2632952938371904 3.009281868334509 3.2073983926109 3.29548231787101 2.998363795885427 3.1105671181510823 3.27415053570979 3.0874587226559393 3.0794294617821096 3.060633419264645 3.5378006020136397 2.954333441621875 2.618108643076347 3.012965600080827 2.8760841682181377 2.8595512540549572 3.070528855136808 3.33927450700047 3.16843873360615 3.48090067818684 3.1605562720379696 3.0683421636777792 3.3853556896359196 2.496413778271863 3.2795610719105803 3.2368320737595795 2.579899122803175 3.4981230095070197 3.30948639870952 2.612338784425547 3.29709768895174 3.2032643873741 3.1158986102394 2.939043160889125 3.15491928098889 3.19212082573934 3.0486777859051015 3.0287792257745227 3.10523183972738 3.29298514241684 2.759233866836583 2.8372990346595017 2.9144821339085487 2.986913076229531
CankarIvan_SLV00401-L2_1 3.4314895142253103 3.38005894713903 1.836133765706621 0.0 1.731732989609524 1.312650360042815 3.018953972659733 3.58397319318872 3.35362133535073 3.067530852404561 3.18979221338412 3.19842279664842 3.1351237991159797 3.1312256024451797 3.7174975183711596 3.2675621636962955 2.508748472739252 3.374521408914145 2.925112203275811 2.629728058139002 2.410696005005673 2.784585928822836 2.660379207354631 2.973322732506931 2.9152110166030543 3.20374755103985 3.12608871489439 3.26937355038071 3.2109829288615233 2.749957651838597 3.10331963444682 3.34160955339408 3.27911128626942 3.26884704871463 3.29887909477739 3.246336224149 3.33816264094658 3.1768544380433497 3.050655593069248 3.111533977319977 3.11100961095023 2.977920697919107 3.55076213152888 3.2413576785372498 3.2111598313798 3.49072030647357 3.40810017728077 3.28509330926469 3.032572331925921 2.49126714958924 2.6454929713982 2.7303207186947223 2.563409502173786 3.26349372691429 3.014811442812086 3.52799323633112 3.0256334232408113 3.10339965306512 3.12438471164521 3.1118941342637045 3.0299188399284267 3.1816329910765933 3.6604938181063 3.14257792760092 2.9325560877196017 3.114086458947922 3.51522245823735 2.924690533975686 2.662902949194606 3.2258445825915403 2.954907032507556 2.878726532233424 3.093183617479306 3.5032978345826202 3.124762164262047 3.42368967436595 3.1186422759768497 3.1967287318002597 3.23014305751379 2.8023402644272606 3.4101873682042503 3.3865022706306496 2.4846323923269162 3.48423936991475 3.23160363883719 2.7122703745300294 3.32921939014113 3.1461609433730935 3.058954977566644 3.16225975502826 3.23306963270083 3.39461886024354 2.900765917584244 3.074473221168892 2.748669338686278 3.2691373067057805 2.735531708383903 2.94379372621089 2.688990406906349 2.834070837607276
CankarIvan_SLV00410-L2_1 3.38480809983216 3.4158354296840496 2.270222371856002 1.731732989609524 0.0 1.9504475865203261 3.029450093447071 3.6208023350136003 3.3644347352111703 3.04406397329986 3.32512963346595 3.200930892411216 3.35223102193084 3.33250290949124 3.4334615085913303 3.4232382180253405 2.8672219678775 3.48467116510356 2.966821700537101 2.8506015161898173 2.605747217927385 3.1573367722483976 3.038141714007414 3.0372721083184593 3.058115751435426 3.1919155314244603 3.21711177965801 3.31360836715525 3.048123513075999 2.536454427548626 3.20832438713202 3.2346942774798197 3.2171682531352497 3.23140220087012 3.2520499380325103 3.069490149982208 3.1794136942939 3.1932327459349006 2.955807625639077 3.084048954107458 3.031432882762689 3.052405302508779 3.58598906937078 3.1631236545140204 3.20686716983739 3.2139512385682 3.1502928682205016 3.46227824290974 2.906225689999041 2.365517988017075 2.58547138816899 2.720836935998714 2.5265695134550192 3.3788472374974736 2.923274999991513 3.4960977113746603 2.984263069683662 3.020871381889392 3.076926389661669 3.03411172556026 2.8350241060321704 2.920612486927119 3.66606849425857 3.089011816505397 3.0504216718600903 3.146290945692622 3.2361277244624898 2.7836418117340163 3.042012330081591 3.18832869896633 3.132749581461195 3.052790696392253 2.9920329658048788 3.33856326327032 2.800462782173696 3.030815756483536 2.874870784565764 3.244597538786704 3.1070782327948994 3.2168813248656623 3.3125209753790603 3.2589043805760602 2.572093456989258 3.12340276764819 3.10150848411522 2.778900428779025 3.038387426090833 2.92837600955731 2.7776786786159207 3.25762857800662 3.1399762937683997 3.38564276597509 3.046333147669793 3.17202388889995 2.918626371822542 3.08672135765277 2.878401404366042 3.00170944553422 2.5687168701958862 2.661384945476116
CankarIvan_SLV10001-L2_1 3.4251484418970604 3.4987475932139205 1.9077396262239492 1.312650360042815 1.9504475865203261 0.0 3.081128459385236 3.3920952624446947 3.4033738810132204 3.066192637240767 3.1750158743219807 3.25683777125702 3.31223840101738 3.30007068079025 3.59356538713954 3.0825453542085466 2.389105249322454 3.132642631119026 2.806549712789163 2.678854927022723 2.344239495328421 2.829294220485587 2.620790605238871 2.8506329278021187 2.935639569368624 3.15304739184447 3.15137573112468 3.34532751979744 3.1427498726232246 2.807300198844964 3.1270613451551297 3.3023172696526997 3.36296946575075 3.3648655230296898 3.332164106558909 3.3079322334828998 3.26831515678115 3.18607058070062 3.04716087807444 3.067371097277702 3.12853575114914 2.8951236033493037 3.47793326926403 3.26627649737712 3.28353717703767 3.4636320729879095 3.31440303478679 3.2958482498221704 3.001755702448692 2.501239826401819 2.6479693544425142 2.8911217111789 2.5343736541367523 3.144655744218847 3.01757893757229 3.4996305061699102 3.0778759029036697 3.1060702420964352 3.107883935754343 3.126184065438236 3.075289069924536 3.214457810904063 3.5447184947463497 3.1557441430840107 3.0548588884626513 3.1536059483332997 3.4214897948562903 2.8211066502892033 2.7593721140945053 3.106791581517072 2.8256313722737447 2.763540487929808 3.156173923645038 3.4073174719632897 3.1557215399160246 3.3565351274926005 3.0483600138034084 3.031547063912112 3.28481961410216 2.792714053893212 3.35526110137255 3.30128598336765 2.409588898198069 3.39758208167062 3.052381461485063 2.9816594690858036 3.27700895352139 3.23185826250981 3.0377022382013728 3.27607667668102 3.37775446734097 3.3130586848401 2.9556982212054352 3.066026698217169 2.849435029760652 3.25983602629444 2.7715320965942 3.1051128714392897 2.8687882979371633 2.9925525517195433
CankarIzidor_SLV30001-L2_1 3.205368053033654 3.0794432375230105 2.759870537585638 3.018953972659733 3.029450093447071 3.081128459385236 0.0 3.066677383372909 2.869303444817341 3.23614371274326 3.38427869681455 3.0122311712443404 3.0188691010802904 2.9637951761926002 2.9246520418842388 2.847424044717879 3.0949143455006696 2.929407963636778 3.046919828007247 2.843894164498801 3.027597886850637 2.737122948242376 3.068717451605055 3.22494908248927 3.071239412444279 3.2778328134870303 3.100159930431419 2.9036141586580264 3.249594678430803 3.022029944920932 3.1372747711107403 3.13740330941912 2.8748948675305748 2.8605124172326537 2.924377709914462 2.96607688937289 3.2427656374898 2.9020938630519586 3.19201634718896 3.16150067491776 3.162683844064047 3.0508115412788914 3.20773492235611 3.2536736016144 3.0520633768624252 3.063356185293156 3.219596103003779 2.937540018523143 2.749508827491765 2.68360694667334 2.845143290914823 2.945914680672253 2.8571301009207977 2.715527420096066 3.0217571704269046 3.1183691302705134 3.20632390627538 2.982451569241462 3.08732692613819 3.1764085251152396 2.9831184781407156 2.9725624965334223 2.842566549039401 2.9222619826197684 3.2224191953802 2.997560334363552 3.049955212860618 3.1864061893971902 2.976984853023724 3.0917271934675297 2.8570353064571963 3.151023630824991 2.863479943265304 2.962931301598166 3.11604145398754 3.054527788010072 2.996748212111031 2.83299571520374 3.14152723638158 2.80459116595073 3.0882033196319245 3.0654700312587266 2.813746955878648 3.1194221424644537 3.290170601553896 2.820188401911647 2.798025987017826 3.00028165873065 2.969456776692765 2.8854837722420994 2.9584165358282153 2.961127278843065 2.9308388976089086 3.034922785797825 3.060513720618705 3.107883626486753 3.18966253592196 2.947384339906442 3.1793755408277997 3.0975666893935303
CarliLukovicAlojz_SLV10002-L2_1 2.789033334438124 2.867376170770175 3.4054358433206295 3.58397319318872 3.6208023350136003 3.3920952624446947 3.066677383372909 0.0 3.0174705928527787 3.140936867190163 2.789214043170476 3.13661558713269 3.12487127541706 3.21053779230623 2.413603063015727 2.060397197880458 2.698831743330225 1.837046347103213 2.84707912005519 2.97466416344826 2.956036752403319 3.1055823565829037 2.5567221503818938 2.924193914239172 2.7415648821731837 2.36918174877016 3.0335543255934323 3.175355519908861 2.985207769126791 3.50383679096068 3.20393086449004 2.7828854671935046 3.227817129708902 3.4398877693654804 3.178690829257963 3.3157851549418798 3.013830971445791 3.1679786082674104 3.24069950110915 3.2456459506921504 3.144050242625601 3.27308082083751 2.494073807892428 2.9486781840243896 2.793525220551279 2.770430736611572 2.700155020598093 2.714033128207153 2.856309726198095 3.49126368757709 3.27739941563235 3.4193195548969078 3.17714237454015 2.032376566002782 2.964449704021265 2.482889065862985 3.071981684291255 3.315082037290785 3.23720464148325 3.050665925772499 3.5831780989986797 3.5442261719929404 2.315351501232607 3.1145496423286243 3.0327218380257053 2.821080514608754 2.574438795573129 2.8926366584676924 3.117847482858 2.706679720673566 2.679129302407845 2.530337625280133 3.4797150554499803 2.835018662753175 3.4738021705913105 2.972358700225448 3.15520329092298 2.531953887730298 3.0977375442800272 3.0182298644488 2.7784050087892838 2.676637319308942 3.2877736272025597 3.0890555485265905 2.6611229642460748 3.47016781832268 2.770236441995528 3.25679737724448 2.959275558385213 3.411287737477344 3.5437501458749696 2.596029641975192 3.2675799658565605 3.16705335780716 3.383417377150515 3.1522603491826624 3.074881772922679 3.22273021225641 3.8286924606453003 3.72940647542902
CiglerJanez_SLV10003-L2_1 2.495360166629219 2.8733173935462393 3.24414062093776 3.35362133535073 3.3644347352111703 3.4033738810132204 2.869303444817341 3.0174705928527787 0.0 3.205358722375708 3.137222286885743 3.1123196241424917 2.63370817668429 2.868885049354126 3.170868714634355 3.1950678301817192 3.4346208656133905 3.2110351381203928 3.27866674603343 3.1269474674653104 3.27920770306837 3.022125721102558 3.3597014189191103 3.3712589224441 3.3243104026086097 3.4207928534373497 2.80122618867259 2.6874515704336677 3.087432703602857 3.21464443433307 2.742688858493338 2.85918066278165 2.354552233030522 2.2133068239075433 2.491406528225438 2.505858091852151 2.6221693681537728 2.4459949372570637 3.250623382880412 3.3107305813687598 3.141033610647752 3.2379523619437203 2.559208261875306 3.1435195143492987 2.949658015553902 2.9074147150324072 3.373825720781589 3.01984460251423 3.128547294850671 3.1190281925867804 2.8789714991538364 3.25593667597293 3.41620067264002 2.970489166301766 3.44756730709528 2.806740453874494 3.006085932053765 2.916923033115824 2.83409141328594 2.989843877410115 2.952255528924035 2.786839503362534 2.7668263906627804 3.060446166508166 3.217428840902168 3.17582926503738 3.1000148161292422 3.4003382002787204 2.96290588474805 3.0957001114434464 3.166211161023254 3.4293304088268606 3.0900629424620893 2.8630505681696348 3.170063815743652 3.026375657253264 3.0321763604842484 2.965534304723802 2.86014950141919 3.0719216108530194 3.014779293017657 3.08622602653119 3.25839808414812 2.840070158598292 3.161043690056311 3.029007179755544 2.706471276588625 2.500621575725891 2.728855796063598 2.614772141594664 2.728006786649682 3.284642323583802 2.90202021849106 3.03361836411512 2.909794212645525 3.1090511456610948 3.5551891233884003 3.12282634520854 3.007090951255159 3.042515556795946
DetelaFran_SLV00111-L2_1 3.140342255852764 3.0235265872953763 3.0977520154492018 3.067530852404561 3.04406397329986 3.066192637240767 3.23614371274326 3.140936867190163 3.205358722375708 0.0 2.2204231478719567 2.221677342186703 2.697889946524665 2.496460558906278 3.22866208133002 2.9813568884605672 2.926153640373794 2.998252066150838 3.05757763791459 3.1893858251664904 3.18024740783754 3.1785076829673997 3.0200703227545658 3.1094616428266146 3.058332984733552 2.9696440341357437 2.7345684171061837 2.901624459796442 2.8282041699987683 2.972166603654496 2.977083348873604 3.0914104657559047 3.2184249990925 3.15960958704834 3.2394512759345 3.2743305656918 3.0671376927602365 3.1508570124012905 2.878798149940421 2.656028663518351 2.8143764259810746 2.754748923259369 3.222084909596477 2.850453846156299 3.0813536119987797 3.045147266401985 2.9751184245674063 3.044701544856892 3.13835916588793 3.19172686628355 3.1812629886541703 2.89585117440815 3.1251500418985203 3.2089604076705003 3.0130775424506595 3.043280206740511 2.924992718674865 2.957307214089205 3.07309950917168 3.0123342249307186 3.1118435049212696 3.0072435524342627 3.2030426903125 3.058354616506674 2.996613177440208 3.12638740140635 3.1489301238503895 3.2794869741963186 2.9053153410882757 3.27073706374728 3.28424081006775 3.15195078321534 3.06244736005271 3.08247773089325 2.9832395839334556 3.098533912322994 3.028346292176259 2.957678484012533 3.019323126942674 2.9905925171487393 3.0216641007353 3.13512553154441 3.2431748853280697 2.9853032265124897 3.17750148128654 3.16869763125678 3.14870336022982 3.1306772633026174 3.06275494228446 2.823625452042998 2.846026668844973 2.995463466793579 3.1928654450500398 3.13478975086562 3.079793402636768 3.05497548936527 2.8912957946693902 2.9970071292442584 2.85243358685954 2.89865334548636
DetelaFran_SLV00112-L2_1 2.916698529863779 3.0725633649601933 3.18953727467522 3.18979221338412 3.32512963346595 3.1750158743219807 3.38427869681455 2.789214043170476 3.137222286885743 2.2204231478719567 0.0 2.552415854673823 2.8441511311807632 2.678441761332122 2.980074563266557 2.957124347284479 2.837474309835601 2.877529542366114 3.089680815230163 3.14192878648796 3.1282137803549386 3.17439124911642 2.821735763625736 2.828798063757077 2.7548690208441338 2.564081118773561 2.9924411627898126 3.2371301205135206 2.7855391295626752 3.09739049349853 3.026193036597145 2.849002117770122 3.23485378444756 3.1685727668439103 3.36324129059646 3.28185103890658 2.863217440209046 3.2933989609313 2.9809282177197653 2.74241106632333 2.998378766195219 2.937836402130182 2.907276197876789 2.774666516784372 3.12516930208586 2.942079836117726 2.7616685953585 3.0764281481252462 3.2133199404687898 3.45643228849424 3.35891176681986 2.9600403290007318 3.11150880071998 3.159141806630617 2.954171046424888 2.840281276231695 2.7734076500395393 2.8977528563357 2.84912776350222 2.776192916836968 3.15023357746156 3.0467175063326373 3.014842806693485 3.038684296680516 2.962888071653036 2.889496683029058 2.911310693565059 3.110619325585273 2.911341720149199 3.102387455680835 2.975207323348405 2.829755282666446 3.177082926796965 3.073409190050279 3.2506151860514096 3.20823408298924 3.2529087841734903 2.912577571488458 3.044860968292803 2.8497594788949554 2.9158548386557337 2.9743438612529483 3.17127999720824 3.070367043758567 3.023708300788424 3.37461010971567 3.36916906885057 3.44971016587778 3.3600481769536903 3.22104427160898 3.1476931438223965 2.757692280055937 3.040263323740945 2.8528471077969457 2.927888291737268 3.2249126324782695 2.818586423799066 2.911728111173272 3.31598134780905 3.3325980190403603
DetelaFran_SLV00278-L2_1 3.27487021648893 2.91641394036896 3.0181838432175203 3.19842279664842 3.200930892411216 3.25683777125702 3.0122311712443404 3.13661558713269 3.1123196241424917 2.221677342186703 2.552415854673823 0.0 2.601680727052861 2.136951793170481 3.0539690437267843 2.82941987939317 2.99785462132641 2.9506566988518026 3.03010213160512 3.05830606259166 3.22029231059666 2.87470335110189 3.028985320297096 3.0521496550301297 3.0159983872539198 3.17376459488555 2.769992835113717 2.734081532481747 3.06215510604198 3.14473241782787 3.08798999635417 3.1882201514569797 3.0535561945314678 3.072155960673066 3.107976166648439 3.184199731895281 3.22906832615201 3.15180319197285 2.9721325142582327 2.712240210606671 2.910090959808227 2.6922715324386592 3.1895912987290758 3.0913534463158596 3.0938179860001402 3.0840164688755065 3.10967631514698 2.729059602171726 2.9254850377524324 3.18721943562626 3.107556410163685 3.052988033912328 3.081373797061576 3.012488964987244 2.947803542749615 3.050086503587197 3.21151294130353 3.14783444368965 3.2428876628003898 3.1905424935019697 3.1341223977260633 3.0152590344362933 3.056078536550532 3.034398954624244 3.118702509761522 3.0002591648126007 3.082381655277157 3.3108077007513597 2.848202529371044 3.0811448882964996 3.156832124672623 3.12144015082663 2.978741273603585 3.003524387221826 3.06252562754575 3.1338396326321742 3.16852512623621 2.927076049976079 3.17754733893238 2.8695595201312654 3.0866379192459883 3.118258678260201 3.2921247151915503 3.126996024923624 3.3930018080211903 3.018997481838231 3.071719726023662 3.0034672943253646 2.941863603931096 2.795609785755749 2.793037645466831 2.9571258049718523 3.1854018766947902 3.0452165797172457 3.22011415579167 3.08359438286716 2.978476594634068 2.9352779826877717 3.037287495133938 2.990519274300135
DetelaFran_SLV00363-L2_1 3.007750655815896 2.8428341548479112 2.968831376728494 3.1351237991159797 3.35223102193084 3.31223840101738 3.0188691010802904 3.12487127541706 2.63370817668429 2.697889946524665 2.8441511311807632 2.601680727052861 0.0 2.3003585930879953 3.2150329585910598 3.1176002673935 3.32736024837015 3.20716131239052 3.31697656979231 3.2536557403972903 3.3359128226263906 2.925359356157725 3.26695231684034 3.197975093440892 3.1736793565182397 3.5406678064515598 2.493863406137991 2.390347400815437 3.31985340188257 3.3411899911390703 2.653532785462617 3.104691182620143 2.6240616014324862 2.6033172977357086 2.708885159364141 2.853135330137876 3.1434485153299905 2.599938341832122 2.871194366414895 2.904342479146921 2.8406384130653803 2.748277911930894 2.956046869321667 3.2755282267049903 2.806644391229974 3.2211401183242803 3.5550378076276097 2.549343863096693 2.91126614023642 3.152694639991383 3.1193437320637463 3.37123146638621 3.3287701600718496 2.871241431241625 3.30383504645222 2.987465329991687 3.2254573229659798 3.059022759191694 3.165573959127575 3.31457995480096 3.1687445576376403 3.1342098502612497 2.627219219171187 3.08708907367403 3.23010306439279 3.3103611206524306 3.415707679476988 3.46733358293276 2.857000845043506 2.966699542176916 3.142917712444712 3.269409478063534 2.973343851675242 2.95356452382426 3.25411390556319 3.3538970138991804 3.23597826202486 2.998372732930422 2.949264699499607 2.810307863550336 3.12236488909394 3.1854016011560558 3.4210446278879294 3.09866359345469 3.30164448649907 2.656638527524799 3.016852660914105 2.647010205825156 3.010951085517414 2.305144847758003 2.4941644047262432 3.1676822345964997 2.870402641410365 3.0229140450460905 3.06810846375682 3.078412751775891 3.25866777068644 3.059439726659202 2.825687652804373 2.832893223670396
DetelaFran_SLV00364-L2_1 3.25555738617006 2.956256981944654 2.870641389901178 3.1312256024451797 3.33250290949124 3.30007068079025 2.9637951761926002 3.21053779230623 2.868885049354126 2.496460558906278 2.678441761332122 2.136951793170481 2.3003585930879953 0.0 3.30418796164128 2.895450618292661 3.024048835451567 3.039621709282078 3.17272676546796 3.043265858981332 3.23933910619838 2.730773346980005 2.9925383715465053 3.0995474262242837 2.942876214016488 3.28316772782246 2.713878919317287 2.5151787940929067 3.2511248737965497 3.1265842001812714 2.99299457645111 3.2437244612061997 3.084964936298126 3.034162397285554 3.024045748704153 3.2339643500665414 3.3117414027074297 2.997835463648789 3.1110462548117637 2.9314208814666323 3.0613615363293603 2.859547975379774 3.16665028383054 3.22309098982625 3.074478817570378 3.2515184789176597 3.4209563777573897 2.636038685985652 2.935658568133239 3.2078554545003897 3.0420403831385903 3.123344392545248 3.1710926592806503 2.9727219465877637 2.9971950010568844 3.10570751765467 3.15751955734801 2.969266051440452 3.12839376735182 3.17787090991604 3.057738115868962 2.988714727370856 2.9670536420958697 2.9683912513476702 3.020487385510605 2.964350327104478 3.2824369161371703 3.39505759683104 2.623609498633494 3.04125913871499 3.07702287137035 3.086991820907719 2.96633803287953 3.0492189861562036 3.1900595738667796 3.3290931289333594 3.31253821511092 3.0560368530160096 3.1310843527948893 2.6230575493379202 2.997935503766122 3.17412712593965 3.24117291650527 3.2640809433549203 3.32420306817227 2.8468127765262823 3.17238600222376 2.958498889766257 3.111308296795171 2.474456310129654 2.6914355741276763 2.944633310566937 2.9689412362540004 2.963182607808397 3.005714585248243 3.036891553563715 2.932589308979589 2.870369273815744 2.929240117816213 3.016060091631493
FajdigaIvan_SLV10004-L2_1 2.8551705890654 2.8211864782342717 3.4076246476913896 3.7174975183711596 3.4334615085913303 3.59356538713954 2.9246520418842388 2.413603063015727 3.170868714634355 3.22866208133002 2.980074563266557 3.0539690437267843 3.2150329585910598 3.30418796164128 0.0 2.673754552152526 3.12533957930595 2.67588870645938 2.881712293504663 3.05531765526295 3.1396750425970197 3.20656129977688 3.1304241669425696 2.795084875502816 2.876256294447437 2.722116095667568 3.08390157743355 3.1225017822222503 3.0980790744363498 3.2960577426334057 3.09269097429834 2.92991607335094 3.0344585340423933 3.26410564532671 3.013551471519295 3.04034734613806 2.949235926075472 3.0882295656175 2.926409816675001 2.927175734721153 2.8865225815239 2.948969340448172 2.7438755425632957 2.9071514497965882 2.81926107711603 2.683761498411389 2.5535929311931262 2.761836104719638 2.89117100333219 3.27410385048729 3.2833034824941825 3.127237963352232 3.030090790942759 2.5590286338157933 2.9039158833202583 2.653845889415502 3.11490664517167 3.2429915653149397 3.179329061805306 3.125638258670213 3.2826114035350598 3.28760008439274 2.4887217245344018 2.948689732306547 2.992977616238333 2.933359272231752 2.522444028353778 2.8029649060352577 3.4140804881736697 2.787109271670741 3.002082847942914 2.968184121531161 3.20070185711579 2.659560299087397 3.1293173470889477 2.7364297040598853 2.8725774063496914 2.752645467828253 2.998150070831133 3.25390652901394 2.984798688053075 2.775154543454806 3.2180042297774802 2.823825305065924 2.891656595139686 3.2357264015496203 2.790247446059306 3.28207873173558 3.07009476255043 3.3637811052032998 3.34504776563696 2.470769983318859 3.22517630615421 3.077490949484887 3.3768104378132398 3.085938924915784 3.1050303884500203 3.19645890503506 3.40809777604184 3.31882958364724
FaturLea_SLV00352-L2_1 3.2395895248085083 2.9672128686806616 3.148608622466657 3.2675621636962955 3.4232382180253405 3.0825453542085466 2.847424044717879 2.060397197880458 3.1950678301817192 2.9813568884605672 2.957124347284479 2.82941987939317 3.1176002673935 2.895450618292661 2.673754552152526 0.0 2.2293930621118747 1.5073197381244299 2.78711718942139 2.9105343170611357 2.8365017255869147 2.847401315341318 2.444207884892287 2.936824605797861 2.774366519073819 2.629636096706294 2.937013939873795 2.937825802577418 3.0173902088041427 3.40819156450268 3.30233786160759 3.017275299327583 3.30890923004438 3.43390516636208 3.3772814351552998 3.42786509421697 3.1697089030739596 3.2133836888972303 3.34905075201455 3.2591913178877103 3.13375200607154 3.16793900617368 2.879226288070133 3.037953617658609 2.879355715961255 2.902003491163931 2.828440065946991 2.722900189248658 2.9041829945654634 3.246438764874505 3.095386175185353 3.33816584464491 2.9831312356921593 2.131874028825116 2.870294802714494 2.8481251318374428 3.21467163851183 3.37868579866988 3.2541585259940202 3.14104996936332 3.57059569583219 3.46707692436066 2.812954120642632 3.0005545456718496 2.950886569529968 2.802197912265782 2.784599798306742 3.0931477997955303 2.953866676767592 2.858745337764688 2.681357946142441 2.547173650247032 3.4117109045963705 3.1535759066358873 3.47350064671765 3.088722225667219 3.28938284469124 2.72720628168054 3.43224132890466 2.7473245043715693 2.871197781491303 2.772770131854122 3.2715137665277396 3.29157127953703 2.88752732719816 3.33688875707958 2.8488979890326367 3.1797987356669397 2.90038354861504 3.32172105794066 3.4160352286453 2.769034026150359 3.230475785445134 3.2199131217542796 3.30786453371922 3.0962264865595595 2.926060535981178 3.2230993169610898 3.5887154624637 3.52680052981232
FaturLea_SLV00502-L2_1 3.245310122427906 3.3236780596550504 2.723146838959204 2.508748472739252 2.8672219678775 2.389105249322454 3.0949143455006696 2.698831743330225 3.4346208656133905 2.926153640373794 2.837474309835601 2.99785462132641 3.32736024837015 3.024048835451567 3.12533957930595 2.2293930621118747 0.0 2.179572653458162 2.704383672569204 2.677332733120497 2.4130230705047997 2.86463269631129 2.348833030580253 2.809553795337636 2.6782167209868972 2.6342987311260933 3.0831866430148303 3.2518831772292502 2.968643649610515 2.951328579580527 3.275189442879906 3.1791143722711004 3.48973302999672 3.5921769672571795 3.5262264328169497 3.5094856182207703 3.2398635918100895 3.3151096743986903 3.1182665151951 3.067608219877264 3.096077393282284 2.989408859575191 3.242492547940942 3.045710266757207 3.18334470695282 3.16642679781179 2.992823811198671 2.990069190514892 3.20267687684988 3.051635619933095 2.873101991243668 3.0522959530557943 2.790731324921194 2.835613615511153 2.851587893624827 3.091752925619081 3.0703601993436376 3.2380809786129605 3.19858076041026 3.09073978209525 3.36199370349566 3.4125677461388895 3.2699723627063895 3.050614311681033 2.7481284105928987 2.787604021563323 3.061492932041979 2.901035318541679 2.709665834947773 2.9673413592531293 2.615944792532781 2.474840415215199 3.30693513006131 3.3943385311965804 3.43306109335321 3.34430005834479 3.22204588439949 2.835277870607717 3.3196062547602 2.711883266508835 3.050303250291505 3.002050088419378 2.670905103140564 3.36116511116771 2.822624926609542 3.3384445293981804 3.12129025206938 3.46333612622853 3.1748306195842404 3.4444318435025303 3.5109518837327203 3.019600134374012 3.13289755685018 3.16468097625418 3.1357376384579405 3.0676639319302286 2.566709825595784 3.0734260751105382 3.3678388766709304 3.47188547254367
FaturLea_SLV00506-L2_1 3.1753784225341275 2.929575689079031 3.2062341857998504 3.374521408914145 3.48467116510356 3.132642631119026 2.929407963636778 1.837046347103213 3.2110351381203928 2.998252066150838 2.877529542366114 2.9506566988518026 3.20716131239052 3.039621709282078 2.67588870645938 1.5073197381244299 2.179572653458162 0.0 2.800470807424762 2.931894419507345 2.868889997153992 2.916964158568788 2.299835649571443 2.900159244089923 2.7013832588589377 2.547839396490509 3.02896763948856 3.0781500153743604 2.940990146777772 3.4180236148576695 3.25089549619921 2.87316734365599 3.34776413941038 3.52109442050517 3.45002439453297 3.4306691511611103 3.049761858239143 3.25562867584574 3.35489090446287 3.28236007129706 3.184488468470803 3.23637306003383 2.841553410405449 2.9846590211487705 2.969519109243121 2.958702705088734 2.794445183215144 2.75790470499315 2.99727178815507 3.3228121957322303 3.1373917250482206 3.3519446557020496 3.066532367243199 2.119877721123711 2.751606345927375 2.661949212750736 3.1894562039939895 3.261384605242481 3.22251790822453 2.952417627948779 3.5579283966985793 3.48975166536815 2.710436542091826 2.968054155605674 2.98536673783366 2.687691495951139 2.650026469431052 3.0233089447242705 3.005991513224731 2.823745890392385 2.6538793854794482 2.486917115724875 3.4514723406970402 3.104963170861671 3.55016310334807 3.068122272480903 3.33196166531002 2.6330087706025562 3.328231760575988 2.7234023090260857 2.7616598751801953 2.729346506097856 3.2941285905057995 3.2402399804782798 2.719346009020685 3.44186308066884 2.862479127752467 3.27865486948029 2.994429291828556 3.39152089933563 3.47202771933702 2.700768929238187 3.2279893373441 3.2000130572312098 3.3020887133697405 3.05785751031333 2.9470287764931467 3.1872131578086327 3.75436859733719 3.6583956382832303
FinzgarFranSaleski_SLV00273-L2_1 3.13468031043773 3.12189860333352 3.0344411783891028 2.925112203275811 2.966821700537101 2.806549712789163 3.046919828007247 2.84707912005519 3.27866674603343 3.05757763791459 3.089680815230163 3.03010213160512 3.31697656979231 3.17272676546796 2.881712293504663 2.78711718942139 2.704383672569204 2.800470807424762 0.0 2.415272671915881 2.307579433765112 2.640309543052423 2.561659285738109 2.782269967037695 2.91739958310842 2.950416610778658 3.0670528957703835 3.103138215719719 2.9588764634803377 2.9975489395815638 3.14819774172034 3.18448209182203 3.2145163097084497 3.32470489432533 3.2247037917935604 3.17610676210699 3.1618433822725 3.2226666393490495 3.044731891355067 2.972041831986175 2.994143229332196 2.935700494495036 3.170134150007431 3.15899621109892 2.949124884389131 3.1143588979908 3.1188355050992804 2.992658483371721 3.002513376537874 2.963865627173334 3.0204158847294353 3.19579666160086 3.0510588852428278 2.942975018398126 3.0865465132951204 3.08112452419393 3.09185612227092 3.21775852958163 3.19551398587802 3.1609190229816697 3.198223390426163 3.206838216656851 3.1381639275045226 3.025969007158027 3.0171541111465414 2.984349982288466 2.8571515887110017 2.682627497152816 2.9427344644705773 2.839484992603276 2.80845385528183 2.829503562803127 3.0150530958490007 3.076607612171313 3.0324508432721666 2.9537405174244906 2.9258767350151738 2.929892201751991 3.16949606228846 2.931341005462669 3.06362907803356 2.878103355122067 2.810179457625968 3.1250136709149503 3.0947114989152835 3.24491638095909 3.0485240982376203 3.2290106452843896 3.046266772645406 3.22588506533966 3.31789177396926 3.076456107302044 3.15693895911065 3.20985616390945 3.148359761326561 2.996218691130595 3.1939816869323563 3.02994684104861 3.2436480505919 3.20386760369282
FinzgarFranSaleski_SLV00496-L2_1 3.1835146624814197 3.1888170599289 2.761999949420511 2.629728058139002 2.8506015161898173 2.678854927022723 2.843894164498801 2.97466416344826 3.1269474674653104 3.1893858251664904 3.14192878648796 3.05830606259166 3.2536557403972903 3.043265858981332 3.05531765526295 2.9105343170611357 2.677332733120497 2.931894419507345 2.415272671915881 0.0 2.076064877087396 2.3116961800334823 2.281277497209929 3.0211594814003533 3.005002722956039 2.970040064617151 3.0298894311357687 3.057875348586817 3.021963198641425 2.890975251771038 3.21433899532063 3.4069686768236602 3.2345972210840896 3.3291724273021996 3.24333476255973 3.26235313937241 3.30489741400356 3.35673737929291 3.1942690352900103 3.12552637661552 3.2706938428059003 3.0873196489448103 3.20651300552084 3.27662030885437 3.18323120976292 3.33695790231501 3.2661053349305 3.0324741387655276 2.939836617033427 3.04265703142726 2.8861969289682587 3.036267873266044 2.861113335297107 2.88474415068948 2.941374563780215 3.31412518428608 2.881111671901587 3.097182961415518 3.1205221409415502 3.002139330675351 3.1575622730427275 3.1292485015682594 3.059740265863733 3.037738632447287 2.818978912782611 2.758381410469569 3.1461870656437396 2.881918024857626 2.729976398127079 3.04623108355469 2.888632037680888 2.835174748168866 3.23876243220768 3.18957760961803 3.2267403044983403 3.29922440437072 3.0790499831213696 3.084301543505513 3.070309792980426 2.713211692526838 3.26780085959358 3.21603297770794 2.659618947459056 3.4131767105189996 3.19123594798868 3.18031232904212 3.19372798203601 3.109544430280399 3.108506461535174 3.1563386980449497 3.22715352253312 3.02906706522847 3.003425243698734 3.1248274717422797 3.0150375426376312 3.11810969283179 2.884380060900385 2.892382028948837 3.13432576715626 3.26408339996097
