 BartelAnton_SLV00094-L2_1 BedenekJakob_SLV00024-L2_1 CankarIvan_SLV00398-L2_1 CankarIvan_SLV00401-L2_1 CankarIvan_SLV00410-L2_1 CankarIvan_SLV10001-L2_1 CankarIzidor_SLV30001-L2_1 CarliLukovicAlojz_SLV10002-L2_1 CiglerJanez_SLV10003-L2_1 DetelaFran_SLV00111-L2_1 DetelaFran_SLV00112-L2_1 DetelaFran_SLV00278-L2_1 DetelaFran_SLV00363-L2_1 DetelaFran_SLV00364-L2_1 FajdigaIvan_SLV10004-L2_1 FaturLea_SLV00352-L2_1 FaturLea_SLV00502-L2_1 FaturLea_SLV00506-L2_1 FinzgarFranSaleski_SLV00273-L2_1 FinzgarFranSaleski_SLV00496-L2_1 FinzgarFranSaleski_SLV00497-L2_1 FinzgarFranSaleski_SLV00498-L2_1 FinzgarFranSaleski_SLV10005-L2_1 GovekarFran_SLV00048-L2_1 GovekarFran_SLV10030-L2_1 GrudenJosip_SLV00425-L2_1 JaklicFran_SLV00126-L2_1 JaklicFran_SLV00373-L2_1 JanezicKraljevIvan_SLV00135-L2_1 JelencVitomirFeodor_SLV10006-L2_1 JurcicJosip_SLV00216-L2_1 JurcicJosip_SLV00217-L2_1 JurcicJosip_SLV00279-L2_1 JurcicJosip_SLV10007-L2_1 JurcicJosip_SLV10008-L2_1 JurcicJosip_SLV10009-L2_1 JurcicJosip_SLV10010-L2_1 JurcicJosip_SLV10011-L2_1 KersnikJanko_SLV00058-L2_1 KersnikJanko_SLV00187-L2_1 KersnikJanko_SLV00194-L2_1 KersnikJanko_SLV10029-L2_1 KocevarFerdo_SLV20001-L2_1 KoderAnton_SLV00098-L2_1 KoderAnton_SLV00099-L2_1 KoderAnton_SLV00103-L2_1 KoderAnton_SLV10012-L2_1 KovacicIvo_SLV10013-L2_1 KraigherAlojz_SLV00355-L2_1 KvederZofka_SLV10014-L2_1 KvederZofka_SLV10015-L2_1 LahIvan_SLV10031-L2_1 LevstikVladimir_SLV00345-L2_1 LevstikVladimir_SLV00478-L2_1 LevstikVladimir_SLV00483-L2_1 MahnicAnton_SLV10016-L2_1 MalovrhMiroslav_SLV00455-L2_1 MalovrhMiroslav_SLV00456-L2_1 MalovrhMiroslav_SLV00458-L2_1 MalovrhMiroslav_SLV00459-L2_1 MalovrhMiroslav_SLV00460-L2_1 MalovrhMiroslav_SLV00461-L2_1 MalovrhMiroslav_SLV10017-L2_1 MaseljPodlimbarskiFran_SLV00132-L2_1 MaseljPodlimbarskiFran_SLV00310-L2_1 MaseljPodlimbarskiFran_SLV10018-L2_1 MencingerJanez_SLV00174-L2_1 MeskoKsaver_SLV00072-L2_1 MilcinskiFran_SLV10019-L2_1 MurnikRado_SLV00473-L2_1 MurnikRado_SLV00476-L2_1 MurnikRado_SLV00526-L2_1 NadlisekMarica_SLV10020-L2_1 PajkPavlina_SLV00231-L2_1 PajkPavlina_SLV00234-L2_1 PajkPavlina_SLV00240-L2_1 PajkPavlina_SLV10021-L2_1 PesjakLuiza_SLV00227-L2_1 PodmilsakJosip_SLV00122-L2_1 PregeljIvan_SLV00417-L2_1 PrelesnikMatija_SLV00452-L2_1 PrelesnikMatija_SLV00454-L2_1 PrepeluhAlbin_SLV10022-L2_1 SketJakob_SLV00172-L2_1 SketJakob_SLV20002-L2_1 SorliIvo_SLV00325-L2_1 StritarJosip_SLV10023-L2_1 StritarJosip_SLV10024-L2_1 StritarJosip_SLV10025-L2_1 StrukeljIvan_SLV00090-L2_1 StrukeljIvan_SLV00092-L2_1 TavcarIvan_SLV00136-L2_1 TavcarIvan_SLV00324-L2_1 TavcarIvan_SLV00406-L2_1 TavcarIvan_SLV10026-L2_1 TrostIvo_SLV00421-L2_1 VodebEmil_SLV10027-L2_1 VosnjakJosip_SLV10028-L2_1 ZbasnikFran_SLV00391-L2_1 ZbasnikFran_SLV10032-L2_1
BartelAnton_SLV00094-L2_1 0.0 45.81812799214651 53.94487932694118 52.88158492194355 52.34686609347342 53.41942747915017 50.81654912247791 43.84378157170092 39.0432456135798 47.638849033147224 44.60787617636694 50.09416373446288 46.8528602248776 49.91984705372822 44.829820480069394 50.81413118307396 49.59812550992302 50.35016215381218 49.784842352852635 50.05657309532685 51.075679977440245 52.531613167623306 50.67174302438301 49.63174452937738 47.519426682592304 43.84009057438464 47.83901355559302 51.80089034452492 43.69872439738477 47.112674172861716 43.03153810901592 44.18045573827931 44.07751233720451 43.82273664973653 45.17426278420184 43.03356212239051 40.52979481188141 45.820806517523266 46.58523796517581 47.435687084421076 45.56777898674863 49.020787750773934 37.93401742371019 42.02075908253738 47.983615696156875 43.14603004637673 42.0249946406785 49.30074853163754 50.87241567329027 51.97038260054797 50.94360268518051 44.93278519075196 53.22904645065402 50.788772957897464 50.09499880549717 40.87716798362737 44.734732386590025 43.175436849652606 43.316418469630705 45.33728010897851 46.85191804997198 46.416052988191446 41.88209747310805 48.15341130792596 46.3430170081055 46.700373018858286 44.19236310932308 47.44127937486157 50.963366089682516 45.58883970247436 49.71198908215144 49.589395242763224 48.556946024993934 44.08855827483023 45.834535695202895 45.97517423648448 45.215942612623834 47.444507155132364 40.58414689893362 51.18779347720542 45.24891661776041 44.695757330640795 48.3303253273891 39.59912945420824 42.05179741981109 49.264241459174336 45.979081980102976 45.45108460343705 47.40045155069957 46.52328528016849 45.181003737078335 47.72940443717773 46.57194789650116 46.47174808654211 47.383380202681856 46.32341889911919 50.880823704961074 45.775895429833085 49.49873950642008 50.46182033765274
BedenekJakob_SLV00024-L2_1 45.81812799214651 0.0 53.904508388627264 53.33840284713038 53.78592891620214 55.54946501234476 49.22365195558946 46.94520457194604 43.256980845489984 45.59053990849886 46.83426812566405 44.958087801200335 43.92163504887313 44.76260603225622 45.419112659132495 48.687720059689624 53.02887809592308 47.46239375796067 48.735470046899415 49.5436913079351 52.80287007590639 47.550201432362705 50.344441918465044 49.47597158690097 48.032341222455834 48.873545477491426 43.935581274397656 45.70936260651666 43.618343549420175 52.02251581599231 43.576284051744786 43.120046333513045 44.0152193275123 42.928179750169335 44.628381521329295 44.13666083890877 44.25536471049755 44.84165276727637 47.93940200727083 46.537614103463454 48.33068479471228 47.004038935269406 44.99257363591099 45.315126801864636 43.70303314500968 45.490944023495096 45.876754209351645 43.447433155534064 49.85860701627203 50.61140720307839 49.6627320797662 48.03892556671121 51.97664989384013 47.00830726036505 48.55352656815177 42.12836823713867 48.13331366576783 48.21877600655355 44.29184526840356 47.08740009418582 49.20230209778439 47.90071942902648 45.51207222579907 44.00138726829461 46.74858434152952 46.63890079510169 42.30883409934841 52.258362719966115 46.085691791575606 45.23270524079742 49.20786756384593 48.255351758863775 45.33539321046939 47.182601250733974 47.43402038508317 44.79232415115312 47.583941119732415 47.28370306919491 43.5134575289312 49.14101298720003 45.0905415981723 47.162662275718546 55.08354180789372 46.958572411813854 46.90400746867251 45.431111063056846 46.05205093019471 42.0259055159787 46.70098931472559 39.380284652316455 40.37132295129686 41.94721529070596 45.14615005997119 45.34187660593105 44.69229920442813 43.17214737482171 50.76181131822413 49.094814212779404 47.37860159695908 45.84539836923598
CankarIvan_SLV00398-L2_1 53.94487932694118 53.904508388627264 0.0 27.0960093146283 33.08402456281565 27.528201510687328 41.33713556754815 52.11644410431266 50.61080228274632 49.59857256710316 51.27553757522766 47.54154472835427 45.745600711627965 44.65529077556657 52.21234432705962 47.34932989495587 42.30069669113577 48.582743765819295 46.72173579754908 42.5958723802933 40.71512940540944 37.578932201977686 42.9822541691845 46.2323284492485 43.70765427552488 51.57428607819941 47.13196702850201 44.03594582479081 54.09224355246035 46.47703858721512 49.66793744852292 53.13497900619195 49.82042536267948 48.360629764544285 49.25590828924735 51.243699975102345 54.01927783470793 48.56990653640997 46.958315302939916 48.22735573706925 49.855033461274104 44.44595876720008 51.608750431109705 54.4533650249945 49.534778482402935 55.43482055596054 55.834037550469276 45.15843206713689 41.16751930073806 41.82697735484895 42.14157419228551 46.976039224423964 37.803988400940305 42.70718186135808 46.007973034598784 54.60413553352724 51.31898369820972 48.42166132954455 51.88286860397985 52.44822960981909 47.533950801861025 50.02017778566108 50.1762020484343 46.58770651769139 46.91879494985195 47.00086370122736 53.935600467295494 44.766026982462265 41.138997906457156 45.995391688577385 42.97729902791424 43.538174184371414 47.68722188678494 51.324638755039786 49.35924306565884 54.04885204664032 48.346545370576 47.64483521758282 53.47177501864952 38.94422106439007 50.13040997295299 49.44654197981908 38.71140915571363 55.320487845067525 51.72746297314089 39.890725430768406 49.88676917990255 49.9187009747638 48.28467586813456 45.18675443996908 49.10566928459133 48.88731084790631 46.129514545315615 47.28339505855536 48.82964881023382 51.446863413483875 42.69179139157551 45.092813835873315 45.709555797096456 46.20016816439562
CankarIvan_SLV00401-L2_1 52.88158492194355 53.33840284713038 27.0960093146283 0.0 25.181559342215433 19.08803541556777 44.247259594934775 51.97782514073646 51.69422736964962 49.1951939515474 50.32543570625991 50.52603113865922 48.11906323050771 48.24987798462315 56.40878885733369 47.399495943404766 36.121319070830666 48.43670111702141 44.63451227944048 39.692404303132996 34.26482066315009 40.96774403319227 39.35266691405578 46.74103603034801 43.754014290708284 49.825090654960874 49.47364812894941 51.420580287260236 52.178560704237604 44.06027112133652 48.23474372059032 51.99156185635263 50.971534583920246 51.63548556596063 52.07639269842101 51.63096093168192 52.83592058169693 49.09276041760715 47.84429545734528 49.717117847187765 48.17567703480063 46.656394137083126 53.09304405743711 51.58338978151019 48.115580965913146 55.03308044683836 54.53859726213141 49.158783836481554 46.0027743650223 38.98172589523049 40.56558727189352 44.6768167504001 38.85638134556923 43.16213906397558 46.210457982038726 54.27818286003357 47.576466500434705 49.45158209316786 50.29987435766315 50.835566516670475 49.032870584111635 53.201906375595975 54.12000399963763 47.66273308580353 43.6636231206705 47.37590055529649 53.77561752510927 44.71638887882155 40.824300170270746 48.39346780363031 42.90527282874732 41.46787682388767 49.4436074386745 54.08604672410963 50.757026576657395 53.863359463573524 48.67138084670178 47.62589977382467 50.71402586660557 42.09155612600237 53.40965286303525 51.99446316508721 36.83798460427475 55.35879262137478 50.25065253031436 42.28248861083687 50.04956328593825 50.815696851838005 49.059164634722606 49.16209987649091 51.66248856231573 51.22343772998168 43.95285453855951 49.031457693297575 43.705176523261926 51.401131112166155 41.42372965728826 46.43651365506576 44.60297693174344 46.3715900282812
CankarIvan_SLV00410-L2_1 52.34686609347342 53.78592891620214 33.08402456281565 25.181559342215433 0.0 27.452181808585312 43.35997242394805 53.525778851287726 53.61360393004044 49.02249612078298 52.358242145411445 50.9529373760481 52.106812665765965 52.356581649019645 50.91588095569485 50.13680400005237 43.23261050040696 50.1227777021344 44.48116796762706 43.453823628923914 38.83927672395383 46.990958576755354 46.016150984176775 47.16250560204833 46.476527845403815 49.95773090908807 52.129060771243644 51.99169649936822 48.40370770926985 39.35965903666854 51.41275078804809 50.86931520018205 50.58076483317746 51.385290683756075 51.447933119611285 48.722299246985486 50.51180386446895 50.2865283907688 46.83551559866038 49.3640668990262 47.22180825962721 48.699766347847806 53.64727739642336 49.85874420239737 48.23239531576844 48.479325036271504 48.82411888192129 53.2280836315081 42.719404735066966 35.33795759837604 39.20078549564801 43.83562657887463 37.99149519580141 47.31442907396728 45.4549711289244 54.23536083657614 48.05236857279356 49.24388028658109 49.133387414341136 49.5610828409921 45.429735607538476 48.334499100257915 55.23448743076794 46.75534103314523 47.44959992292446 47.85299357371973 48.3654344466462 41.21875351027126 47.64061349524243 48.390909093519014 45.75673651225558 46.54724333889669 46.585283240066175 50.68975436249335 43.87128902468362 46.50179865620888 44.57935529973674 47.31900932866351 48.91728306313058 48.839161951478474 50.95577422288156 50.41402004281884 38.49869905549566 48.91840171555862 48.09172790975895 43.31322002889108 43.89268600703625 47.84947982352739 44.370034290285304 50.73163150716835 49.16130611254985 51.24598575048295 46.676382674949274 49.81217025709553 46.88467882435864 47.625505413298505 45.566165351144164 47.24487613537462 42.920992229034994 43.47656513569014
CankarIvan_SLV10001-L2_1 53.41942747915017 55.54946501234476 27.528201510687328 19.08803541556777 27.452181808585312 0.0 46.219201881185235 49.48346231526838 53.15603870550609 48.681657569492494 50.10379673887145 51.21614427545105 50.675905469373774 51.23306448318094 54.01939133322014 45.426976732282064 35.293734961358446 45.49445405290646 43.384748164836374 40.309156399740296 34.00297672515095 42.49701595262731 37.99283779642466 44.60337230365359 44.47858231908918 48.16018880404943 49.68430840634386 51.78029487669647 52.05994501888806 42.892483547244765 48.91252329494183 51.42195717558405 52.65632337671248 53.20969553127385 53.40712702618768 52.47895938755138 51.99279551684923 48.879351287898004 48.220237636745644 48.96054122246921 48.69011076685615 45.614563961312676 53.13327016968599 52.069746551169736 49.107673186774335 55.04224242894505 53.478689117511784 50.32196769837029 44.780850233181326 39.34540625334359 42.04361231130649 46.60380590898766 37.08922885681676 42.226626169987085 45.731518652608116 54.55188290803655 48.53248134451662 49.87842819492246 51.429654454534436 50.88971581315717 49.319115308718615 52.96743196113836 52.46472590123966 47.52845394253272 45.47112519072329 48.037529327935005 53.083680714567556 41.9040857473267 42.63504965793306 46.34932541956341 40.96950832597305 39.746515915359026 51.08757676023592 52.59800364805237 51.0067641455186 53.26609694386841 47.44014462941455 45.571762948514724 51.06357577897735 41.765336136655606 52.25244582062754 50.471179043394784 35.755629235165614 53.91502594247645 47.336012562411135 46.68186314489808 49.47745452312213 52.04693055013242 47.872257907815175 52.79773280033915 54.70220944638852 50.14234346818279 45.695184050669184 48.93756757621035 45.089363461493654 51.70518110779668 41.590430622685574 48.36681310192286 46.948498004133654 48.195764719846395
CankarIzidor_SLV30001-L2_1 50.81654912247791 49.22365195558946 41.33713556754815 44.247259594934775 43.35997242394805 46.219201881185235 0.0 51.25995652181045 46.31830330391833 49.83956244293151 53.39399949686518 45.24909301187515 47.53472381862091 45.98680434918377 46.952993824685365 47.01258309404035 48.97867462543282 47.70440024287077 46.71679237998247 43.336653781961246 45.95287563157684 42.32763865483508 48.222384002452216 49.615592542242965 47.64684771534557 52.395058999100804 49.705975008612455 46.01866193699442 52.30520556449323 44.51000146733093 49.313293682328954 49.8827311198287 44.0635349308216 42.79358882054834 43.97056353500979 45.36634488929108 51.26769900643552 46.272277370928755 48.70779436007238 48.69644074862957 49.3587514552207 46.67333817594006 51.361956199956055 50.808892366973026 48.289614621199654 47.725157346441954 50.9488485389565 46.229115751086766 42.24201831795541 39.91409036490453 42.99945015505046 44.28864410351115 41.7364522565478 43.63415452252295 46.83100756628476 48.742435894687894 49.63050304944535 46.52234634514198 47.42987249230914 50.19858441116469 45.166128277780196 45.44910179931756 45.795147343676945 46.427467927471454 50.00325305416485 46.84924104678386 48.213672988462555 49.36693101232967 46.601878909471914 47.691767735986765 44.81451373717067 49.0721154581792 43.16080067695577 46.25286707531115 47.40151022461383 47.428269584384445 45.81669892846233 45.20754761265714 48.951992278896995 44.38127366392754 48.75552212290303 47.47341549475451 42.744736737481354 48.80834184671169 52.91117372909399 43.20096290809045 44.29684286741656 46.08830635615703 45.22610338604157 45.43436131287998 45.21115812319535 47.29435466488534 45.58851970510556 46.19834997482369 49.0224393931735 47.099715276279916 49.996677210371665 44.635979924258194 47.544635467220004 47.3164190099832
CarliLukovicAlojz_SLV10002-L2_1 43.84378157170092 46.94520457194604 52.11644410431266 51.97782514073646 53.525778851287726 49.48346231526838 51.25995652181045 0.0 48.83231035986327 46.23286530270834 40.67722097040215 49.520669529745845 49.30744904040292 51.22817119216427 40.20655368241328 35.87728624023087 42.36587948364456 32.14228194855053 45.08302320657304 45.66327975770259 45.83317742245461 49.851311225628784 38.229960835605425 45.624376744215766 43.39870827488661 34.05684914362519 47.038355897635185 51.2412322147601 44.66705089246481 51.8566800475794 50.580198722148225 42.28947197554374 52.82676580025082 54.91243074486677 51.511144809528986 52.9077695582578 45.840835477221226 49.25083287705803 50.2292224991909 50.02649418956009 49.61806338227349 50.96676605560687 40.479625039317185 45.21349331656481 46.21308569186279 46.19053830493018 40.96256439194052 45.37919709331907 46.29361096809411 53.43601656556621 51.0306365386273 48.65865078882899 48.86142410735914 36.912759042555656 45.04981643215459 40.55626930426654 44.10299886150942 49.24662070152158 48.96049040761515 44.51873372884069 54.592439195267204 53.02630964762262 39.41337420338583 50.35881665296019 46.41062860879927 45.13459288656798 42.77756366261877 43.3802341109974 49.10882389528289 43.58916332615262 45.43939855152023 40.72091472888795 54.28229742046598 46.58020185987766 52.71881930364236 48.28935876786542 49.27640564141789 41.931824332081 46.23029917994 47.451547098123015 44.120606484537426 42.23652999640999 49.75662011198992 48.06873742460654 41.34110936738247 53.317979628491734 44.56542360917392 50.69410788871409 46.75587342472948 55.57034137154401 56.82254202554675 41.43363476505404 50.9969484247819 48.846402890425324 50.4814241669296 50.73175482413545 45.58401983807867 48.733917014618605 56.420814746454795 54.915711273091254
CiglerJanez_SLV10003-L2_1 39.0432456135798 43.256980845489984 50.61080228274632 51.69422736964962 53.61360393004044 53.15603870550609 46.31830330391833 48.83231035986327 0.0 48.535999818899526 47.89568515180711 46.477820675692286 39.03349005575761 41.9819124066521 50.971014726645535 49.48907623277881 52.74828342785507 51.33295477927656 51.78071390287164 50.349411219727806 52.07285980072359 47.25333960216176 53.70291616053066 52.06199120295943 51.48259840939254 53.155630051570526 42.41620240236033 39.761488143162644 46.6568287092266 50.62083834670939 43.70670165714093 44.53869529035899 36.01979391157734 33.50920125327865 39.08982222008092 39.84818927277009 41.76817022079396 37.75722153812476 52.400842135070626 52.40914522675809 49.65106092130215 50.11896537179692 40.51561634179189 50.21837070767242 47.098310822344324 46.94740626260897 53.820521917535764 46.3582284114956 50.65092173410508 47.846620189075765 43.1573154238965 50.55911566598398 53.93425837341888 46.83475291597133 53.29618776876397 43.48399538358525 46.343062721246035 45.53114430309511 44.3504619770606 46.2919391068491 45.64790413076406 43.52204806985003 45.62536528067305 47.00076232373933 48.75887169567218 49.1517364283226 48.83101719347805 53.86107609756981 45.072480397573855 48.32574408892975 50.252812086492554 54.30812570614555 47.29450390156602 45.97630334770699 49.19364715269105 47.5270400394689 46.376801649949556 47.43409812422197 43.46422663643874 48.089753774203785 46.219930102687236 47.36534812626215 51.52399625326941 44.721589769650485 48.930761278583226 45.01627863422729 41.048192126748084 37.306618164649194 41.134379257106986 38.98254645304639 41.24289110439653 52.325964676249676 45.55603204302541 47.683294542678624 43.648845605189386 47.430993341646285 55.277794793488574 47.864411021121995 45.37880788033511 46.02372770607192
DetelaFran_SLV00111-L2_1 47.638849033147224 45.59053990849886 49.59857256710316 49.1951939515474 49.02249612078298 48.681657569492494 49.83956244293151 46.23286530270834 48.535999818899526 0.0 32.22939508287229 33.18484206247268 41.892345075812415 37.878740642469786 49.406743093038685 44.45261933056628 46.06592562613843 44.89625079761464 47.50180172879766 50.30119334524949 50.07991625283562 49.03988266845254 46.1586669062662 49.49696667269198 47.370328845886505 45.87793759000719 41.444362111365415 44.625525843650514 41.54157573241502 46.997445114727725 46.163790170335744 47.18180490542939 49.89179827850941 48.673175135565224 50.84874853985546 51.050366289543085 46.282104998385655 49.43723123081234 46.20237517701477 41.40841717601423 44.37612353120476 43.20517327395073 48.58230786081065 43.94550344060962 47.332007369402916 46.65440763362865 45.911160483711754 47.05577960858455 49.43271588688798 49.711777457954774 49.1675028043728 44.58464422357479 49.54846425551989 49.548509405212585 46.61003204965969 46.94057325006259 45.10693434301289 44.88698772080286 47.05064485154473 45.914427311533906 48.26542024854536 46.26547118645035 48.899509119421516 47.06913385977 47.57636371491327 48.45382517200642 48.694023338982696 51.78693340558061 45.75753470261843 50.049918214488414 49.92905896830768 48.62857858921855 47.598272656405896 48.56915745607721 47.008751188248944 48.21900090131173 48.14882454603075 44.56995036757197 47.075836297950254 46.12359484879004 46.815293868742074 48.33915652416501 50.95011743093135 46.77891452146792 48.64808100824461 49.62490676126957 48.12865774227474 48.31832635498281 46.892500874834305 43.86147079517858 44.72931573988871 47.030863273920914 50.47238116192287 48.875703440231256 48.571152139785134 48.04314847500487 45.32109266626949 47.369714382847704 44.99532463458481 45.797263619776096
DetelaFran_SLV00112-L2_1 44.60787617636694 46.83426812566405 51.27553757522766 50.32543570625991 52.358242145411445 50.10379673887145 53.39399949686518 40.67722097040215 47.89568515180711 32.22939508287229 0.0 38.85805393174964 44.9819581935487 41.48623190810006 46.563864557252586 45.333975825607254 44.907315072592574 43.855547348017055 48.77516146533219 48.367009343097386 49.46956165848487 50.09919588263525 43.553889515048866 46.465774807170305 43.31882449611617 38.613097620572916 45.64588861530552 50.90965729577219 40.61188269821516 49.014332788348256 46.11407637800008 43.18887096727104 50.42742555071522 49.82989616623509 51.879322683983574 51.22693092581007 42.231633077824014 51.29452182366867 46.307561923926116 42.44014693753198 46.85041637597166 45.31867141283476 44.26220185995352 42.822508738129116 49.590223495737426 45.35093185328992 42.36596271743482 48.47636452713591 50.83081083676258 53.957727733294405 52.832366099624835 44.036373013759494 49.24757729848236 50.5626815311131 46.06666271917193 43.11695359332029 41.15957157427199 43.745096394341864 43.26259223003434 40.90950924322315 48.07110064777929 45.808956859110964 45.76817052573028 45.958703326485235 46.477119213425034 44.98780343681045 45.43888612852184 49.3646805362029 45.45491864741873 48.175477222164844 46.918761599316845 42.794273523437234 50.12741858562661 48.4112662403248 50.930956786679275 50.1297338781295 51.513795825923935 45.19151696328508 47.09276292356515 43.96617308128784 45.11552990218506 45.61397420782712 49.435930506419346 48.03347813154455 47.010484228902214 53.52690648396396 52.2978279031934 52.6018541541559 51.85930391155269 50.84202337081587 50.61510043054977 42.91676219495228 48.448253205880434 43.96774828624873 45.342238119904835 50.53223590637243 43.71734790201371 45.774696740677655 52.36705894417371 52.151261103056584
DetelaFran_SLV00278-L2_1 50.09416373446288 44.958087801200335 47.54154472835427 50.52603113865922 50.9529373760481 51.21614427545105 45.24909301187515 49.520669529745845 46.477820675692286 33.18484206247268 38.85805393174964 0.0 40.135725948492244 31.618000905656295 48.311407018778915 44.417007760700045 47.4284908626655 46.50963016140066 46.152585417826074 47.72107737474951 50.545173776802066 44.46389891656558 48.955542179842865 46.938460533084054 46.91514006137615 50.465842611486885 42.57128099469488 42.18129937694249 46.04109569307262 49.33458598085601 48.158958342172035 49.55737154118428 46.15865513439479 46.60419481968752 46.724095532036216 48.243119719101266 50.40731651173018 49.478504007783926 46.08231754070603 42.322732479109895 45.663136916126625 41.57431865900546 49.96951054633612 48.102264429541925 47.52293808312112 47.00528026648998 49.30674136696871 42.63891474004827 45.09787163303427 48.60529655283885 46.322860330186955 47.76719834621086 49.33196500857485 47.6805081466408 47.1934061419939 47.63473994643028 49.593832731520145 48.63730204975656 49.53852464010183 48.819731737884496 46.85908806243358 45.59825298048393 47.931074637367196 46.08225790189654 49.19102838213687 46.74297172417364 47.12138611210593 51.919639706290006 43.558093975287065 46.85461168959648 47.26864086947197 49.40955117444895 45.93880371844025 46.786351158712 47.27281068640712 47.85178082263542 49.44779171160717 45.31879402331281 49.97873170384846 45.74649645266001 48.63023925787682 48.73867784760409 51.145812203048095 48.082284293660194 53.083894551752415 46.02786201727532 46.82181072772633 45.169222227472616 44.297081020752955 42.351671934037974 42.594260075486645 47.439976435652966 49.605522132702575 47.85047615832029 50.43973220389989 47.812542902321645 47.92897881026109 45.261149322460554 47.79005777144593 45.6377180579812
DetelaFran_SLV00363-L2_1 46.8528602248776 43.92163504887313 45.745600711627965 48.11906323050771 52.106812665765965 50.675905469373774 47.53472381862091 49.30744904040292 39.03349005575761 41.892345075812415 44.9819581935487 40.135725948492244 0.0 35.22905882946459 51.26219361972336 48.373679625169466 51.1943393146031 50.10565620393573 52.272499223358146 50.80808711689156 51.64923155036688 45.39084800721776 52.17691804869223 51.21708372129552 50.585193886113835 55.29563413098361 38.59804564701646 36.16011157242914 51.69901382952427 51.96590154522434 40.23336580904217 49.14214996944709 39.49024795614528 38.70194508105241 41.558522860301295 43.83102716136502 48.85391224567107 39.4819560537314 45.84054445507445 45.66867261997452 43.62554857403205 42.82263620713336 45.58836008080175 51.497318232939726 42.359975412605586 50.40416524256785 56.51141827165863 38.737017870178875 46.954868406135155 47.8199835447126 47.04041832729919 52.9255136651507 52.6069545416982 43.90730644977931 51.94985068934711 46.37502604314415 49.53963922185444 47.165127271866616 50.004182108247925 51.738331667023175 48.87667739421411 48.85606988625966 39.914925081983434 46.87333626078409 48.60097973867726 50.58735927547019 54.1354287316379 54.765051511780605 43.88575708091696 45.357060387389105 48.422244802978085 51.02942718315327 46.46740930666448 47.47659551414167 51.60224978096421 53.09682307855411 50.38842077283646 47.24921919209854 45.42347719695415 43.950276492211174 48.46196321776 50.1943670816827 53.62171544234427 49.03397513937657 51.41676594678334 39.07073741072567 46.7648224203696 40.733645582113446 46.05239038199562 34.20752404184912 37.93476027873162 50.78238525835224 43.179528925725606 48.00712415735475 45.97246347460662 46.20494300752672 50.16714272183196 48.47520102174634 43.166907108427665 43.18788193081892
DetelaFran_SLV00364-L2_1 49.91984705372822 44.76260603225622 44.65529077556657 48.24987798462315 52.356581649019645 51.23306448318094 45.98680434918377 51.22817119216427 41.9819124066521 37.878740642469786 41.48623190810006 31.618000905656295 35.22905882946459 0.0 52.8056948567413 44.99726296839783 47.32291368915183 47.478345135894955 49.62946368076993 48.83058971457481 50.72124690756932 42.157885734437784 48.4163575593436 49.09361369375509 46.83507958172009 51.557926746912514 40.99778341284114 38.02576808988525 49.423040112957345 50.05135759832544 45.64716761566626 50.35825473770251 46.800694062871415 45.33445198137619 45.93057282734173 48.300603564246416 51.353839210383214 45.521768530888004 49.537681814885644 46.11078795121992 47.75567841063986 44.66184768883266 48.92189030922651 49.78478872566123 46.5369223488692 50.54197039738475 54.201495907316385 40.95691984353259 46.32023930574612 49.25275766166031 45.42661961988299 49.25731044716255 50.448915690861675 46.03587445177504 47.7433317872017 48.72874732094957 48.17533141292965 46.48751474258551 48.02639812752994 49.17957015210706 47.27233587551698 45.99492011853111 47.08214153645386 44.67733565093718 46.469613693485925 46.28845600695183 50.52962908360312 53.464974125151016 38.96934250915171 47.147778356975024 47.71379437461323 48.53319995137052 46.070348150218685 48.35735646260259 49.70770751533593 51.70277145742335 51.10482103662988 48.27099703802613 49.577304103472954 41.19350157230435 47.00125918837754 48.92525942281911 50.66512623314701 51.58377041140137 52.63554402521727 42.756434485005165 48.97717241839045 44.165054068173475 47.374901348468526 36.83521271808643 40.826032121925984 46.44492677774315 45.89070253176456 47.18612535873148 46.74835003234571 46.83229134658505 46.80033834295736 45.329839557128565 44.76201042777059 46.21097253537448
FajdigaIvan_SLV10004-L2_1 44.829820480069394 45.419112659132495 52.21234432705962 56.40878885733369 50.91588095569485 54.01939133322014 46.952993824685365 40.20655368241328 50.971014726645535 49.406743093038685 46.563864557252586 48.311407018778915 51.26219361972336 52.8056948567413 0.0 44.38209264236453 48.458153876260866 44.19544143440736 44.32778236786177 47.4756858098534 48.36986103878242 50.120545126048754 48.662939139164045 44.20990232930647 44.85511796759752 41.44827204875416 48.180307818684334 49.5293215984558 47.85597308351835 48.54450969847607 47.941725268080276 45.35542937869645 47.98185255143747 50.454016616010406 47.6038466247683 47.21076155973446 45.29615954114833 48.6242067827945 44.37466768130336 44.22057951768095 44.70115593312946 45.871757038029976 43.661890160331936 44.40035763582106 45.73091957789453 42.54691461041884 39.68461003521026 44.482748240329144 45.355230754257335 50.02787429079764 52.03405387178667 46.09964680618646 46.4555488269779 44.3666192875242 44.14452037919137 41.76264158430038 48.04205627365619 49.399649126519634 48.18987655817162 47.386071822692315 49.49895762427485 49.976972201598095 41.884195088672946 47.12207600382404 45.65776743681654 45.453761616605 39.621017373615246 43.720732229179454 53.884789896557095 44.919705496069746 48.79900033046751 47.70809199368382 49.48692314683254 42.45089453421846 46.945167730208894 41.67132880392919 42.84106567307769 43.164531703819456 46.41746223617891 50.6374714626686 46.51528957617562 43.83317906031472 49.0154330443567 43.38505433975243 45.066922374899164 50.62442886487589 43.942954126063434 51.13642485818396 47.90269610339096 53.314971526666746 52.531984948324485 39.5018981067937 50.15170353695781 46.802308512770466 51.05277435666485 46.84270977240637 47.75162579060019 49.094065506858826 51.14271062043341 50.43828556374076
FaturLea_SLV00352-L2_1 50.81413118307396 48.687720059689624 47.34932989495587 47.399495943404766 50.13680400005237 45.426976732282064 47.01258309404035 35.87728624023087 49.48907623277881 44.45261933056628 45.333975825607254 44.417007760700045 48.373679625169466 44.99726296839783 44.38209264236453 0.0 32.910405572887235 24.18443488392329 44.527229274374086 45.02634558655123 43.20930436826304 44.73930976275176 37.15049525119872 46.41607008242362 43.34752314374571 40.987499328270474 45.20365543529727 44.55319474210903 47.784103025058876 51.80334120914651 51.44891585863275 46.72392153344899 52.16107601034917 53.129688071889866 52.69980156213443 54.02952073839138 49.3652707777844 49.61920439530958 52.936995401234405 50.83763512442463 49.83533887497569 49.91115254195853 47.23856104913343 48.78943852505098 46.68161197042589 47.072888803841494 45.599263592857376 45.274208032318995 44.94879578570826 48.47067166992961 46.82639736421072 48.86951479298632 44.966950135750075 35.49983101361573 45.12017204411153 46.74826916521528 48.56297312644682 50.90682593551872 49.6116548504425 48.33218026780836 53.982730298265764 52.369377453205985 46.782291408841864 47.10470082805547 44.563868721389326 44.151827463287674 45.390531492410005 47.39785552554452 45.29584475372625 46.82923265237509 43.19785983577041 40.42238076690877 54.020248949222676 51.527042584742105 53.26176984868808 49.55978824675948 49.92394263015928 44.66055579733145 54.581689757822 43.24425822271349 46.36223707197952 43.38436766665816 49.92152341043088 51.616218163411155 44.890137703560534 51.580729629799 44.70876272677616 49.506606811631265 44.044620978435866 52.497930316524005 54.21233993001219 44.86473919869343 49.31194744405168 49.68421080118041 50.04929613594551 49.56063673978225 43.54810979801863 48.62365071528145 52.70294642679008 52.29757863366062
FaturLea_SLV00502-L2_1 49.59812550992302 53.02887809592308 42.30069669113577 36.121319070830666 43.23261050040696 35.293734961358446 48.97867462543282 42.36587948364456 52.74828342785507 46.06592562613843 44.907315072592574 47.4284908626655 51.1943393146031 47.32291368915183 48.458153876260866 32.910405572887235 0.0 32.23520018858934 42.370551836302134 41.17797607437829 36.147106831301755 43.779856652187846 36.385554013023594 43.95975996518143 43.36144589992282 41.54879693134919 48.14624069147653 49.43807722570933 47.83240990508884 46.19006508774858 52.043454891774914 49.714096276859124 54.26071700000022 55.88535793247476 54.810691168441124 55.40579815103304 51.19389691207038 50.47649212505279 48.646024808995215 48.74954105178236 48.26066248465388 47.008919378046876 51.78184612313542 48.82971658209924 49.18504828528438 50.51116128769336 47.716278954782354 46.40510777012693 48.64632839024165 45.85678431981203 45.0417486785444 47.64030779920103 42.72336516765486 42.654937448558464 45.09805707988116 48.933244577464286 47.95750407840501 50.75251012471159 50.54058369141139 48.93978207778659 51.84715931469392 53.54538587369104 50.53251658513276 47.63616313700855 41.87678543395543 44.6951950126938 48.72573988749771 43.51083266386665 42.48636968136941 46.455354349511566 40.057199749046546 38.34642054034274 51.79340712319642 53.029926943509395 53.25589322988461 52.44008571137467 48.62706562754807 44.27911192694089 51.52415253443915 42.13314467064525 48.561148998327525 47.11801596369979 41.09384426273135 52.815409005339575 44.01479991833781 52.317739444506486 47.90308582859666 53.37569906680938 48.52382192590686 54.17684608628406 55.907594049362295 46.99867129407864 47.68251608999718 48.99173236621847 47.66037301997315 48.263044634522 39.709682943912064 47.71710735079211 50.75094705075271 53.086869700268934
FaturLea_SLV00506-L2_1 50.35016215381218 47.46239375796067 48.582743765819295 48.43670111702141 50.1227777021344 45.49445405290646 47.70440024287077 32.14228194855053 51.33295477927656 44.89625079761464 43.855547348017055 46.50963016140066 50.10565620393573 47.478345135894955 44.19544143440736 24.18443488392329 32.23520018858934 0.0 43.76420445593564 45.27420231437387 43.766476345949165 46.25600509791627 34.51224693684819 45.36441469436332 43.49726402645784 39.29398036090368 46.68616021973862 47.58746672072313 45.865753476711475 51.59629077321713 51.01451847932397 44.61325972408257 53.364072088288786 54.65843929163561 54.59878161403958 54.44178673329862 47.678994887986995 49.572983834608515 52.68093508621837 51.22874413178182 51.08213035689867 50.5605361279443 46.958596257058616 47.55904722400763 48.65033580230712 48.26894815102563 44.78479922583959 46.06180351054615 46.78994856486564 49.980467628154074 47.82084097527236 48.88322732496439 46.2168241347094 36.30808798811172 42.32286124269116 44.24180279172517 47.821512088857666 48.584616657721114 49.61171509133247 43.6924279368143 53.659882428366956 52.54224772377177 45.284696683413706 47.62359109428524 45.97619248418977 42.45017746199329 44.2553254894486 45.65558290854705 46.713950557495544 46.12444369449926 43.91733923061158 39.40941324531136 54.75702115701211 51.14074713978977 54.007554043947735 49.169605494073735 50.71532574401441 44.20389297545529 51.726217127647786 42.415464150366084 43.66657665304618 42.57279454189246 49.578379476978405 51.324903941313565 42.395567607392465 54.20494301310206 46.39188672180545 51.196843172210905 46.45306624345333 54.19350447298807 55.03184623718974 43.23805478126315 49.8427449456983 49.11125367269034 49.6919361019269 48.78844080547184 43.70662744896086 48.143790330264736 55.415756094517256 55.03219906221397
FinzgarFranSaleski_SLV00273-L2_1 49.784842352852635 48.735470046899415 46.72173579754908 44.63451227944048 44.48116796762706 43.384748164836374 46.71679237998247 45.08302320657304 51.78071390287164 47.50180172879766 48.77516146533219 46.152585417826074 52.272499223358146 49.62946368076993 44.32778236786177 44.527229274374086 42.370551836302134 43.76420445593564 0.0 35.582669542975474 33.811599290058844 40.10420393491559 38.30239785006203 41.548996238423136 44.41070998905149 46.901692962338636 48.40000458343371 48.517030772190196 46.356076391419 45.270159345872706 49.23873683998168 50.2282093089522 50.03487197701269 52.66421509010021 50.18362001106623 49.346050698586176 49.45872010655302 50.797768140794666 46.62078858296432 46.02460503171902 45.89384943480256 45.1354436138244 49.98900344890315 49.578387526414005 46.331140919383714 49.20373780298986 48.62705110383625 47.31647116973648 44.680144013520135 46.611286329588935 47.052049172293216 49.74174320953087 46.05415339129698 46.808068796584635 48.561754165530395 48.284816501438065 47.91744433419661 49.6908468799297 49.142514107255046 48.742729007068036 48.48971580813092 49.105871599485944 49.459049443940344 47.440026113576096 47.154178930052375 45.7250053930694 44.21427088573991 39.42228807516039 44.965702896600405 44.29257212695717 42.797282819275864 44.13143040926972 46.40749353236546 47.79479389285551 46.33150664134325 46.0095297629664 45.711590599427126 44.94061466599638 49.197085544423516 45.73900399091975 47.858915148380966 45.34790021332569 43.279465778742434 47.88461775097072 49.18231058563474 51.280003644119894 47.63825918815426 50.80982315136907 47.3940751171506 50.39942514554718 51.455178607791986 48.178277790867256 49.1159153575602 49.43588504532582 49.4223292898249 47.086172554900735 48.33006337770824 46.0899143584113 50.74953228731304 50.39208689531375
FinzgarFranSaleski_SLV00496-L2_1 50.05657309532685 49.5436913079351 42.5958723802933 39.692404303132996 43.453823628923914 40.309156399740296 43.336653781961246 45.66327975770259 50.349411219727806 50.30119334524949 48.367009343097386 47.72107737474951 50.80808711689156 48.83058971457481 47.4756858098534 45.02634558655123 41.17797607437829 45.27420231437387 35.582669542975474 0.0 30.014389920497404 33.26247041761949 34.04360507518224 46.38787703864913 45.9026526020871 47.198989072739785 47.87140429413071 48.86652356711065 47.939631317821004 44.53884411597278 49.890507864177486 53.18497250383198 50.49238526801734 52.558888245374455 52.079600861782495 51.33130416732104 51.65104229480136 52.13411152552756 48.69974753031676 48.644729210204645 50.7978246495223 48.12904971842928 49.99778742327327 50.419835258651204 49.335209248039355 52.493541483988075 50.36014013861979 47.711708961823824 43.94785036298337 47.423745957083476 46.03515751011883 48.48179858406746 43.88030856013103 44.2077134686011 44.97847434346831 51.40152161050458 45.2989770950476 48.26990516651741 48.6600331717885 47.147071721498875 48.26836395267779 48.73285875396151 46.57165855636069 46.4892804040567 44.77858098306207 43.3224493486224 48.95469386678372 42.81606293582907 41.85566599267835 46.75077189858365 43.93643228363572 43.508433116405634 49.7283176627529 48.66288084031592 49.62530753965825 50.43550951281397 47.656994866955976 48.38415479690001 48.161668648650654 41.213428858717265 50.9062855383593 48.9973670761301 41.07327752274391 52.41632685293443 50.497275051506975 49.277766319032494 50.366032713240635 49.44758221855447 49.000178788460204 49.52326485086001 50.43201928873662 46.67251432587853 46.17305133650049 48.60647626389081 47.44762904499813 48.922455256546186 44.27635481851794 44.76576423574638 49.13947665798159 50.62986484211154
