 BartelAnton_SLV00094-L2_1 BedenekJakob_SLV00024-L2_1 CankarIvan_SLV00398-L2_1 CankarIvan_SLV00401-L2_1 CankarIvan_SLV00410-L2_1 CankarIvan_SLV10001-L2_1 CankarIzidor_SLV30001-L2_1 CarliLukovicAlojz_SLV10002-L2_1 CiglerJanez_SLV10003-L2_1 DetelaFran_SLV00111-L2_1 DetelaFran_SLV00112-L2_1 DetelaFran_SLV00278-L2_1 DetelaFran_SLV00363-L2_1 DetelaFran_SLV00364-L2_1 FajdigaIvan_SLV10004-L2_1 FaturLea_SLV00352-L2_1 FaturLea_SLV00502-L2_1 FaturLea_SLV00506-L2_1 FinzgarFranSaleski_SLV00273-L2_1 FinzgarFranSaleski_SLV00496-L2_1 FinzgarFranSaleski_SLV00497-L2_1 FinzgarFranSaleski_SLV00498-L2_1 FinzgarFranSaleski_SLV10005-L2_1 GovekarFran_SLV00048-L2_1 GovekarFran_SLV10030-L2_1 GrudenJosip_SLV00425-L2_1 JaklicFran_SLV00126-L2_1 JaklicFran_SLV00373-L2_1 JanezicKraljevIvan_SLV00135-L2_1 JelencVitomirFeodor_SLV10006-L2_1 JurcicJosip_SLV00216-L2_1 JurcicJosip_SLV00217-L2_1 JurcicJosip_SLV00279-L2_1 JurcicJosip_SLV10007-L2_1 JurcicJosip_SLV10008-L2_1 JurcicJosip_SLV10009-L2_1 JurcicJosip_SLV10010-L2_1 JurcicJosip_SLV10011-L2_1 KersnikJanko_SLV00058-L2_1 KersnikJanko_SLV00187-L2_1 KersnikJanko_SLV00194-L2_1 KersnikJanko_SLV10029-L2_1 KocevarFerdo_SLV20001-L2_1 KoderAnton_SLV00098-L2_1 KoderAnton_SLV00099-L2_1 KoderAnton_SLV00103-L2_1 KoderAnton_SLV10012-L2_1 KovacicIvo_SLV10013-L2_1 KraigherAlojz_SLV00355-L2_1 KvederZofka_SLV10014-L2_1 KvederZofka_SLV10015-L2_1 LahIvan_SLV10031-L2_1 LevstikVladimir_SLV00345-L2_1 LevstikVladimir_SLV00478-L2_1 LevstikVladimir_SLV00483-L2_1 MahnicAnton_SLV10016-L2_1 MalovrhMiroslav_SLV00455-L2_1 MalovrhMiroslav_SLV00456-L2_1 MalovrhMiroslav_SLV00458-L2_1 MalovrhMiroslav_SLV00459-L2_1 MalovrhMiroslav_SLV00460-L2_1 MalovrhMiroslav_SLV00461-L2_1 MalovrhMiroslav_SLV10017-L2_1 MaseljPodlimbarskiFran_SLV00132-L2_1 MaseljPodlimbarskiFran_SLV00310-L2_1 MaseljPodlimbarskiFran_SLV10018-L2_1 MencingerJanez_SLV00174-L2_1 MeskoKsaver_SLV00072-L2_1 MilcinskiFran_SLV10019-L2_1 MurnikRado_SLV00473-L2_1 MurnikRado_SLV00476-L2_1 MurnikRado_SLV00526-L2_1 NadlisekMarica_SLV10020-L2_1 PajkPavlina_SLV00231-L2_1 PajkPavlina_SLV00234-L2_1 PajkPavlina_SLV00240-L2_1 PajkPavlina_SLV10021-L2_1 PesjakLuiza_SLV00227-L2_1 PodmilsakJosip_SLV00122-L2_1 PregeljIvan_SLV00417-L2_1 PrelesnikMatija_SLV00452-L2_1 PrelesnikMatija_SLV00454-L2_1 PrepeluhAlbin_SLV10022-L2_1 SketJakob_SLV00172-L2_1 SketJakob_SLV20002-L2_1 SorliIvo_SLV00325-L2_1 StritarJosip_SLV10023-L2_1 StritarJosip_SLV10024-L2_1 StritarJosip_SLV10025-L2_1 StrukeljIvan_SLV00090-L2_1 StrukeljIvan_SLV00092-L2_1 TavcarIvan_SLV00136-L2_1 TavcarIvan_SLV00324-L2_1 TavcarIvan_SLV00406-L2_1 TavcarIvan_SLV10026-L2_1 TrostIvo_SLV00421-L2_1 VodebEmil_SLV10027-L2_1 VosnjakJosip_SLV10028-L2_1 ZbasnikFran_SLV00391-L2_1 ZbasnikFran_SLV10032-L2_1
BartelAnton_SLV00094-L2_1 -0.4102055387430001 12.262442320817726 15.599528221943395 15.257928406125231 15.129551540003286 15.55959747799797 14.287427740964562 11.459513635248637 10.906214629337201 12.62989270387868 12.155124586180262 13.516709545072647 12.848189830372057 13.732754568605504 12.076836690675815 13.700113629235299 13.415356683534354 13.488207655781068 14.062222280538071 14.196334770155467 14.886792422194752 15.07361164444695 14.131591961552981 13.729766175751616 12.821154715488742 11.820628039514549 12.730045073380971 14.458287339434703 11.336402077919809 13.253224781032538 11.797783071246215 12.328036583711704 12.835023129685663 12.659799330699478 13.064177280052501 12.307864753033142 11.440359225903777 13.158111560829038 12.766677998474611 13.243960763485621 12.620379454344283 13.499628277003072 10.670165775922532 11.073721928441525 13.385797101614893 11.977090653831194 10.958517258112048 13.185555035148727 14.346965915340213 15.134103799684091 14.799260494658341 12.047875692804965 15.250977148067676 14.186306466281446 13.752958362607682 11.277941744442591 12.493639563072582 11.778515967965529 12.174514523119289 12.595378303559928 13.607546848675883 13.522747754154231 11.475228689035871 13.288045471117425 12.867114651590128 12.92092050778841 12.114592954227952 13.491193353338687 14.541853181405049 12.57181353469445 14.091238965431998 13.840573250774074 13.208090642505493 12.030726344459989 12.990775929600625 12.757345256955794 12.712373867045587 13.102701361177784 10.621058445945135 14.508676301303131 12.311824745934214 12.180545215525695 13.722968172410214 10.621775360024566 11.060318369874878 13.936136052374502 12.50863785087439 12.617199913609456 13.135809109152062 12.723198566621805 12.273080473663772 12.869177251780162 13.435662075987159 13.248084521762307 13.405266292104475 12.498025628276107 14.40836027125485 12.83024207847249 14.219459752654272 14.603285703486602
BedenekJakob_SLV00024-L2_1 12.262442320817726 -0.4102055387430001 15.821267427862336 15.465164028647091 15.67402878427829 16.31007130716776 13.874586109027993 12.969054607038874 11.303606969323031 12.5567417736583 12.78524744847448 12.332953081714132 11.98852387477673 12.177822090476848 12.109960934300302 13.419151336117768 15.290038253647674 13.271521272195777 13.713322329998721 14.158487642062784 15.201200627969582 13.383227139808543 14.263763685534318 13.837802578606642 13.007452833084084 13.46656914778726 12.002426482190618 12.710253329531627 11.605409022666949 15.374296044962989 11.787120833688375 11.518443712592527 12.21305012125032 11.6713289898214 12.512992518730352 12.10454245348915 11.89080208350488 12.711627597515267 13.1329484056849 12.746068593240361 13.655669679783145 12.848805389200042 12.10068496344585 12.475994184518083 11.78045812137078 12.430793990079906 12.347887708705377 11.719518653668889 14.48213079540197 14.348361193168401 13.97708726107322 13.597170404744228 15.299697278633976 13.225891465077009 13.768790951659174 11.348181713756142 13.803438014819418 13.444977636641376 11.972161888637418 13.001330945979802 14.163826695582832 13.310097539818644 12.546671585331161 11.820305748033544 12.907904097302074 12.761830114915922 11.287010459210077 15.213541850914206 12.540531103820994 12.231505054681124 13.621103819610548 13.348865585855124 12.666671365712254 13.360553278050526 13.460747742564642 12.29638940919826 13.534971199225357 13.029419835817633 11.765706388551267 13.643416736819333 12.342985320824322 12.941734110327683 16.3786525207038 13.231881744440862 12.958280485367423 12.67984858303766 12.852664179508789 11.489003253606699 13.250448422233614 10.117462141824559 10.485681100393318 11.064622367373603 12.039041734617417 12.01298045237197 12.062288272276774 11.716093279031451 14.815345136243966 14.201631867562158 13.27663731039172 12.910034539292125
CankarIvan_SLV00398-L2_1 15.599528221943395 15.821267427862336 -0.4102055387430001 6.219305177310119 7.784267212147317 6.50481097607774 11.060719977210614 15.082880274846767 14.395306369102093 14.368641414522315 14.716078200219018 13.715432480630808 12.960160468042506 12.545164772991328 15.057066030427931 13.44166617865652 11.48831986716532 13.838419128971994 12.946949738123866 11.349601106054397 10.752120640441852 9.915870346738036 11.644178778250762 13.519473551999655 12.009318241323104 14.363391733773884 13.36393380763429 12.327509363599622 16.065378803457506 12.432409868452234 14.159618554226393 15.189034922147098 14.159977526651794 13.618566764141647 13.934151916042277 14.525425264915743 15.640023494088721 13.61595470183277 13.334411794986883 14.095556128892715 14.13942542465593 12.728607538326242 14.536015368045582 15.732227927226687 14.083055991551788 16.04491343897607 16.34166353877155 13.109037440510038 11.155961498768866 11.590049285064154 11.60088802747837 13.144544127242428 9.694386683387519 11.421077245057356 12.643331422942339 15.826152815713025 14.378916218999912 13.86103716239036 14.716932105957166 15.065396300406183 13.260482401591005 14.252223685903207 14.549615179211731 12.788484631891755 12.635543737649964 12.766322080838398 15.286585716796225 12.37763819890139 11.230649903045212 13.204000040918293 11.961861864396269 11.821545560005974 14.09376366848646 14.714318438467842 14.024780765017923 15.736306114224748 13.487092988639473 13.91119791786626 15.780300211510717 10.300752420030197 14.316012413645662 13.716017604306252 10.315404398980162 16.032442554117367 14.735645349398963 9.929405347596049 14.198887057971488 14.165853618271644 13.681712677191921 12.994386667066241 14.217957087694046 13.90430682960883 13.171964320271286 13.504866555092056 13.859426428623857 14.732949056230757 11.655073186138903 12.29076537521045 12.794081022365917 13.088193235333762
CankarIvan_SLV00401-L2_1 15.257928406125231 15.465164028647091 6.219305177310119 -0.4102055387430001 5.598644955904292 4.09543975344592 12.167198352588484 15.375136172228686 15.119430693015566 14.398039649980882 14.849475163313299 14.629639669006899 13.247083423834267 13.600104591790616 16.896770861115773 13.538250687015019 9.818411250418361 14.194261224176605 12.364545752142524 10.697528994225932 8.942739729340985 10.79326852006327 10.41011882780663 13.3431678411167 12.284117082802243 14.08075633040964 14.19569248527085 14.6325954144331 15.636064876826707 11.741703378809998 13.501883010529914 15.124681835137498 14.720739465234177 15.015995589819855 14.818674839984178 14.97144757370696 15.388419441681009 13.790031719139991 13.613125671517542 14.353929265978762 13.496848319296282 13.330478802015843 15.272842416399019 14.635911784613286 13.895305655241792 16.4221837870575 16.208511548971078 14.440977749375634 12.541453729328273 10.316290066818484 10.875582942218537 12.361568304398668 10.194793305835637 11.212088146512341 12.921220890953697 15.667298374851699 13.509923679918588 14.194988002248646 14.45301350978662 14.488802995725397 13.632773521054695 15.20331896841959 15.839837581475399 13.602356911569876 11.94943074070158 13.192471781297128 15.96147798102755 12.132867927614976 11.119195605627079 13.815860965479887 12.253438955082075 11.436787204321329 14.186409876919464 15.53337738612082 14.249519898152037 15.762739360957797 13.615379915071744 14.113982039322984 14.869869129435337 11.418019817219369 15.680333349880605 15.06037118934927 9.85384638728148 16.131647148567676 14.521112353810707 11.046953829210754 14.484616488342457 14.390900393308598 13.716814258805616 13.94746657038213 14.859116900504377 14.792672714314143 12.272092016595483 13.697117990251614 12.06489923746189 14.90685745053131 11.33765750815734 12.742352094925154 12.280342049129931 12.72002528611587
CankarIvan_SLV00410-L2_1 15.129551540003286 15.67402878427829 7.784267212147317 5.598644955904292 -0.4102055387430001 6.729450286900439 11.757209046267018 15.948990858474486 15.689366887787802 13.8700882757561 15.369434032757178 14.377280544689254 14.731215860794668 14.859747525689304 14.841718091958738 14.691737457394868 12.072074792335943 14.816176367546324 12.253760296160015 11.722750433535246 10.207547601811335 12.732678501291156 12.443112936393925 13.779213101203416 13.115158753492873 13.995099485940962 14.76197303324358 14.70866676865228 14.270745495454383 10.019286254688497 14.939853192629162 14.566735070573394 14.393161845964617 14.702469205057445 14.65054471931277 13.937855098978543 14.430711858789005 14.321420739664774 13.314115595602729 14.184016409741274 13.409253742645486 13.792408838919094 15.89970032157994 14.249805365845612 14.085545605491948 14.26136725139946 14.422340597562048 15.986093812699714 11.456215590302332 9.65419708569292 10.636424588727257 11.664397605321776 9.79338589176604 13.21397268159768 12.735483942826377 16.06221779665481 13.320092466775622 13.60349023724984 13.852358180463012 13.902783215598795 12.12771452150636 13.018618055091661 16.18530746588524 13.386026022566174 13.219947224440878 13.090915908367148 14.088908970918357 11.379195554281425 13.260546897909911 13.815113850065352 13.363116301581773 13.141415681134161 13.404731976020166 14.566436250456887 11.968280042997366 13.356604475338045 12.478461221151651 13.737229517365877 14.171726995406859 13.329901488948305 14.681024837978823 14.76585607962392 10.192887650582684 13.964165561834248 14.025697240196223 11.630128758752944 12.519103265667786 13.24041776730216 12.063753418521005 14.516424568534473 13.977964392590646 14.730875125861457 13.147530881868702 14.008948684582895 13.416566986173732 13.299432855367357 12.56818683473835 12.600259074894566 11.753540641075475 11.798095690106466
CankarIvan_SLV10001-L2_1 15.55959747799797 16.31007130716776 6.50481097607774 4.09543975344592 6.729450286900439 -0.4102055387430001 12.811219455928084 14.134235140421138 15.70175719171556 14.244946048151535 14.761308038885234 15.209871561630601 14.57984481674974 14.967868247503528 15.771740107863799 12.668427290517974 9.569562990661703 12.828250920793186 11.874881039806521 10.78860699857516 8.6899753847702 11.039030825144193 9.93990463929468 12.357854551440067 12.576320312744876 13.422162531620396 14.104598745365099 14.760933536357934 15.440376841094546 11.320841907551214 13.957896938165582 14.918050579502685 15.567759321938949 15.70247477038082 15.15968801166912 15.55635538127715 15.21961838809862 13.368448981692868 13.933587021978587 14.332510736493424 13.865809157628991 13.033469443366352 14.947076058757109 14.749941553924959 14.016153406929593 16.16966661683603 15.67017756476949 14.72155789255599 12.024043906525701 10.41794148678111 11.331411139360409 13.277890254600042 9.628460988816327 10.479255898698685 12.623043198129965 15.871573455820787 13.754534947103954 14.136704257364636 14.784854424652671 14.595691214666717 13.57359398987513 15.140594998244776 15.066872980807016 13.416356083266495 12.576365783630703 13.591841130374105 15.549800130086354 11.040935672525004 11.96008233375698 13.121129835646265 11.466638023185194 10.787874651686627 14.579650622157747 14.474145917238793 14.302702291697178 15.491213709632298 13.134704888167782 13.115094347141152 15.025247810624078 11.199775052176655 15.069307491841327 14.466004677246167 9.291966599590499 15.573047495404188 13.00864976901874 12.833161426008449 14.015536661100052 15.28654640585225 13.78033931553795 15.403834260296794 16.25556206632609 14.007338331339191 12.709656055869518 13.65002669001878 12.502748574301183 15.06659477172428 11.169467596357407 13.503355608209452 13.107907749914267 13.264140605592399
CankarIzidor_SLV30001-L2_1 14.287427740964562 13.874586109027993 11.060719977210614 12.167198352588484 11.757209046267018 12.811219455928084 -0.4102055387430001 14.203508052004688 12.897751156571783 14.65581448938153 15.569984919807268 12.80697940454287 13.673446708728076 13.110764380164348 12.2398610472184 12.465602753607278 13.166271657309371 12.837704247338598 12.714987736745194 11.89141654479599 12.463821781493003 11.59861465278052 13.431004451342972 13.86949110459133 12.847128781878034 14.65658105255307 14.582068323449407 12.990522542154515 14.894590652250947 11.955717911489163 13.855535148398854 14.146098784349869 12.054976655652496 11.78551976772611 12.314030131734777 12.731974740185342 14.724854153289316 12.823902354542502 13.595993510888299 13.71327372496441 13.542821108020279 13.114085259345446 14.783440148957713 14.331584017895661 13.19668272030933 13.033985572110053 14.159426882429372 12.968979499932075 11.595785563997838 10.531612195251153 11.391087061285198 12.081931916975556 10.987088628143809 11.458089935151493 13.083577733963937 13.405090979117025 14.211298983004058 13.231222535284601 13.268686886463623 14.270870247848944 12.62085517136344 12.97001272866532 12.811459971473944 12.716028257298435 14.293058939749095 12.960990406111506 12.746581740501663 13.689497748282951 13.288888039070065 13.144220591651832 11.49187986668102 13.4346983184964 12.05869742722009 12.928538675076462 13.622400907943794 13.52431100056797 12.721969161635672 11.742747266184432 13.965113534048712 12.28112911056813 13.660516382895581 12.87974888672101 11.300673907390351 13.413129584721807 14.662511942071635 11.593392103713931 11.685548509355927 13.239764984000123 12.607016879600026 12.826728844248334 12.977344849216419 13.054434522225991 12.543190012073904 13.172876733907632 13.82812906574784 13.001731813196686 14.198343651627232 12.192311269187288 13.643105369553705 13.496770082466993
CarliLukovicAlojz_SLV10002-L2_1 11.459513635248637 12.969054607038874 15.082880274846767 15.375136172228686 15.948990858474486 14.134235140421138 14.203508052004688 -0.4102055387430001 13.01313755770938 12.477069726207402 10.491784342102749 14.376282951889173 14.088082613175981 14.748661772800894 10.692452739059558 9.08719458010773 10.85471928308459 7.617762882908651 12.488015055494323 12.766364220711123 12.647807336118007 14.123356646686162 9.822170971114058 12.537466849278678 11.399671246359274 8.499060679908753 13.206111093821832 14.432072483569247 11.560619684825566 14.837629496181643 13.926400200627597 10.916225592103684 15.223726000879584 16.01552811915148 14.60611530952243 15.359204599597504 12.61964477290344 13.90219721364412 14.074515910773304 14.195983767671034 13.695897771613001 14.532442347961474 10.283520308591832 12.588427414999229 12.81264956015356 12.607895792301303 10.860289388626839 12.164248855609936 13.08581964840943 15.362892265618868 14.295493999236697 13.61599237553271 14.269823410854087 9.267277277896639 11.949286861728767 10.421549404448141 12.009064654813383 13.481656549630978 13.822154029879458 11.881410281253533 15.939261276689775 15.470223293291543 10.081886598709188 14.019764147051823 13.207662561347393 12.519363464082904 11.510589006905347 12.139028717283422 14.004936065488314 11.759620332226499 11.859500700663908 10.50035064102518 15.543141181394128 12.750623025556791 15.79799411203199 13.663546122576431 14.025069326493318 10.848382311140957 12.046718064540892 12.990442832018646 11.386787724160197 11.102053413213362 13.795306773832664 13.32621492127982 10.652259771584683 15.41843487809667 11.83489656542812 15.3386684653958 13.465414040073984 15.907865080089373 16.64423758441638 11.181904160074021 14.169371520586665 13.877660019606328 13.831542882470425 14.405051040806711 12.633320283157106 13.939017060039237 17.128336555188035 16.637908303352386
CiglerJanez_SLV10003-L2_1 10.906214629337201 11.303606969323031 14.395306369102093 15.119430693015566 15.689366887787802 15.70175719171556 12.897751156571783 13.01313755770938 -0.4102055387430001 13.231851095449393 12.986048703418202 12.212300603165444 10.426503565683221 10.881460825272876 13.941162697768165 13.1434938405003 14.558843741055458 13.590970672896205 14.995926353350082 14.463823290039462 15.113213446445535 13.696728861467848 15.632612118717125 14.469395776137011 14.319819800565481 14.79574388149069 11.338716595697903 10.707854377604704 12.262104687481772 14.930854898151415 12.075720277710733 12.318558376026525 10.108567292813559 9.164095012794004 11.241074309637229 11.30319640786498 11.513654330420012 10.427199279389537 14.986705433796347 15.141704781324243 13.919683855010941 14.338235938413122 11.412477132814796 13.910532171415877 12.93333916092082 12.702058764384542 14.951979062489716 12.28285332556356 14.712679681033096 13.809579097315893 11.944652978604203 14.118745166109017 15.58855121204854 12.63382113270486 15.08900327642672 11.640295605063496 12.848882014493045 12.497522678572444 12.077787780476768 12.771266376155143 13.217950221228902 12.084379535948361 13.01717803772806 12.8765917790143 13.352747479716825 13.536215642375343 13.161518624251572 16.134172772197285 12.256269901520396 13.32376190008055 13.541696070028499 15.102032972494914 13.208121196743269 12.858389486333856 14.648221251417656 13.43624660467359 13.35789871706402 13.104977410231669 11.519189934724562 13.64625314182218 12.298490317920011 12.924523810293044 15.358331779510785 12.29416674207681 13.22656382773532 12.728115078243617 10.990897523604142 10.167628772168621 10.930141151489723 10.406029329794906 11.348309163769693 14.452570281637556 12.943761830843787 13.731683585559962 11.940276790907337 13.077833729249447 15.876906790279289 13.463477164515439 13.121665897452964 12.929464193630197
DetelaFran_SLV00111-L2_1 12.62989270387868 12.5567417736583 14.368641414522315 14.398039649980882 13.8700882757561 14.244946048151535 14.65581448938153 12.477069726207402 13.231851095449393 -0.4102055387430001 7.871376654843006 8.682712745266539 11.19498198765839 10.270391032557006 13.858910555622609 12.279819531514313 13.301842551811047 12.228765479466976 13.343890903344944 14.363485336485521 14.648209735770157 14.150062454202313 12.972082937689956 13.435362548559555 13.020847899184503 12.37717196613952 11.631168967498196 12.885179449701106 10.865713679498867 13.105533951813667 13.272683541479292 12.982408078387245 14.113022966763742 13.688717366949502 14.450117505375824 14.415166185155714 12.49170635621429 13.914351180398985 13.070985119813596 11.457888869634935 12.619895516450205 12.048951086179295 13.211341825731461 12.042803661474515 13.173194494662722 12.99268825365371 12.39915550787694 13.57594286644278 13.8539226097477 14.633922460878273 13.900381084092368 11.859606758425997 14.06208881174825 14.144492649939167 12.921615268691719 13.225485456006075 11.838340707157343 12.056359006661019 12.676730473312201 12.41544959886059 13.464374214532462 12.768572037866697 13.733546250682354 13.321344953159187 13.03338221728875 13.397529561452581 13.822034310693317 14.499120882609486 12.625517208701895 13.74900089948927 14.123290399001625 13.304998218513221 13.434658682308978 13.693497552064127 12.964178993677933 13.174916734111065 13.880805188687257 12.904366741808689 12.771030546282608 12.872824794144547 12.893215464667902 13.269856791555634 14.414364603817384 12.695404102545583 13.396927894515816 14.042335937875066 13.939586642852225 13.190216267396824 13.232184791998616 12.236014316456128 12.412955030986415 13.573611381696944 14.705670176479897 13.738613616260931 14.032151562931874 13.52514580780427 12.257352184930829 12.700203247533176 12.365727474554175 12.575966074766907
DetelaFran_SLV00112-L2_1 12.155124586180262 12.78524744847448 14.716078200219018 14.849475163313299 15.369434032757178 14.761308038885234 15.569984919807268 10.491784342102749 12.986048703418202 7.871376654843006 -0.4102055387430001 10.530945819416242 11.988558284287548 11.243773554598247 13.082307982704464 12.336677039863755 12.64288977638171 11.655879234607731 14.061850246154384 13.876717251378802 14.335638649246457 14.234620071519148 12.064307660504765 12.173581552895282 11.737213953374164 10.518621604122094 12.472382559026956 14.800225067175095 10.44681277675644 13.830970532044345 12.918158411035492 11.675638364214784 14.286564972982223 13.961073406267813 15.096698496870998 14.475936574242526 11.194639002489653 14.594427361993342 12.966371805922472 11.396217659553788 13.050589490818437 12.762193492297255 11.770234609976766 11.694095300167662 14.130556922122253 12.576019865556592 11.461902192943903 13.780803226351555 14.552302278277164 15.719338911543607 15.043551684173224 12.24744867796485 14.04591350528066 14.290159722730994 12.323750479597011 11.73997833776824 11.258390458267192 11.858667354873894 11.622377756397034 10.869648787730718 13.763154686130763 12.90802175558899 12.671192034352105 12.867786762350521 13.055520156762762 12.358856604772663 12.873108808139987 13.746941230610194 12.340713868348299 13.228648484240379 12.820086869716091 11.463176199970869 13.679296815396565 13.888923495824843 14.573569890100558 13.9690619516293 14.979912708773982 12.796939503662436 12.695631467509129 11.831181097428745 12.081681412756097 12.358461352377946 13.881946012505937 13.367611391523905 13.141092877731156 15.029563940551848 15.11577555362979 14.959757177624954 15.041963299152489 14.318297014751472 13.964802092422445 11.926751149390732 13.513545438621112 11.835932665072663 12.323423031631085 14.320498168425209 11.990398598506609 12.6233950871078 14.94860159060717 14.827511979358478
DetelaFran_SLV00278-L2_1 13.516709545072647 12.332953081714132 13.715432480630808 14.629639669006899 14.377280544689254 15.209871561630601 12.80697940454287 14.376282951889173 12.212300603165444 8.682712745266539 10.530945819416242 -0.4102055387430001 10.770217397976596 8.040090987793494 13.868158374603375 12.523358193597522 13.617715613469562 13.36354739022331 12.915983585956079 13.440117369771894 14.502825830482214 12.46935241445476 14.151298667052501 13.076268014496035 12.998641724370882 14.368233762295155 12.034995052035661 12.144312911113811 12.333098986742733 13.75670576849488 13.596928935134168 13.862626886294088 12.273020484828631 12.457915533653235 12.940464095474535 12.84847387712864 14.039826054112163 14.022536189872342 12.940759688721931 11.541836452113131 12.680646504708635 11.464114368492687 13.869576621637444 13.578997567649663 13.402295419808445 12.922352029882587 13.922262875361467 12.008182357031366 12.75892085321812 13.828283348185748 12.655652149493847 12.805527743455217 14.085672750177363 13.940708344058383 13.485464155855922 13.221986498766343 13.555310656378614 13.421488941838454 13.578883959445003 13.497728506939294 12.763944990586676 12.180705786397972 13.80626044946363 12.774912230869301 13.574473672707995 12.591220781987989 12.868004244153424 14.94215104682114 11.647342485638148 13.145776142920612 13.39953670805712 14.073930517475954 12.497547119984507 13.188042221039426 12.709819083966924 13.009327107248719 13.901596726071016 13.178292750188472 14.088549382534215 12.820917121614256 13.415027600979613 13.337360925740121 14.577650276679943 13.046762094403284 15.348132405002815 12.377541382746195 13.316700253416847 12.0926387915105 12.166402059057212 11.57616156335778 11.311512601810321 13.865417585169379 14.034220498284492 13.105868972947237 14.120480187114746 13.17964335538825 13.344196647322725 11.872564178959422 13.002546945246184 12.415584651181899
DetelaFran_SLV00363-L2_1 12.848189830372057 11.98852387477673 12.960160468042506 13.247083423834267 14.731215860794668 14.57984481674974 13.673446708728076 14.088082613175981 10.426503565683221 11.19498198765839 11.988558284287548 10.770217397976596 -0.4102055387430001 9.309296297404176 14.739939931846052 13.60958392395423 14.067028983505372 14.263236724209056 15.054280968708909 14.647066527640787 14.858777064678149 13.292588748773213 15.192704252983072 14.143994990525464 14.468835946781752 16.112899077838517 10.703819678996739 10.075406899004705 14.326201685497002 15.36345382384582 10.67925375485902 13.765895411673524 10.330037440774635 10.242971462119648 11.774402001460796 11.936498553236937 14.033479562848598 10.875079294753098 12.527135405879008 12.84894208872265 11.895811865621974 11.87597822961286 12.742896967810466 14.542150187717688 11.2745530908373 14.21519966206668 16.361755404146702 10.296623704154259 13.707223476050755 13.350399295546708 13.269176657642374 15.108254490989692 14.951050436589812 12.28338314436254 14.881859524352368 12.736787020819634 13.585041160160138 13.536904723974228 13.867411542230657 14.720894446434722 14.21389364184986 14.152639443551845 11.002971509447109 12.823246169758804 12.797598964983054 14.11802443693477 15.140951193860657 15.940048242453464 11.703311438827305 12.305502074821794 13.14972419844263 14.08802103818221 13.064557955458184 13.935819465406023 15.121554824795647 15.103417426711783 14.601895580625985 13.822820307720159 12.313046645264041 12.421964517061033 13.615467436064263 13.826388215800018 15.447394819915123 13.83357648226548 14.386623337345064 10.078131216076741 12.707304756439331 10.497164288011055 12.682355015477937 8.887978497300606 9.870057739070312 14.715502394722181 11.628129927026867 13.604779488016677 12.399294174862641 12.742624004937982 14.062105227209026 13.53758832513142 11.638007743723513 11.772579489072605
DetelaFran_SLV00364-L2_1 13.732754568605504 12.177822090476848 12.545164772991328 13.600104591790616 14.859747525689304 14.967868247503528 13.110764380164348 14.748661772800894 10.881460825272876 10.270391032557006 11.243773554598247 8.040090987793494 9.309296297404176 -0.4102055387430001 15.568667634720292 12.425956292035666 12.93875406337448 13.420826373262589 13.912758821988122 13.491565688030716 14.400274753778463 12.083981833378003 13.93838616434212 13.445569414258276 13.023343961790616 14.660523783676872 11.400927291588637 10.55396629027045 13.656658945932067 14.186605150774966 12.635891708082013 14.378751485519524 12.723587834585894 12.58828480771642 12.693197611069081 13.217840114259785 14.444943048453435 12.715416839210752 13.995417985368109 12.816750961786138 13.476739706582721 12.664210157458692 13.579476535407412 13.995326595432363 13.18574291186505 14.036061910293304 15.636393654282589 11.25048723087064 13.360789372451158 13.93399192806997 12.439076692909351 13.711159651136233 14.393456095614338 13.084418367170603 13.378112862103785 13.472560314123058 13.371274821473921 13.174187277047409 13.291486081628989 13.753536537362685 13.499651055402508 12.946586102712475 13.242665987597942 12.370990910511564 12.341491390534557 12.418620005606035 13.83146553011048 15.353182644831701 9.910809368400084 13.144247018185675 13.074138807712266 13.345715189317001 12.952569168909125 13.825058175143925 14.088634835332716 14.304924571661882 14.5388068331957 14.009693664948292 13.762222222230852 11.648245732600403 12.9690955441268 13.732561282797867 14.301730852359368 14.651576924804424 14.96411389395924 11.46551609120641 13.913626102035069 11.695489359652017 13.037890175970281 9.555589640207991 10.978093624555994 12.998332032630259 12.720290384641151 13.111122699215432 12.649257837892721 12.704163858169458 12.86773458385924 12.332885746449003 12.077937242895995 12.967506781820804
FajdigaIvan_SLV10004-L2_1 12.076836690675815 12.109960934300302 15.057066030427931 16.896770861115773 14.841718091958738 15.771740107863799 12.2398610472184 10.692452739059558 13.941162697768165 13.858910555622609 13.082307982704464 13.868158374603375 14.739939931846052 15.568667634720292 -0.4102055387430001 11.865826906455867 13.384894013125463 11.799279331874045 12.347471347552524 13.248950480365693 13.528782081677834 14.096886173370669 13.51960226564221 12.524849313643927 12.289704852117596 11.306190399241306 13.506850731348832 14.066613412648719 13.315103186715673 13.60991808069631 13.414041969368586 12.352204328872975 13.159827628263185 14.186763040479972 13.231477025317918 12.960592937048919 12.588317055523476 13.653528992132946 12.462959067271386 12.069472737826956 12.181337030795452 12.472654738356844 11.928015522752515 12.260341660258272 12.418716903096648 11.371696679349615 10.55267023907125 12.206752699212032 12.620034457978344 13.853394279254179 14.482170038561314 12.384152048496858 13.004049363681585 11.959979825746684 12.210567517758138 11.218505417306268 13.398944985917904 13.84025825182607 13.156916608817465 13.183402817313317 13.889231317001292 13.989153276360621 10.796095829639876 12.994575083123081 12.774607445163957 12.695215077206722 10.422456369510481 12.127893081625821 15.873957881465481 12.44251044805955 13.279582683662033 13.233658985069505 13.953505543774888 11.76506180527575 13.215421034385546 11.377498530589264 11.54942637347783 11.056435477382974 12.488643987027576 14.242568293471207 13.049779432793093 12.022741907246628 13.53523268695404 11.739572923832768 12.011181843107162 14.383604514705299 11.717948762290684 15.01900419572001 13.550610511394728 15.514288884800571 14.774424996558317 10.452399697377773 13.83121537659929 12.962720196119362 14.377653694839154 12.97089429014435 13.376053231297877 14.060293508164026 14.61070508669971 14.793268457719234
FaturLea_SLV00352-L2_1 13.700113629235299 13.419151336117768 13.44166617865652 13.538250687015019 14.691737457394868 12.668427290517974 12.465602753607278 9.08719458010773 13.1434938405003 12.279819531514313 12.336677039863755 12.523358193597522 13.60958392395423 12.425956292035666 11.865826906455867 -0.4102055387430001 8.28608367526167 5.880203903657852 12.017767568545372 12.490942655765947 11.42119027414419 12.246901974125517 9.97390330905138 12.879737091835032 11.666608600765914 10.936452772427025 12.51742466592431 12.057315275723669 13.185999766061057 14.906670754587154 14.558565030900848 12.759867152967088 14.664265892076953 14.903378371798762 15.01727614525863 15.412788741939496 13.715493771704 13.614685869627971 15.230146498202197 14.432028117223243 13.839803881149157 14.142695192601732 12.23939495381988 13.878225909573473 12.760685448580972 12.846213176074421 12.60965781408281 12.320600121248194 12.493632216590523 13.327101693505398 12.781081336958838 14.138251938800952 12.832106306979433 8.91284276176623 12.7572737309309 12.491175306186937 13.80328162532042 14.492756811143796 14.05970107753076 13.73939690638878 15.576909387279802 15.215332772355628 12.11335310835298 12.708793088741233 12.232764667742991 12.37177630210587 12.163239196074901 13.30382063170562 12.48543770232345 12.690576237052623 11.268765551744714 10.6873456065487 15.388757651745212 14.256269004812793 15.71189575043577 14.00371748807681 14.150377627566103 11.760813600313627 15.511976124937034 11.564557375715845 12.082697306762226 11.277883777031937 13.988884323641056 14.696440860452686 12.13015547033628 14.71038785656229 12.167722405737283 14.431873118686461 12.49500462538411 14.805321898615995 15.361627888714832 12.418975225063884 13.344155399221322 13.936335478661643 13.731219499521137 14.168925940992471 12.227858125745252 13.68721017806298 15.493544639270127 15.451281964993745
FaturLea_SLV00502-L2_1 13.415356683534354 15.290038253647674 11.48831986716532 9.818411250418361 12.072074792335943 9.569562990661703 13.166271657309371 10.85471928308459 14.558843741055458 13.301842551811047 12.64288977638171 13.617715613469562 14.067028983505372 12.93875406337448 13.384894013125463 8.28608367526167 -0.4102055387430001 7.8046109102277015 11.473580424616879 11.056409557877707 9.413005192362865 11.766002308968636 9.9502246106849 12.212326279182271 11.716253063280195 11.24093044148455 13.505136213248093 13.665523305847847 13.765544542207047 12.578339726109087 14.6545955535263 14.23907131238862 15.546459211528457 16.193771497537806 15.380231628907572 15.82743157943787 14.512098169866567 13.765670110575893 13.739787125678882 13.748500194892177 13.361694757901311 13.212553021843986 13.993788621318219 14.333748233075717 13.972738218339286 14.484099755763339 14.166756876861765 12.958223842716215 13.502242137589896 12.55978817447138 11.968758489684175 13.881569306845508 11.921498935002502 10.828569312368773 12.773250263219898 13.38750293726531 13.624720727720966 14.32054102609504 14.491575267435424 13.96986019411352 14.714078708992178 15.599153541722238 13.354488028903729 13.457730479530419 11.527495499684084 12.402583293925897 13.678964307462875 11.621309645756467 11.421649249553715 12.825049573600138 10.81187531070693 10.396134542954556 14.355021853643553 14.773072035052337 15.296494421194879 15.083304097760099 13.586403602688433 11.77038019376774 14.74554022590321 11.322533911820102 13.161026525455151 12.891847123398746 10.884841702104856 14.959852584582663 11.857673560350152 14.642643453142906 12.977902616542504 15.352818976272328 13.840559867776236 15.645008350692171 16.265917952981397 13.250692209919928 13.321978198429289 13.92651759425188 13.597527029527596 13.839246550611728 10.956333725197467 13.093426923370636 14.97341077400744 15.585017664691254
FaturLea_SLV00506-L2_1 13.488207655781068 13.271521272195777 13.838419128971994 14.194261224176605 14.816176367546324 12.828250920793186 12.837704247338598 7.617762882908651 13.590970672896205 12.228765479466976 11.655879234607731 13.36354739022331 14.263236724209056 13.420826373262589 11.799279331874045 5.880203903657852 7.8046109102277015 -0.4102055387430001 11.914584067866075 12.413205669489805 11.578633259549978 12.720668681974745 8.860950476113123 12.355686984075545 11.358430947704116 10.346646087950704 13.02613452218175 13.20620465479041 12.500825934412646 14.86299891132217 14.43524546317126 12.009308853809182 15.174631899097276 15.768746931087271 15.870971460032202 15.643060471347354 13.075382189887492 13.663615514634412 15.121247741321778 14.659335649397361 14.430477028543581 14.6090247441352 12.093725985379589 13.409108880560833 13.474442129018888 13.44203060892296 12.302639817842357 12.477043639189684 13.179483759547637 13.85597349746519 13.119486560685646 14.47415396514271 13.393734049645033 8.850971310122151 11.42208886288535 11.4808668056768 13.798359737496972 13.413993407530228 14.47508123324067 11.862073185232925 15.640030125186968 15.5753294104418 11.398242089313387 12.84882534872408 12.885012954057936 11.66219549825119 11.410070317038588 12.662073890784706 12.942971212446556 12.3935510391911 11.280445007278665 10.14042365400818 15.855030218014814 13.92640740579206 16.310319891131105 13.874769435801653 14.576853463445731 11.232285041694382 14.140981330001807 11.085773591869962 11.322724931684242 11.164641843650795 13.836555962946067 14.542755048457645 10.987087309191686 15.770261163108666 12.384267472644986 15.305431991371483 13.447396847896607 15.474569033110011 15.859047800204003 11.505535689286592 13.615444287334963 13.85403318092247 13.776342586161507 14.120138512502349 12.209057534444163 13.391986024903328 16.96422994755669 16.85404742842639
FinzgarFranSaleski_SLV00273-L2_1 14.062222280538071 13.713322329998721 12.946949738123866 12.364545752142524 12.253760296160015 11.874881039806521 12.714987736745194 12.488015055494323 14.995926353350082 13.343890903344944 14.061850246154384 12.915983585956079 15.054280968708909 13.912758821988122 12.347471347552524 12.017767568545372 11.473580424616879 11.914584067866075 -0.4102055387430001 9.258758426998893 8.51753366356667 10.34826944181171 10.185133767143228 11.187463079121349 12.310592955785188 13.203465102956175 13.808366637477434 13.301147380050166 13.201801764308495 12.085878269538526 14.027407257462176 14.517931558963515 14.349199695994946 15.000979349523206 14.155812039659692 13.812127443812752 14.205139146949449 14.343791307884743 13.163584268119017 12.772347662998333 12.69136347798862 12.456693677975455 13.74119739298111 14.043762315828705 13.058560427981629 13.954669780200705 13.931777462214772 12.969955158262843 11.910627683066506 12.625254935984689 12.783282124243266 14.009395258625378 13.131309973826452 12.884903446918202 13.616268680747996 13.723889954765276 13.5967602870399 13.920863801783572 14.118342804115507 13.758744973767572 12.866146144427253 13.250345109886105 13.839697197404538 13.157298350162417 13.33039846715281 13.103195311277032 12.075892574766147 10.13122082957896 12.442436217450727 12.055890412211909 11.747683611366286 12.171988994286432 12.254044255401384 13.026592279511558 12.533144118755162 12.879568082030266 12.578101005778306 12.348242207536748 13.891629888979 12.483505418187073 13.44896735216843 12.499466981520113 11.760087256717686 13.302868904370346 14.12796562558195 14.658215909425586 13.377408426135402 14.813849315924497 13.450030732366898 14.296081347917738 14.799188701425908 13.295943751090713 13.705871666049484 13.646890735200769 13.6359221818541 13.103579457404297 13.465195107216502 12.601916907289308 14.310460619625333 13.906213614802116
