 AguilarGrace_ENG18470Aguilar_1 AinsworthWilliamHarrison_ENG18500Ainsworth_1 AnsteyF_ENG18820Anstey_1 ArlenMichael_ENG19201Arlen_1 BaringGouldSabine_ENG18980BaringGould_1 BarryWilliamFrancis_ENG18870Barry_1 BellocLowndesMarie_ENG19121Belloc_1 BensonEdwardFrederic_ENG18930Benson_1 BensonStella_ENG19190Benson_1 BlackmoreRichardDoddridge_ENG18640Blackmore_1 BraddonMaryElizabeth_ENG18621Braddon_1 BronteCharlotte_ENG18570Bronte_1 BronteEmily_ENG18471Bronte_1 BroughtonRhoda_ENG18830Broughton_1 BroughtonRhoda_ENG18871Broughton_1 BroughtonRhoda_ENG18901Broughton_1 BuchanJohn_ENG19150Buchan_1 CairdMona_ENG18941Caird_1 CarrollLewis_ENG18652Carroll_1 ChestertonGilbertKeith_ENG19080Chesterton_1 CholmondeleyMary_ENG18973Cholmondeley_1 CliveCarolineWigley_ENG18600Clive_1 CollinsWilkie_ENG18760Collins_1 ConradJoseph_ENG19170Conrad_1 CraikDinahMarie_ENG18630Craik_1 CrossVictoria_ENG18950Cross_1 DickensCharles_ENG18481Dickens_1 DickensCharles_ENG18530Dickens_1 DickensCharles_ENG18540Dickens_1 DisraeliBenjamin_ENG18440Disraeli_1 DisraeliBenjamin_ENG18450Disraeli_1 DisraeliBenjamin_ENG18800Disraeli_1 DixonEllaHepworth_ENG18940Dixon_1 DoyleArthurConan_ENG18900Doyle_1 EliotGeorge_ENG18610Eliot_1 EliotGeorge_ENG18660Eliot_1 EliotGeorge_ENG18721Eliot_1 ForsterEdwardMorgan_ENG19100Forster_1 FowlerEllenThorneycroft_ENG19004Fowler_1 GaskellElizabethCleghorn_ENG18482Gaskell_1 GissingGeorge_ENG18911Gissing_1 GlynElinor_ENG19001Glyn_1 GriffithsMajorArthurGeorgeFrederick_ENG18961Griffiths_1 GrossmithGeorge_ENG18920Grossmith_1 HamiltonCicely_ENG19191Hamilton_1 HardyThomas_ENG18860Hardy_1 HarradenBeatrice_ENG18931Harraden_1 HornungErnestWilliam_ENG19111Hornung_1 JenkinsJohnEdward_ENG18702Jenkins_1 JeromeJeromeK_ENG19011Jerome_1 KavanaghJulia_ENG18552Kavanagh_1 KingsleyCharles_ENG18510Kingsley_1 LawrenceDavidHerbert_ENG19200Lawrence_1 LeeVernon_ENG18840Lee_1 LewisPercyWyndham_ENG19180Lewis_1 LintonElizabethLynn_ENG18720Lynn_1 LyallEdna_ENG18872Lyall_1 LyttonEdwardBulwer_ENG18741Bulwer_1 MacDonaldGeorge_ENG18953Macdonald_1 MachenArthur_ENG19070Machen_1 MaletLucas_ENG18960Malet_1 MallockWilliamHurrell_ENG18770Mallock_1 MasonAlfredEdwardWoodley_ENG19010Mason_1 MorrisWilliam_ENG18972Morris_1 NesbitEdith_ENG18890Nesbit_1 NesbitEdith_ENG19020Nesbit_1 NesbitEdith_ENG19060Nesbit_1 OliphantLaurence_ENG18700Oliphant_1 OliphantMargaret_ENG18661Oliphant_1 Ouida_ENG18670Ouida_1 Ouida_ENG18740Ouida_1 Ouida_ENG18831Ouida_1 PhillpottsEden_ENG18970Phillpots_1 ReadeCharles_ENG18632Reade_1 ReynoldsGeorgeWilliamMcArthur_ENG18460Reynolds_1 SharpEvelyn_ENG18954Sharp_1 SilberradUnaLucy_ENG19071Silberrad_1 SinclairCatherine_ENG18410Sinclair_1 SkeneFelicia_ENG18490Skene_1 SteelFloraAnnie_ENG19005Steel_1 StrettonHesba_ENG18641Stretton_1 ThackerayWilliamMakepeace_ENG18480Thackeray_1 TrollopeAnthony_ENG18551Trollope_1 TrollopeAnthony_ENG18650Trollope_1 TrollopeAnthony_ENG18742Trollope_1 TrollopeFrancesMilton_ENG18400Trollope_1 TupperMartinFarquhar_ENG18411Tupper_1 WardHumphryMrs_ENG18880Ward_1 WardHumphryMrs_ENG18951Ward_1 WardHumphryMrs_ENG19091Ward_1 WellsHerbertGeorge_ENG18952Wells_1 WellsHerbertGeorge_ENG19090Wells_1 WellsHerbertGeorge_ENG19120Wells_1 WestRebecca_ENG19181West_1 WhiteWilliamHale_ENG18850Rutherford_1 WoolfVirginia_ENG19192Woolf_1 YeatsWilliamButler_ENG18910Yeats_1 YongeCharlotteMary_ENG18531Yonge_1 YongeCharlotteMary_ENG18560Yonge_1 YongeCharlotteMary_ENG18651Yonge_1
AguilarGrace_ENG18470Aguilar_1 -12.571073720140001 -12.855278943686002 -16.452269970285407 -17.357555814780135 -12.586623593560553 -13.926318759503054 -14.173039286994747 -15.317077079826833 -12.391916133681647 -16.52274170355426 -13.571738349102867 -13.366901908736226 -15.463734714753514 -14.266737328662538 -14.130632587167103 -14.782035870810514 -12.636779865379522 -13.825412012481575 -14.532813400283882 -12.048782557712505 -13.434545444465003 -14.693374254941133 -12.969485218617823 -11.232533406708754 -16.644881520991483 -12.623834552928637 -15.486841921334857 -16.397124425296944 -14.991714380690686 -14.523377155478302 -12.866765801678447 -14.929975045564875 -13.551625632653687 -13.319606040071333 -16.155898782063375 -14.895593872147112 -14.878127467699603 -14.282913227798831 -16.711302730235484 -16.51762052945981 -14.722945638206062 -16.736330225689247 -13.579974747021156 -15.142098205005272 -12.932603757689577 -13.855969577214978 -14.14488666126229 -13.802174756433217 -14.645378846595893 -12.59729496699411 -15.390045185978378 -14.996053413838448 -11.782173716780644 -14.404020236844941 -11.806740626401597 -14.845263755886718 -13.693214987639939 -13.501304372473431 -13.396262842083262 -12.839655653822977 -14.673903631494735 -16.03737367314742 -12.168476039900424 -15.96556720302119 -15.260108604166224 -14.645137906496375 -12.56702642194124 -16.227745966549207 -16.974761390484662 -12.866063330825133 -13.1790049080916 -11.86042043172018 -13.058766134850817 -14.168098394919834 -14.468548257719855 -15.185403007662723 -14.350269540766163 -16.832255765432407 -15.223285339545653 -12.934638393205585 -15.821218708201362 -13.624135631621785 -16.88813176815279 -16.29613600181782 -15.048398128647024 -17.03578844475521 -15.955471132885384 -13.932688211284157 -13.748980531742944 -14.669930213619816 -12.704418156221116 -11.821306827434768 -12.82656099895081 -12.395845632049651 -14.282427019819833 -12.997401803862362 -11.352849038066228 -16.45495336900048 -16.477066409967353 -14.597694244654583
AinsworthWilliamHarrison_ENG18500Ainsworth_1 -12.855278943686002 -12.571073720140001 -14.648547697246954 -10.745394875299557 -15.938796533467155 -14.052791114967844 -14.134124170306665 -14.641730939991042 -16.34925182889252 -13.324787460099719 -14.108044469923266 -14.163160569504553 -14.87449544768219 -15.406608887345286 -15.487497789066568 -13.253923828999985 -12.326023211585172 -14.358770562622261 -16.357849373191435 -15.44041067919683 -14.269468981428133 -16.98723548826057 -14.477684700193112 -12.907596067846093 -14.037322293576171 -12.791932855883031 -14.622880550724613 -15.73121916845431 -14.988631290968865 -15.024033408958022 -17.3630068531294 -14.762159187278323 -14.866702088529902 -14.167086641231945 -13.840774356701127 -13.382146221325767 -13.603034382247182 -16.05892519831496 -12.174430699500068 -13.281615861821406 -13.97621557628947 -11.33568211377383 -17.10193693806674 -13.963283446359481 -12.38238686610791 -14.785548944934817 -13.979228461464603 -13.882506594165912 -14.718984906942824 -16.134414914945488 -16.413778748217343 -14.087426720519112 -15.698806570062697 -15.254492937237025 -14.254081795504653 -12.961233836293419 -13.843830852246372 -14.28936357215372 -14.481194498937517 -13.675957006626719 -13.32679710483158 -13.950491353027584 -14.254662507755116 -11.713730742969956 -13.624423130161826 -14.750194433728193 -17.830739761951516 -13.013372723223146 -12.391479896417657 -14.32275095317835 -13.187023768197669 -14.13694580852529 -14.176308921270403 -16.36837088470781 -16.468045113299894 -13.380046829172692 -11.831178326654749 -14.110220137152941 -11.558272228094946 -15.436117562994012 -14.3233127120921 -14.97161776213083 -14.393520592301435 -14.218465706264647 -14.524583472468375 -14.500229120784203 -14.360651862105517 -14.414444459517215 -15.81355269369952 -15.529288738198986 -12.949770504866668 -13.078900031029272 -14.051953485234483 -12.720457841888706 -11.338967750802622 -14.15719749662732 -14.019534962005611 -15.447499352203348 -16.49736467931621 -15.052623258935538
AnsteyF_ENG18820Anstey_1 -16.452269970285407 -14.648547697246954 -12.571073720140001 -15.286023883224932 -12.506283225748328 -14.646390859665086 -15.89638541921114 -16.3208509520823 -13.775821247769512 -13.617828328164448 -14.144652562625293 -14.391849835604802 -16.56570682960191 -17.819863655289943 -16.925093956594925 -17.483212358061046 -12.949197730299517 -14.861826128956826 -14.93815577348372 -13.885076091785168 -13.549663111464321 -16.722121063545337 -14.640822243253064 -14.80113180591429 -15.100930517987033 -13.117274571535754 -12.939850968836332 -15.946947940228869 -13.572519202758563 -11.66781239450999 -13.075502685279853 -12.143380634864311 -12.648237329682578 -15.603762777725533 -14.813636523502044 -14.572842644396397 -15.260042149428854 -14.314629793564125 -15.114986843038851 -14.860297134256303 -15.504517959458662 -13.905318263763599 -15.834285724325222 -15.180144925572066 -12.171149711632523 -14.143403923512851 -16.755501562414608 -14.215554957304606 -13.099982369658527 -14.325298368760647 -14.350895739445892 -13.503607065575482 -14.927633539538382 -14.477088869513468 -14.536510232147224 -13.347351179340095 -13.583021465952058 -12.631875457300945 -14.890254261463511 -11.350209404260958 -15.68992504843777 -13.54907082483211 -13.239194385517624 -13.911081384711657 -15.723375324779152 -15.371982808294293 -15.25874036017169 -16.203989511919946 -15.088547161871594 -12.88347401796376 -14.022479628304596 -12.123260855593454 -12.037469367349416 -13.666808202622574 -14.351072854332374 -16.112939348504593 -16.477833565085938 -14.104114909334823 -14.313027828123941 -13.678279821172609 -14.483148886956839 -11.657193932669623 -13.289291791959304 -15.827218694909744 -13.002678308046644 -15.379838036516917 -14.037446634058082 -13.59835633722446 -14.164180291776784 -13.981953317436782 -12.799401477832625 -13.95984130582222 -14.173245292454062 -14.147831342731452 -12.80284726216638 -14.22934471150086 -13.265246112611322 -16.652168516783544 -16.249342060776094 -15.752365395642705
ArlenMichael_ENG19201Arlen_1 -17.357555814780135 -10.745394875299557 -15.286023883224932 -12.571073720140001 -11.888073014642035 -14.573918688107208 -14.252804106205538 -13.737690626369485 -11.356789826694342 -15.425255270784506 -13.800511129307651 -14.326292097278369 -14.138796247761867 -13.92405700817168 -13.133022141721556 -16.156402221176698 -14.564388744358578 -12.755294329912113 -13.006419856863117 -14.013753867607528 -15.36126449686994 -14.034509992095169 -14.407470667340913 -14.57582626732279 -15.693298512793774 -14.669975448465282 -14.181419937515056 -13.65203871608336 -13.980499678112627 -13.535535801980732 -12.588795620501568 -14.640228537079587 -13.181516660695802 -15.330131273386915 -15.114190241850592 -15.484953823291615 -15.606996113613432 -11.402766469380007 -16.012317204173304 -15.693549241333283 -14.018407149078206 -16.311569324249824 -12.386023854873478 -13.711395377201045 -15.34087835851662 -13.554649016064152 -14.838799360994358 -14.926901912723517 -13.573268131422907 -13.291504400734762 -12.23558218007684 -15.198683914763372 -12.562585082999677 -14.603047222494746 -12.592628735584782 -17.76536596316306 -16.196745677172643 -14.221964073522479 -14.363754033060044 -14.46179336151548 -13.6919336752352 -14.422052069161778 -12.512330143740721 -17.586331872658178 -14.66081743860758 -13.093267900652014 -12.056960527641191 -17.525439463832488 -17.36252934987051 -14.783305118864462 -15.442030126435837 -14.266064489606977 -11.864602407928343 -11.649234097333823 -13.752550492681495 -15.489300050423532 -15.807389257802297 -15.448792905870837 -18.479030487576953 -12.270138562461094 -15.520600580287788 -13.392406134494951 -15.732759292883681 -16.48533526474574 -14.378188007533586 -16.008676454095447 -14.141956071859154 -14.006776207935799 -11.345538203872811 -12.2811231585051 -14.980172335812274 -13.77355696196614 -13.590640727201206 -14.978546953037695 -17.782467345406275 -14.348656594007677 -12.508928784657012 -15.2316755524281 -14.29516374429369 -15.607352709181862
BaringGouldSabine_ENG18980BaringGould_1 -12.586623593560553 -15.938796533467155 -12.506283225748328 -11.888073014642035 -12.571073720140001 -16.104680638810002 -11.96392190301977 -12.989195738120733 -15.328702301694927 -14.350432597679676 -13.46113453309811 -15.260664134360455 -14.291387263795707 -12.41892988089476 -12.602015725655557 -11.281977088865478 -15.86062200185996 -14.755430485777115 -13.683516659621647 -13.950087084536728 -13.847228654045624 -13.830552664077786 -14.344670615532543 -13.695490291249344 -12.266249521247506 -13.89247894512961 -14.065223934273057 -13.426551042903501 -13.65551588200339 -16.200645750408995 -16.380974315052867 -15.680660991792323 -14.268840146298517 -13.21888427197902 -14.306126322390165 -14.466624658430018 -13.51545727790128 -16.481197708193463 -11.902858560186031 -13.938463028526328 -15.399112211468534 -12.534271818902287 -15.67520804332726 -13.815626570890089 -16.752770062141085 -15.476093562160372 -12.185952815363425 -13.9517910877067 -16.69259261058449 -15.05014265351964 -14.653038380364091 -14.879311401176881 -14.402057307372123 -14.107783188263259 -15.366062141951579 -14.684118281074362 -12.89280776660324 -16.0419102287768 -14.632114771521593 -16.35472662374872 -12.415588368013033 -12.797864433774995 -16.579469529966264 -12.882824528735634 -13.078364392628467 -14.121040763020638 -15.6787178205994 -12.420928997036127 -12.176585265358405 -15.405853972811943 -13.482552084325581 -15.624265157006594 -15.449635096808628 -15.447335611981993 -15.291079911664175 -11.834883249378318 -12.461754716465068 -14.155172194981798 -12.751313667697747 -15.151045063238964 -14.001450592463527 -16.181649300126278 -14.568222984030983 -13.434738445581754 -15.92417382398406 -12.678259829847635 -14.26003169740243 -14.08636881318346 -15.720303136508267 -15.009271851176305 -15.362879140830687 -14.819384749458251 -14.766597242692054 -13.788345398877611 -14.529720676732715 -15.572991639891983 -16.443802910703972 -13.942207802471389 -14.409514030605978 -13.829478849688215
BarryWilliamFrancis_ENG18870Barry_1 -13.926318759503054 -14.052791114967844 -14.646390859665086 -14.573918688107208 -16.104680638810002 -12.571073720140001 -13.139609258052525 -14.686948870250127 -14.343757653147337 -13.973921335666015 -15.264259517644872 -14.049323579854102 -15.452645611672288 -13.458466058988416 -13.916214780015379 -13.13928388222399 -15.601158653481903 -14.971211842095984 -12.587562151979908 -12.939141805267019 -14.445454627580343 -14.154625024879765 -14.66830299760237 -13.422603491356737 -13.696108046325689 -13.813452586437663 -14.118087797824987 -13.99293128445549 -13.384084681802383 -14.923688272318165 -14.963197287924244 -15.067006355391019 -14.859144359168008 -13.903167948705564 -15.90941996656649 -16.105208300897356 -15.271106562371648 -15.734300252954787 -14.527656067102964 -14.870021878917816 -16.305711951721957 -14.463060792622253 -14.063391229339706 -14.86549511509336 -15.288025614017812 -14.3080331524753 -14.158757621048988 -13.306750323381912 -15.534731738845807 -13.720616237153461 -14.332495705757065 -13.64228502842114 -13.64806034212871 -14.588918919801156 -13.86525517565743 -14.809740337274146 -13.504946384122904 -15.153688721796499 -14.584614903150566 -14.350001345588211 -13.220847834529014 -13.470697472833745 -14.775807844670583 -13.490958302133686 -15.086173536193549 -14.996967716161222 -12.997687082175572 -15.142841434900749 -15.570798661516324 -13.82422229540668 -13.065779462362531 -13.883057164285152 -14.034677969039127 -14.254335391973795 -14.515300603644725 -13.98197817612558 -14.550015344313739 -14.303077554161884 -14.16931858809237 -14.240726224658356 -14.471438711586986 -14.111739874965554 -15.111642301068235 -15.723202499956777 -14.492626503135828 -15.21671078643048 -13.328019492245188 -13.619866859988498 -14.841153604236572 -14.12184025621977 -13.07527831680294 -14.542494966214171 -14.742892830165653 -15.125038130356632 -14.680431177848803 -14.669538818839632 -14.595721079585415 -14.943132469723013 -14.858624116885311 -13.265350199986436
BellocLowndesMarie_ENG19121Belloc_1 -14.173039286994747 -14.134124170306665 -15.89638541921114 -14.252804106205538 -11.96392190301977 -13.139609258052525 -12.571073720140001 -16.178512725007234 -15.083746682440013 -12.54652945186052 -15.17958773896433 -12.791961006116518 -13.908697758551627 -14.453539278112062 -16.22273483621791 -14.816566319580135 -12.930565068969306 -14.804948553214249 -16.174774580757216 -14.74104088329323 -13.51256434444735 -14.318135425237354 -12.182371582578199 -15.15142101056228 -16.162747943510855 -13.495968998691138 -14.136709070094863 -15.023875850055315 -15.07998495426763 -14.207208736855424 -13.700543132262146 -13.9566202457163 -16.191993402322407 -14.87960510202929 -13.40384182265443 -13.332879959772095 -14.839148084110414 -16.66578924531055 -14.887153256372885 -14.430316974258842 -14.124253637070014 -15.846608808372867 -15.238843489728614 -16.269447374394026 -11.618896077466148 -14.66377834508114 -15.821560352640116 -13.8758563410935 -11.692752304356926 -14.425029888034674 -16.6241263731903 -13.165880750458665 -16.45235710889325 -15.828492662500015 -14.825486725704685 -11.289103002437857 -16.79009491866553 -13.112076230636088 -11.62306144615544 -11.935223047382419 -16.38413688705767 -15.403201726449486 -13.959234272865256 -12.486599825850105 -15.317208578517706 -15.40324159677232 -16.017287845226676 -13.624825912519498 -15.172184797079357 -11.909949134193136 -12.603607756481033 -10.518844651395192 -14.472125318532257 -14.24182707592114 -13.66954310730112 -15.164481773504043 -15.281034197103194 -13.588814942693972 -13.653301575671122 -15.360860489049378 -14.90006930765432 -14.408951316624515 -14.463500924929166 -15.52773848682248 -15.915416623843543 -14.302815258150307 -15.306672141801725 -14.292908579655368 -15.10874825935512 -15.004246147079195 -12.902862277891014 -13.719171512634986 -14.30155422867044 -14.280324664357936 -12.009827029765122 -14.566584787448807 -13.399771303586569 -15.785206852313358 -16.2468872408937 -15.63567539100422
BensonEdwardFrederic_ENG18930Benson_1 -15.317077079826833 -14.641730939991042 -16.3208509520823 -13.737690626369485 -12.989195738120733 -14.686948870250127 -16.178512725007234 -12.571073720140001 -13.12784837455458 -13.133112642584095 -13.652421994822085 -12.844700519261417 -17.742798130896347 -15.351950723857302 -14.29449121404337 -16.120244159794808 -14.274615623578132 -14.456384181671634 -15.051825075813701 -13.482147007852229 -14.70123229894825 -17.967188231812703 -13.638383342103495 -14.133863660297088 -14.075267321892492 -12.693422662734614 -12.479031868027308 -15.330106532112515 -14.166081553439653 -11.972435586951425 -13.264505964757799 -14.583176279160424 -11.128694259957642 -15.229674654457233 -14.474720501706322 -13.925157467211124 -15.784028124350934 -16.471029874457656 -16.97619948628662 -14.979051024103303 -16.03178099070018 -16.7156145113826 -15.805298448905642 -17.7537321737114 -10.636857700383414 -13.569923905618099 -18.244443537168074 -14.06218234109943 -10.630553694770212 -16.43678242546669 -14.916169716760002 -12.038511463087273 -16.513205536453977 -14.886904989766572 -13.94551177041189 -12.415489783777144 -14.725493608242044 -12.190839300910033 -15.462271429651297 -9.698850758915473 -14.984496077332645 -12.753477642200108 -14.93099079754197 -14.888963459888592 -16.806360561751994 -16.028547602768874 -15.7397425497082 -15.466024550393414 -15.634666166890774 -10.631586413585485 -14.546168476783194 -10.859934754348084 -12.067418881373394 -14.226463091649485 -12.978622777040998 -16.013000161079127 -17.431551647535144 -11.731239325772595 -12.568526334793109 -11.576457252529217 -14.883119121690891 -11.448650818537839 -13.695358907720296 -17.147076747217046 -15.446416316937666 -13.957266579517027 -11.912797641816798 -11.549529987596749 -15.030449170250641 -13.484685436214985 -11.130961221913614 -13.201989759367928 -13.128130726733326 -14.402683016363927 -14.016248456239094 -14.439897726075369 -13.2884329469574 -17.82264732688833 -18.029059554981753 -17.768094023668382
BensonStella_ENG19190Benson_1 -12.391916133681647 -16.34925182889252 -13.775821247769512 -11.356789826694342 -15.328702301694927 -14.343757653147337 -15.083746682440013 -13.12784837455458 -12.571073720140001 -13.719764869093803 -14.636995447259553 -15.60128997027127 -13.000434834666011 -14.396261597042447 -14.846170566614326 -13.807105710481988 -14.689026217737847 -15.573351489247466 -14.689523181098837 -16.631975810272625 -13.886157283890801 -12.79006564373485 -13.65808255733482 -15.887285135193896 -13.244780436460292 -13.690177978587432 -13.935100094685831 -13.57833011959419 -14.246714974243616 -16.47341293525139 -16.5323246608966 -15.075130001663632 -15.627307286504514 -13.91194931390287 -13.285611119638315 -14.685763836626377 -14.743989064015894 -14.330756848056378 -12.327423397725964 -13.388807600528166 -13.62196070649063 -12.701477834678682 -14.64091021562265 -14.527728365127624 -14.925908924748947 -14.574205765070037 -13.255035450608275 -14.338540481727938 -16.285939292031355 -14.205764870450256 -14.10332348034268 -13.778737096790186 -14.89636568846755 -13.755185325710956 -15.242641554202628 -13.25783320634751 -15.160148014294217 -15.226756917635782 -13.880765107111891 -16.29874832365945 -15.807419811627923 -15.397062897993075 -15.822388007099091 -11.63241539003826 -13.5329671151109 -13.591285787261643 -15.842516698369085 -12.781811810205458 -13.013088185234945 -15.5111367530424 -13.829970086205284 -15.125464390630848 -17.25957504018555 -15.384637880971503 -15.771589273697643 -12.397684791815239 -14.169161820327984 -14.386736360171396 -12.88851795377934 -15.964486359665637 -12.73921219263627 -15.974060743069332 -14.43775347077567 -11.696417426706576 -14.510407623897219 -13.131225559956487 -14.999200451584969 -15.08677930836604 -14.286521472818617 -13.635257397661961 -16.089398678740658 -15.893611448486515 -15.706427545979794 -14.409847276166003 -13.740213213318638 -13.9982138975577 -16.57016417060578 -12.593452464089507 -12.69854306756284 -13.73908045111234
BlackmoreRichardDoddridge_ENG18640Blackmore_1 -16.52274170355426 -13.324787460099719 -13.617828328164448 -15.425255270784506 -14.350432597679676 -13.973921335666015 -12.54652945186052 -13.133112642584095 -13.719764869093803 -12.571073720140001 -12.814247455694392 -15.075110931769208 -15.622321407877664 -14.331515772783963 -13.238363454583707 -13.890815858022572 -14.72081036610865 -13.348176578778727 -13.818868993560299 -13.333612960325718 -13.628905618715482 -13.829868297993709 -14.36750424779825 -13.525120302942522 -16.04274546591761 -13.906924112279066 -15.720155667279183 -15.192700514242947 -15.028320713873603 -13.466079935868484 -12.785015524047248 -14.396177905585134 -14.48865694267506 -13.916350628964004 -14.164846658439052 -13.083125190339175 -12.470930027754346 -13.183401009658763 -13.539841538644763 -16.020479307196283 -13.447205562469005 -15.162241651063145 -14.84578309052855 -13.218187865305685 -14.31863990135386 -14.485588657367122 -14.315982239706988 -13.793044670170943 -14.523639082940644 -13.60553347961649 -14.739755607170048 -16.8846021211496 -14.15771576901264 -13.585809260453132 -14.06507153768964 -15.971655197331728 -13.65472948318409 -13.798876583343018 -14.799417530178701 -15.378529544680072 -14.316918711392683 -14.681209303856946 -12.756604710510064 -17.34903217183798 -13.19264354212213 -13.941571360866721 -12.909683193055768 -14.347947128024066 -14.391072476369546 -14.99976163132667 -15.587223527873057 -15.964304089552387 -14.181287730534144 -14.605741133494107 -13.584724659407238 -14.511596782479465 -14.429043939042595 -15.79165089459626 -15.028031900143011 -15.38354213023433 -14.581436491261789 -14.209052269969877 -14.281090287606675 -13.828678904566711 -13.655619788670442 -15.130783987215072 -16.018455745406328 -14.861202354138209 -15.374033044040583 -15.358963096046848 -15.407286971193972 -13.53238974359142 -13.169946209259324 -12.791199797817127 -15.156420135189705 -13.605825824659613 -14.737428279631496 -13.739976830148333 -14.138256562743289 -12.820920223791259
BraddonMaryElizabeth_ENG18621Braddon_1 -13.571738349102867 -14.108044469923266 -14.144652562625293 -13.800511129307651 -13.46113453309811 -15.264259517644872 -15.17958773896433 -13.652421994822085 -14.636995447259553 -12.814247455694392 -12.571073720140001 -13.19918331152075 -13.070102597241947 -14.258268489208913 -14.224537668051141 -14.848447854491988 -15.024914708291082 -15.325500233279245 -13.07982931194885 -15.849181601560138 -14.858529801261916 -13.620996464514239 -14.907964988667674 -14.36690392071338 -13.193045857003751 -13.763800346101137 -14.085657310526814 -13.676864049011538 -13.731012848419809 -16.214643594093864 -16.025589489127487 -14.717877966039534 -14.907262761670138 -16.016139172710574 -15.649824545666087 -16.795315005371886 -16.106004973013402 -13.08819813501886 -14.09472992592248 -13.275402439673549 -14.075367693168081 -13.452961370866078 -13.004414937247976 -14.723470745909534 -14.409797820334239 -14.674661368326056 -13.375742985251142 -16.09922491984387 -15.861141241278327 -13.554181544308996 -13.029883666442233 -13.15234187050068 -12.956095743956249 -14.521681265526233 -13.880185570633303 -14.21273335848551 -15.12046126638191 -15.13790462887202 -12.653282342648088 -15.62034065126291 -13.043575090679019 -14.497843636162065 -15.221435411950962 -12.744737752764363 -14.39793946943365 -13.218747640113484 -13.710037338849128 -15.037502267035004 -15.930068785660737 -15.702151199735503 -14.107865602563606 -14.372979473336263 -14.70393046354319 -14.556717497127922 -15.75774153095206 -14.360896847681014 -13.106035874530468 -14.751205671134466 -16.345215707896074 -14.497884696193033 -15.809921946807616 -15.656840561522726 -16.066927171350454 -14.864142520825695 -14.23767187338042 -15.409876672698623 -13.638335829999333 -14.849633686557999 -13.64704278861506 -13.817916553967768 -13.431575993635896 -14.152119953080419 -14.910697008080845 -16.10117694560827 -12.879174899290465 -13.898399229224234 -13.678560382855176 -14.23386690423032 -13.507176424548788 -15.367906570296888
BronteCharlotte_ENG18570Bronte_1 -13.366901908736226 -14.163160569504553 -14.391849835604802 -14.326292097278369 -15.260664134360455 -14.049323579854102 -12.791961006116518 -12.844700519261417 -15.60128997027127 -15.075110931769208 -13.19918331152075 -12.571073720140001 -14.283291905292685 -13.362242095391448 -14.462483258383315 -12.949513412363423 -13.798478897025968 -14.616683628216045 -13.897168456263072 -14.819209611681552 -13.31111575716216 -12.424696069041582 -14.677455982141185 -15.386331956990535 -15.223819928870174 -14.526003169744326 -14.717588108530522 -13.29849098869435 -15.05857031728428 -15.245283320807953 -14.870898062530275 -14.464927740572577 -16.312028420267293 -13.6225106290625 -13.01747659910046 -13.196036809184664 -12.585804238056946 -13.636900122705338 -12.742781200071544 -14.857420386364133 -13.2844686366176 -13.050537380636761 -15.387383851663563 -13.274387993291711 -15.579882155913385 -13.040187514517958 -12.409159798540733 -13.282542934485162 -16.766567562444116 -14.433579838528876 -15.507802438726328 -16.84582188530494 -16.4269768097635 -14.691295734452437 -16.828827854007457 -15.414392721973341 -13.74215333491416 -15.239376401851485 -14.677075281273911 -16.651627392296426 -15.704033626392416 -15.13906390770204 -13.071698493542641 -13.31094731968024 -12.218214794067848 -14.3895396856997 -13.83256956317325 -13.37771741250034 -11.60154325096339 -15.854982734006965 -14.459812461286633 -16.52599029526707 -15.51863267081231 -15.106847702755424 -13.811312755929945 -12.23511597753244 -13.844549643875649 -14.464178918966525 -14.259676131044193 -15.78372283023762 -11.432584468595067 -14.811893988717687 -13.707351032997398 -11.314182297987541 -12.392462273074687 -13.031325533791936 -16.41879176243505 -14.689063139975698 -14.932103897635024 -15.56032166980912 -15.673360106521507 -16.30551372328275 -15.881995011408007 -13.552822660837842 -15.394651227653373 -14.875001840853754 -15.93182114914111 -12.616127921796824 -12.52778327612918 -12.051649281856761
BronteEmily_ENG18471Bronte_1 -15.463734714753514 -14.87449544768219 -16.56570682960191 -14.138796247761867 -14.291387263795707 -15.452645611672288 -13.908697758551627 -17.742798130896347 -13.000434834666011 -15.622321407877664 -13.070102597241947 -14.283291905292685 -12.571073720140001 -15.06319737012198 -14.651976905775973 -13.891765648688846 -14.200758157660795 -12.806574606730203 -14.699682234771485 -11.362885874244622 -13.978268879890157 -17.571795142870645 -15.060197874017284 -13.208739365734475 -14.471313301215002 -12.60762593733907 -14.128798100295208 -16.66584112168969 -13.802136665401171 -10.650659110872585 -12.384868964081546 -14.240260305743865 -12.07034520665561 -15.014721375649993 -14.761910961629194 -12.661316134239962 -13.560267004101645 -16.63660018266567 -16.137346807719222 -16.395774882352832 -16.170875456158523 -16.58522862018464 -17.98684603681521 -17.022392268358796 -10.650387941400723 -12.697466840206541 -17.840110506920922 -12.867877126806437 -12.199059706957996 -16.44610502405916 -16.1350464771243 -13.61792258437562 -15.607743702317038 -13.719795940252617 -12.657287600386393 -13.304698089880336 -12.182722298436106 -11.674160967772604 -16.779638533597115 -10.46945827367196 -14.915078613121024 -12.137576830720175 -14.092145965783054 -16.03916965319962 -15.934048987986726 -17.276040785924163 -14.276780995359204 -15.788073757938259 -15.423810835119902 -11.993016053274129 -14.796711127908711 -12.200990685035462 -11.190151301068171 -15.479977609885943 -12.901083186547321 -16.89524928802346 -17.078362468075177 -11.816572150654515 -11.139807859680138 -14.104158114019192 -14.012768926615557 -11.308756299929575 -14.236509000882979 -17.438191105594512 -14.036431187470571 -14.892478462553166 -13.891593946904193 -10.924103191563473 -15.713750426858223 -14.8045468372061 -12.110364204797675 -12.638126441828366 -12.075284085845801 -12.866632048633294 -13.812348506730093 -14.891488906849668 -12.779273451262558 -17.565617774669224 -18.087233707423472 -15.372181030398101
BroughtonRhoda_ENG18830Broughton_1 -14.266737328662538 -15.406608887345286 -17.819863655289943 -13.92405700817168 -12.41892988089476 -13.458466058988416 -14.453539278112062 -15.351950723857302 -14.396261597042447 -14.331515772783963 -14.258268489208913 -13.362242095391448 -15.06319737012198 -12.571073720140001 -16.19854530203861 -15.264693522891378 -12.971385371151166 -14.204953060716239 -14.761807874868587 -13.995287474290704 -14.256809979736651 -14.810993150203656 -14.99036485509514 -14.611149544458176 -15.513021582963303 -13.945119025750547 -13.648894519418642 -15.799279383657819 -13.480209238540834 -12.254576321626214 -12.716172167493545 -11.543944227823118 -14.960578219698494 -14.769735606934454 -14.931354263083188 -13.801675982425165 -13.932382881878764 -14.779031243449658 -14.562230905815976 -14.778160198504967 -15.512628000599504 -12.458428747388423 -16.575727243571272 -13.35512986577899 -13.513285031012575 -15.515650221132633 -16.08789923457442 -15.324540040725134 -13.504268093795696 -15.316248971762482 -15.045341118337038 -12.837669172122979 -15.912212568783795 -14.217599718332105 -15.059727577191214 -13.325798852569498 -14.439681331644593 -12.41831646469037 -14.868089151250606 -12.992858882039199 -15.920002126469697 -13.072266732563497 -12.468262167132526 -12.778046275120097 -16.029308683261405 -16.358312012542264 -15.662145877928861 -14.314620081533615 -14.069624763101046 -14.564035908082847 -12.870977842746482 -13.458780554271016 -13.424355337954488 -12.932159238562578 -14.255228288853209 -15.331247729002095 -15.350835867843813 -13.63088957234121 -14.041670819074731 -15.691509050348477 -13.7309707221192 -11.917675365832975 -14.308957341323952 -15.99653371250636 -13.831825866409403 -15.304431679187559 -14.468330703994631 -14.691963360631982 -16.27186229309595 -15.779131721772254 -14.082170836964977 -14.15214432914266 -14.678560404932108 -14.52236336517326 -13.09337651390931 -14.325289019476257 -13.418157829145338 -15.328765661007196 -14.775245405150855 -13.814377640898877
BroughtonRhoda_ENG18871Broughton_1 -14.130632587167103 -15.487497789066568 -16.925093956594925 -13.133022141721556 -12.602015725655557 -13.916214780015379 -16.22273483621791 -14.29449121404337 -14.846170566614326 -13.238363454583707 -14.224537668051141 -14.462483258383315 -14.651976905775973 -16.19854530203861 -12.571073720140001 -15.633867548938053 -11.11446757782667 -15.065550602025972 -15.315343543906154 -14.349654693445116 -13.641128437539265 -14.821693168683028 -13.85647796029358 -15.170120239483603 -16.39128912704337 -14.14408195661554 -14.530722106382264 -15.722808916610834 -14.37799992688102 -12.22835438474619 -12.229630031013421 -11.66422957996543 -16.472315749630543 -14.530154159274222 -14.618431295693167 -13.469697418644296 -13.293927559253243 -14.351317215412264 -13.24944084325975 -14.222298105229479 -13.895102496104423 -11.66965082272125 -17.811167555169533 -13.16480595485863 -13.981006609505247 -14.479336600573493 -14.274043301261155 -13.395825743096632 -14.517136732520038 -14.557404331367373 -16.873557374219594 -14.754445226374836 -17.499761710086744 -15.155466909792937 -15.670215193404074 -13.302523718718517 -13.750271816431566 -12.226837311293192 -14.349380552713027 -13.739129840336954 -16.52246451627168 -14.296240540219632 -12.244719444781923 -11.638299779199379 -15.075585710613709 -16.36885276086901 -15.896911082964666 -12.712539223714275 -13.042842908902221 -15.328421740985014 -14.545656488564326 -14.4121793338673 -14.45627420589568 -14.3059797845981 -13.519397716075863 -13.383734049990064 -14.255718899690764 -14.127338683722995 -12.24391577877046 -17.969237876822675 -13.26259652176484 -13.389064171433926 -13.088148351214533 -13.36076197232546 -13.009409131921116 -14.36634302291197 -16.557423204286565 -15.174354516431517 -16.51384176882253 -16.229244919719317 -13.90263430301959 -14.506561869056986 -15.652571575982568 -13.688344232111982 -11.309396718572785 -14.805669022021982 -13.36717856813698 -15.431123611648381 -15.522560212417059 -13.880105260006996
BroughtonRhoda_ENG18901Broughton_1 -14.782035870810514 -13.253923828999985 -17.483212358061046 -16.156402221176698 -11.281977088865478 -13.13928388222399 -14.816566319580135 -16.120244159794808 -13.807105710481988 -13.890815858022572 -14.848447854491988 -12.949513412363423 -13.891765648688846 -15.264693522891378 -15.633867548938053 -12.571073720140001 -13.616762405097061 -14.376052116727358 -14.386654153107012 -14.317428566753593 -15.12199162940683 -14.253271876208801 -15.778116196713393 -15.642111584167363 -14.80338772827696 -14.473404618892353 -13.47552430325413 -15.108618404605222 -13.413438618772863 -12.7300567959955 -11.6335720999577 -11.66035572902396 -14.95826772812395 -15.317034906001673 -15.80796948918298 -14.73928893398003 -15.018288980965186 -14.098078915346557 -15.89202810591388 -13.913742705837317 -15.511217446145807 -13.728221942973374 -13.944980598639471 -13.976412088527837 -14.379878611019715 -15.514387956710546 -16.027738652815003 -16.703664277879568 -13.124307112615202 -14.921006958999468 -13.64211936281149 -12.67433548185868 -14.567167536703707 -13.866221460823708 -14.30542419218595 -13.8734808496626 -14.832518116993905 -12.789519733970868 -14.231093371797417 -13.926526297248145 -15.826373330741445 -12.972425054359926 -11.948807724615241 -13.1410055586575 -16.21778257806195 -15.540648077226631 -14.312825362590155 -15.1855287256031 -15.596123423419881 -14.688779571829121 -13.060756487018214 -13.24482338399418 -12.712833317283556 -12.041892078154 -13.89570218271014 -15.724887849238812 -15.408544032358552 -13.458964924420584 -15.380809035482013 -14.9909689362112 -14.957556984325102 -12.138295293357043 -14.05286635806316 -16.522195244565747 -13.946583133373048 -15.814311115428463 -13.645066805154148 -14.996072206128348 -14.746283195453591 -15.086863505145667 -14.549354172335528 -14.419498450887453 -14.905530161826702 -15.685696761902152 -13.437425354145184 -14.34426826616711 -13.263788529750478 -15.354838205044501 -14.579428253077184 -14.371422471672522
BuchanJohn_ENG19150Buchan_1 -12.636779865379522 -12.326023211585172 -12.949197730299517 -14.564388744358578 -15.86062200185996 -15.601158653481903 -12.930565068969306 -14.274615623578132 -14.689026217737847 -14.72081036610865 -15.024914708291082 -13.798478897025968 -14.200758157660795 -12.971385371151166 -11.11446757782667 -13.616762405097061 -12.571073720140001 -13.005831443975156 -12.971788003133748 -15.479245689878702 -15.16915348852639 -13.409310070591388 -15.36331721211914 -15.532222401829804 -11.789299886733641 -15.588964906128481 -12.753001358529009 -11.674172157737882 -12.512214633829187 -14.6485740190099 -15.303610076308145 -15.166046715864482 -13.41300554632772 -15.915125829587486 -14.875208896048283 -15.74682722447172 -15.296831230961104 -13.529656364823085 -15.013494739183619 -13.836946538862087 -14.759372124056982 -15.576263691851148 -12.523153250227834 -14.791830431339644 -16.008386906077455 -14.2744180894098 -15.580375981789318 -16.50527645385004 -14.411908767454785 -14.727048064252797 -11.087372778680917 -13.121697171983357 -13.07113510880838 -12.36971707083383 -13.60966207930496 -15.818534293638079 -14.722955080467113 -14.951399706470157 -15.502605404085267 -15.987186308095062 -12.087071017737333 -12.319893875897963 -16.882595461744597 -17.08343381000305 -14.52647774766871 -14.904959850702978 -13.403019625139413 -15.56050463997679 -14.963683231042717 -14.996996120209499 -16.7006794876252 -15.61177787047977 -14.702447269469136 -14.19803628121958 -14.212963830600103 -16.246607989111354 -15.643035934878966 -12.219592000874913 -15.091677479329727 -12.858573413954513 -14.913638886205003 -14.249169874427455 -14.197728597227615 -15.063943540706223 -13.89922935477832 -12.661899682747215 -11.096590232460379 -13.813679936790795 -13.241234016695811 -12.148322505178609 -15.241890689349077 -15.73701151791395 -14.502850869169352 -17.84944160097233 -16.238709160894334 -13.641385884722599 -17.161530104508707 -12.632108997574141 -11.923020739332275 -14.110123354704148
CairdMona_ENG18941Caird_1 -13.825412012481575 -14.358770562622261 -14.861826128956826 -12.755294329912113 -14.755430485777115 -14.971211842095984 -14.804948553214249 -14.456384181671634 -15.573351489247466 -13.348176578778727 -15.325500233279245 -14.616683628216045 -12.806574606730203 -14.204953060716239 -15.065550602025972 -14.376052116727358 -13.005831443975156 -12.571073720140001 -14.14679085890183 -15.438635506655762 -14.042324119214996 -13.146394505295898 -13.212789889405874 -14.869533222362639 -14.20893589076431 -12.591974951742204 -13.942389241790304 -13.8373261283364 -14.189709489975902 -16.23480776892922 -15.139142906411404 -15.175906886575994 -15.280121474942959 -13.403767334585755 -15.453228318702262 -16.297490761231835 -15.425850199780164 -14.817077787020027 -13.962125663211818 -14.267872883611096 -15.522475079204552 -12.915344904408737 -14.091638572489993 -14.42554260945423 -15.243022335278393 -14.535227135313386 -13.38416690776568 -14.664655823793629 -16.729112409060388 -12.557744470677719 -14.763249808601678 -13.95576923969289 -15.423204863598524 -14.878442570561962 -16.163556015517628 -14.319471126660241 -13.771899305806961 -15.173263162735605 -12.985012863703716 -15.911711392809012 -14.48487100038272 -14.404546054113235 -14.001894658622005 -10.409833759908794 -14.34591914496106 -13.815975114894274 -14.9858465755884 -13.086300792671425 -14.64365291925477 -14.528243122418312 -12.892859848761935 -14.131215646572832 -14.827165841778106 -13.709975451197263 -15.302883351268203 -12.610705340898226 -14.162217807551114 -15.808103901822253 -14.480968721141455 -15.274966024471896 -13.174292575325385 -14.632849435427913 -14.983752416050805 -13.597257888825192 -15.358579768858545 -14.136902308948027 -15.261010100503544 -14.466095592088964 -14.083047517501946 -14.512893757576704 -14.421379767084687 -14.072329940347489 -15.91354299425638 -14.322628103289471 -13.811181819746885 -14.285055085270871 -14.188753022099933 -14.759823009471088 -14.686488201545123 -14.214682474604546
