 AguilarGrace_ENG18470Aguilar_1 AinsworthWilliamHarrison_ENG18500Ainsworth_1 AnsteyF_ENG18820Anstey_1 ArlenMichael_ENG19201Arlen_1 BaringGouldSabine_ENG18980BaringGould_1 BarryWilliamFrancis_ENG18870Barry_1 BellocLowndesMarie_ENG19121Belloc_1 BensonEdwardFrederic_ENG18930Benson_1 BensonStella_ENG19190Benson_1 BlackmoreRichardDoddridge_ENG18640Blackmore_1 BraddonMaryElizabeth_ENG18621Braddon_1 BronteCharlotte_ENG18570Bronte_1 BronteEmily_ENG18471Bronte_1 BroughtonRhoda_ENG18830Broughton_1 BroughtonRhoda_ENG18871Broughton_1 BroughtonRhoda_ENG18901Broughton_1 BuchanJohn_ENG19150Buchan_1 CairdMona_ENG18941Caird_1 CarrollLewis_ENG18652Carroll_1 ChestertonGilbertKeith_ENG19080Chesterton_1 CholmondeleyMary_ENG18973Cholmondeley_1 CliveCarolineWigley_ENG18600Clive_1 CollinsWilkie_ENG18760Collins_1 ConradJoseph_ENG19170Conrad_1 CraikDinahMarie_ENG18630Craik_1 CrossVictoria_ENG18950Cross_1 DickensCharles_ENG18481Dickens_1 DickensCharles_ENG18530Dickens_1 DickensCharles_ENG18540Dickens_1 DisraeliBenjamin_ENG18440Disraeli_1 DisraeliBenjamin_ENG18450Disraeli_1 DisraeliBenjamin_ENG18800Disraeli_1 DixonEllaHepworth_ENG18940Dixon_1 DoyleArthurConan_ENG18900Doyle_1 EliotGeorge_ENG18610Eliot_1 EliotGeorge_ENG18660Eliot_1 EliotGeorge_ENG18721Eliot_1 ForsterEdwardMorgan_ENG19100Forster_1 FowlerEllenThorneycroft_ENG19004Fowler_1 GaskellElizabethCleghorn_ENG18482Gaskell_1 GissingGeorge_ENG18911Gissing_1 GlynElinor_ENG19001Glyn_1 GriffithsMajorArthurGeorgeFrederick_ENG18961Griffiths_1 GrossmithGeorge_ENG18920Grossmith_1 HamiltonCicely_ENG19191Hamilton_1 HardyThomas_ENG18860Hardy_1 HarradenBeatrice_ENG18931Harraden_1 HornungErnestWilliam_ENG19111Hornung_1 JenkinsJohnEdward_ENG18702Jenkins_1 JeromeJeromeK_ENG19011Jerome_1 KavanaghJulia_ENG18552Kavanagh_1 KingsleyCharles_ENG18510Kingsley_1 LawrenceDavidHerbert_ENG19200Lawrence_1 LeeVernon_ENG18840Lee_1 LewisPercyWyndham_ENG19180Lewis_1 LintonElizabethLynn_ENG18720Lynn_1 LyallEdna_ENG18872Lyall_1 LyttonEdwardBulwer_ENG18741Bulwer_1 MacDonaldGeorge_ENG18953Macdonald_1 MachenArthur_ENG19070Machen_1 MaletLucas_ENG18960Malet_1 MallockWilliamHurrell_ENG18770Mallock_1 MasonAlfredEdwardWoodley_ENG19010Mason_1 MorrisWilliam_ENG18972Morris_1 NesbitEdith_ENG18890Nesbit_1 NesbitEdith_ENG19020Nesbit_1 NesbitEdith_ENG19060Nesbit_1 OliphantLaurence_ENG18700Oliphant_1 OliphantMargaret_ENG18661Oliphant_1 Ouida_ENG18670Ouida_1 Ouida_ENG18740Ouida_1 Ouida_ENG18831Ouida_1 PhillpottsEden_ENG18970Phillpots_1 ReadeCharles_ENG18632Reade_1 ReynoldsGeorgeWilliamMcArthur_ENG18460Reynolds_1 SharpEvelyn_ENG18954Sharp_1 SilberradUnaLucy_ENG19071Silberrad_1 SinclairCatherine_ENG18410Sinclair_1 SkeneFelicia_ENG18490Skene_1 SteelFloraAnnie_ENG19005Steel_1 StrettonHesba_ENG18641Stretton_1 ThackerayWilliamMakepeace_ENG18480Thackeray_1 TrollopeAnthony_ENG18551Trollope_1 TrollopeAnthony_ENG18650Trollope_1 TrollopeAnthony_ENG18742Trollope_1 TrollopeFrancesMilton_ENG18400Trollope_1 TupperMartinFarquhar_ENG18411Tupper_1 WardHumphryMrs_ENG18880Ward_1 WardHumphryMrs_ENG18951Ward_1 WardHumphryMrs_ENG19091Ward_1 WellsHerbertGeorge_ENG18952Wells_1 WellsHerbertGeorge_ENG19090Wells_1 WellsHerbertGeorge_ENG19120Wells_1 WestRebecca_ENG19181West_1 WhiteWilliamHale_ENG18850Rutherford_1 WoolfVirginia_ENG19192Woolf_1 YeatsWilliamButler_ENG18910Yeats_1 YongeCharlotteMary_ENG18531Yonge_1 YongeCharlotteMary_ENG18560Yonge_1 YongeCharlotteMary_ENG18651Yonge_1
AguilarGrace_ENG18470Aguilar_1 0.0 1.2581118585186908 1.0136797896070018 0.8589933012067573 1.2216605086145318 0.954524568365896 0.9954473300046609 1.114004111027721 1.400928141357133 0.784870260531729 1.12123912664195 0.9936152590011337 0.8929680554489935 0.937006963944524 1.130300330552482 0.8477002321035232 1.6165812919638836 0.9361596806160367 1.1752558162434839 1.5238427829923649 0.8818146425053224 0.8268116054346905 1.1742261657175412 1.370169804878678 0.6270757397005061 1.333368374201895 0.8917100377767675 0.9438848092009258 0.9686348956442281 0.9226424124626643 1.0747312139407208 0.8124679653114631 1.3544186571032004 1.3321486916940521 1.011522765194987 0.9798093902494235 0.8598915295720015 1.102275215411735 0.7682735200684981 0.7007635625830416 0.9574073768384427 0.9543862050109112 1.106881488248609 1.014489063568847 1.2808427410013616 1.0908941222327966 0.8990346744990182 1.1585876624239202 1.0715037183742901 1.418711607732712 0.8714033225088953 0.9649609767211462 1.43855244048602 0.8606234662883939 1.349019900606571 0.8985734479588251 0.9158180242076034 0.8972892224375227 1.210839745998763 1.2717702246175056 1.0571345989667738 0.8783462156577434 1.4233843838683795 0.8879474340212801 1.001686649869873 1.3251106650954285 1.459944567381703 0.8033507351155783 0.6531151521681671 1.1386147840688143 1.0226302755930032 1.236997674880943 1.1910344899739824 1.1257485052264156 0.9231101978306716 1.0472260634894102 0.931099229417213 0.5425048440851464 0.568598291969136 1.359849219134367 1.0001465172987944 1.0363948370615428 0.6828992522271612 0.7640136194153756 1.0358926860007422 0.608363797006494 0.6833652317711302 1.1569840105015474 1.3605308333023498 1.132333423646676 1.3949578452781908 1.5489540063905434 1.3355991985212081 1.4489975980463954 0.8566699607687074 1.0316419686250446 1.3463816138931877 0.5879880696556825 0.6667166484377781 0.6275042838760725
AinsworthWilliamHarrison_ENG18500Ainsworth_1 1.2581118585186908 0.0 1.0244985946379739 1.7232596655014065 0.5652868745852495 1.0831298181924307 1.139069526505134 1.4259567454520925 0.9488108058064713 1.0786377960555653 0.8662333829116027 0.7872398032352724 0.7903318936879605 0.8264531492255367 0.8245789132187072 1.0359920330355223 1.1095731773672803 1.1049597613704463 0.7298542052224173 0.7310892651530312 1.0736517304383741 0.8259704535331672 0.806898303743061 1.0502329707064217 1.2921928528067446 1.1128684052536555 0.9600501835533742 0.8475738605311682 0.7782180579254336 0.8174772650292055 0.5805505977300749 0.9777677420246395 1.0566403983885506 0.8444406031416484 1.1911997187334042 1.222876979638075 1.3229329357285462 1.0653973130000662 1.698853684482673 1.1571688528470574 1.2082752289113017 1.662974607472506 0.7226080862528343 1.0711883746067694 1.1244904134751574 0.9250076239517718 1.321811122036945 1.1841065794658858 0.7869603340821484 0.8037242009550556 0.8944680248723395 0.8699912450749875 0.8404036640776664 0.9869790775399261 0.9543970887399374 1.338537486183448 1.165743674517332 0.8007219044122498 0.8428486981336231 1.078137488868913 0.9328953692513315 0.9870188373282736 0.7028529648033497 1.0923916134725544 1.2947234329920845 1.1513262485683151 0.5995617168167762 1.2052761189480905 1.455663565992928 0.9732112569251957 1.288109707230924 0.9720766834664584 0.8582376284424422 0.7240510346225518 0.46992153088263355 1.415251093543287 1.7222333622528228 0.8446933005052409 1.2313854492496537 0.9698106357746532 0.9892644176445526 0.8150708242870403 1.0956018456374514 1.3772374089789867 0.9863229671146312 0.921955429443555 0.9699894173958593 0.9811729222532422 0.93943720585202 1.0065537588396698 0.9940527231318157 1.2201832156547534 1.3008217730293343 1.3400622357407415 1.455630070878746 0.9924200117093455 1.0148679088102706 1.1922397887822864 1.0740685833055539 1.0775923724703445
AnsteyF_ENG18820Anstey_1 1.0136797896070018 1.0244985946379739 0.0 0.9527017626433901 1.4573562268270397 1.1709785194450055 0.9880570238268366 0.5936852476371212 1.0285299265000016 1.0295670406254787 1.0663139328721867 1.2319137308148858 0.7505345098489208 0.8764786542802954 0.8020623954756859 0.8711835986139544 1.0075600175687243 1.0168424072277338 0.9562815704721586 1.1061189497930393 1.2201540634492953 0.9275967850688224 1.1154676476907102 0.9496044780502991 0.9733546123533386 1.1760237800527964 1.0715421695453995 0.7960314905024888 1.1086491920328734 1.3635469992212415 1.31376810770492 1.3084545324499657 1.0690939790909884 0.9259078404011076 0.7691802797087107 0.9469415534603364 0.8983770884676442 0.8340048013817103 0.7809472797546021 0.951292348481133 0.6741837112683282 0.9236031845463203 0.7984933441296299 0.8556430565086626 1.2553527527968709 1.0264293866843555 0.7765387684692292 0.6854758843254074 1.0756435298515752 0.9247471735363766 1.0466879661374542 1.2132240983828213 1.117154949376552 1.2409490646354802 1.0574822378700242 1.2396851731639598 1.1783856222590772 1.3781222688519479 1.2268518329135145 1.3287278735186354 0.8440223826588907 1.234329558326434 1.2906825314578922 1.3617921583855852 0.7271708166706685 0.6393193698855878 0.9478582414363433 0.7933801954033652 0.943562194404258 1.3954383942174775 1.4248417700677563 1.6919250118063371 1.32044086427079 0.9661961379665664 1.0952050992494484 0.588098716397092 0.7597852790502522 1.2404150784064363 1.3126275873912898 1.0352322222061203 0.9207551606904686 1.3979215265130762 1.0189892951011505 0.7004472250012862 1.127634759336269 0.7762662509272291 1.134808630998228 1.19236640469013 0.8999577097558623 1.0698337037395924 1.2979117298788432 0.9666053987221883 0.9134789527393142 1.1156260787087593 1.3419260808425428 1.1836420474249514 1.3280679673463571 0.732519295695821 0.6988802741106542 0.9631414133365858
ArlenMichael_ENG19201Arlen_1 0.8589933012067573 1.7232596655014065 0.9527017626433901 0.0 1.5371381687447225 1.1349062900852644 1.0678014033553775 0.8597349116397803 1.0741030098567532 0.8316872262117072 1.017159713331849 1.125744794013517 1.0503465126290767 1.1023420011884233 1.077217920565755 0.906022016350541 0.7037216406749041 1.202515731776487 1.3420231902029813 1.091005105620443 0.9466369864891349 1.1733350508657965 1.0787740826398047 1.0180885085632911 0.9350047980827062 0.9703248051867873 1.1025933656191185 0.9833821388788998 1.2573361816761364 1.2510556539114444 1.398547002769982 1.0831321402473786 1.0297003732226404 1.005685144511609 0.954271719140042 0.9927814317023929 0.9959467554566401 1.0591164483713782 0.528658038671647 1.033314763964489 0.8602741385941655 0.6566904018766001 1.3932489551264926 1.0307824980924882 1.0288739854747606 1.1391588750119734 0.8834524291266067 0.9159156718172922 1.3309508863400017 1.0740636727234092 1.1835142380363672 0.9771277784112069 1.3534410328462254 1.0126386085996197 1.2860797607861847 0.7449552254168901 0.8359714886341317 1.0820879979829146 1.1127294486768475 1.0342133963642635 1.069605867544425 0.9634416528004168 1.310919266997985 0.8965025207608521 0.8819140374441502 0.8683771124428721 1.373213769931164 0.6995758966677129 0.8258304848392568 1.0762247335528679 0.9033979445977868 1.0578620546037862 1.3317020425443475 1.4241569887495968 1.187932899898129 0.7302333362487999 0.9128366540035602 1.0120271674999712 0.8787576329330462 1.1985381775675834 1.0113144282551734 1.2426646522909814 0.9755733905316777 0.7686794840499118 1.1353101617670358 0.9168628135008404 1.0929593771639474 1.0830479479256356 1.2350475191734755 1.118047546366827 0.9578762159638462 0.7829310279705081 0.8788574422589541 0.7233100299622099 0.7513406548380113 1.206527329853483 1.111268690373272 1.0779285603377835 1.1180208307724915 1.060496176692866
BaringGouldSabine_ENG18980BaringGould_1 1.2216605086145318 0.5652868745852495 1.4573562268270397 1.5371381687447225 0.0 0.781783534484676 1.366501329369617 1.5522619218799405 1.0013839829468834 0.9884190230326668 1.0725638111031608 0.8031610841247555 0.9515277526176152 1.018633035130019 1.0436829405075094 1.2076872811925272 1.0804128425864643 0.9638811861716333 1.2479402152776429 0.9904612998530443 1.0774258471615377 0.9799598191497615 0.8955926052070741 1.1329133857406941 1.2245187209580992 1.018482188638519 1.0308913412321172 1.189409184929199 1.0102655268410399 0.7151933335085842 0.6220022691980776 0.8642538996450014 1.0674663216240727 1.0510226452450422 1.1562214271969615 1.03735487841627 1.186693730486979 0.9835224614776821 1.5610288800888907 1.069984823849899 1.2902134296735535 1.4776278435919445 0.824709719696309 1.2641733401825632 0.7626068205284897 0.9273130851229584 1.3496678041753414 1.2989146985045552 0.646009900345727 1.184636744750884 0.9843614045883863 0.8530938823430965 0.9608728661744849 1.1541824141551746 0.8318730805406941 0.917206710634698 1.2665468425632003 0.6398920853885676 0.7415867989155479 0.8733269597640833 1.1605690125577468 1.103603290184766 0.6334000415896192 0.781023278570722 1.2849588490378279 1.2165132219421761 0.969540086447331 1.2525535666166594 1.4357357343450707 0.752066509387718 0.9086120674587151 0.6146026268022884 0.7266949231285256 0.7579702904487002 0.7354576393543031 1.483283382339547 1.391081372324558 0.8778175555198398 0.9730539767176156 0.8477211696272381 1.0377461155278298 0.7880623091457417 1.0362343367432278 1.3320277864537586 0.9267262373611407 1.217864631817999 0.9250916438315816 0.9477341561579442 0.9310480707999413 0.9707148823750402 0.9221289751250852 1.119599346630224 1.1623007949724997 1.0845641656609764 0.9971422596924802 1.017486518435597 0.813205944709675 1.3047420769696434 1.2541150894825417 1.1653734246515366
BarryWilliamFrancis_ENG18870Barry_1 0.954524568365896 1.0831298181924307 1.1709785194450055 1.1349062900852644 0.781783534484676 0.0 1.0533520379975612 1.1501829757094817 1.2115892342746277 1.0863955739052171 0.992534371668219 0.9333269247467135 0.9194495797427006 1.0506141223409078 1.1736677124963002 1.0212889145114272 1.0680458523804734 0.9154814553950248 1.2867972134247576 1.1617634383129698 0.8858644657481164 0.9105635595124875 0.950981057044191 1.0576598831847999 1.0939250713566036 1.1519979425722244 1.10089626346775 1.1540452163824242 1.136313749725185 0.9079111372030776 0.9104689769525532 0.8945071295805976 1.0991796398477878 1.0711808011924449 0.9733231915428764 0.8546080426786035 0.886592311884211 0.975566188394468 1.1159465025410376 0.9531097741166651 0.9785362685785992 1.1640542514417616 0.9862863737263647 1.0304196540082926 0.8785378091742247 0.9885769786419668 1.0116228675703907 1.101773565470092 0.9128153674029696 1.240017570961267 1.021601135881144 1.0008869162461258 1.0896765326479692 1.0180676040952479 0.9954282278281972 0.8849405871838179 1.1795634965832904 0.8158634866139075 0.9073090702927874 0.9796045684098867 1.2131690419830639 1.1324932401248409 0.8423495478300362 1.0383660665493726 0.9905511045310631 1.263044204045314 1.2606401990429719 0.9969327237329692 0.9549199813304009 1.002843902306013 1.036487497499456 0.9045118518175475 1.0675711419842961 1.1179400615017507 1.0409473995209444 1.1598593370062285 0.9025040058312953 0.9634363034147518 0.8304039700152247 1.0155198914062957 1.0170656616325904 1.0673837796953727 0.9259090101959411 0.9550515946500928 1.0605555827765514 1.074676104507633 1.1480700165383333 1.0451099229737513 1.0562732756381814 1.0396946632078286 1.1218204588148433 1.2080650826116408 1.1461935039818134 1.0103262563163578 0.8489538660839085 0.9529600324673536 0.9293966744618885 0.8705750411922526 0.9843562055121493 1.0486368908247037
BellocLowndesMarie_ENG19121Belloc_1 0.9954473300046609 1.139069526505134 0.9880570238268366 1.0678014033553775 1.366501329369617 1.0533520379975612 0.0 0.7678096273134591 1.00295604779803 1.2359889860909192 0.9306797344906205 1.140186737186269 1.1937222555773659 0.8922439502587853 0.9147114710325055 0.8561674526422314 1.183771559936386 1.0567061554088588 0.7356757409456903 0.9909184274033155 0.9906534279819168 0.9212031145390417 1.19680475694175 1.0207651966831206 0.8558583578522391 1.0594249988934257 1.0604296353771678 1.0532707145246802 0.9991366862135891 1.1573415098592026 1.1753446612287703 1.0245806520534682 0.8049976147193924 1.0280909846118718 1.2513687778316742 1.1562530871877037 1.0062262756412903 0.8605904409963149 1.0075448838141703 1.0880533667249248 1.0383015110764482 0.7486757687054032 0.8197626745619926 0.7010772327744543 1.2846182079278357 0.9998639388001466 0.7591940557312347 1.159994073741338 1.5012028514451126 1.055792178504315 0.8394667068656554 1.2892836738207707 0.8249177649950156 0.8231080846335069 0.8472817951349604 1.3788389681316295 0.8510511739927638 1.1449555912535692 1.3091335176724217 1.3452448667667745 0.8958716756507522 1.0116115417118012 0.9835487316525067 1.1535197225504594 0.8796191688341657 0.9629203463134314 0.8805693371937395 1.1103822104623173 0.9116914948521043 1.380256023104827 1.0619832629876647 1.4569720406343905 1.1956193212308086 1.1155085687410187 1.119747686418342 0.885276246676342 0.7705965522933623 1.102277409005517 1.2302142452819915 1.0064132380316138 1.0059735017559779 0.9870892812073742 1.1179510555833467 0.8741425473234528 1.0003734737214784 1.14476875801531 1.0911424726671193 1.1097920875754708 0.9753637249084647 0.8485700704772107 1.171327810203883 1.1784558937184584 1.073533412728998 1.0291534274820617 1.3218769879995949 0.9432659603120367 0.9764526909003931 0.8838892041326112 0.8782578941978809 0.8845625210374892
BensonEdwardFrederic_ENG18930Benson_1 1.114004111027721 1.4259567454520925 0.5936852476371212 0.8597349116397803 1.5522619218799405 1.1501829757094817 0.7678096273134591 0.0 0.9245686842455447 1.2202416947101518 1.1373488637766902 1.4287796992373232 0.6892974016278477 1.0659085031561428 0.9916421036018465 1.0096370408227031 1.006215472626137 0.9403811870841284 0.8534694102666192 1.3526095290541797 1.0723967313819613 0.7554656406750891 1.3384886642980627 1.2822967789780368 1.0470414522821205 1.100983899259546 1.2621328676727264 0.8593149479925962 1.246435516128597 1.5135837214328531 1.3285059949960771 1.128550783333996 1.1221428570150733 1.0860485471556243 0.8870812159754482 1.0548535200258915 0.8097299226750525 0.4739558906158192 0.4015195341454443 1.0313553682405305 0.5367330917384101 0.45326413949004646 0.9994300421630399 0.522878431027344 1.632132781607029 1.1282585949756803 0.4491593758748907 0.9700465076947338 1.5630337727538017 0.7646775984449847 0.959057216569898 1.5653711002516413 0.8467012147326023 0.9472657414499165 1.151184920216512 1.3843584427722704 1.0594832252997637 1.5716039035621332 1.2221709912061482 1.8150236175437455 0.8644079403711147 1.239913448136044 1.2787948265204303 1.2563121253275575 0.61211638582783 0.4818351447020223 0.9094721982634216 0.7732143310676661 0.7199472023986261 1.7357088194664478 1.1628175226028066 1.9000892780953706 1.5442485917869258 1.0751573498643052 1.3976607401509982 0.3833260390507837 0.5741760196699314 1.6569727296442263 1.5814060719420089 1.2732485943607377 1.0218149581931828 1.472814098508076 1.1945323793655853 0.5024304640325427 1.079958984942659 1.042886371252304 1.506377458668372 1.4275138027643237 1.0117242792700676 0.9275306970131355 1.620732591685922 0.9625319817438343 0.901752769655586 0.9515046511929391 1.256443568637185 1.0496304122771687 1.256937080704976 0.5865526001579234 0.5147873433932886 0.7529630769289889
BensonStella_ENG19190Benson_1 1.400928141357133 0.9488108058064713 1.0285299265000016 1.0741030098567532 1.0013839829468834 1.2115892342746277 1.00295604779803 0.9245686842455447 0.0 1.152869049445333 1.0126773905094812 1.0230820038605906 1.1528073686576354 1.0135366518102735 0.9347961519918356 1.114913541591814 0.9139824368907585 0.8520209014817761 0.854572415083985 0.7561281090132835 1.1718835498374223 1.357000113932591 1.1816240465161532 0.9474216876894267 1.1347447232397405 0.9399237777760278 1.1454089063376525 1.109317226046152 1.2034541018645228 0.8957810650725115 0.8384203962650355 1.042072241001182 0.7511083029143638 1.108158061835102 1.1332340498787807 1.1327486063458478 1.1216242551801279 0.8488489459474643 1.0514665343984921 1.1866191051981854 1.0000044130106385 1.059165027308874 1.052390901162907 0.9532449846597056 0.9715975655061746 1.0566742045875617 1.0955262760559075 0.995347511311405 0.8748437813176553 0.9940829210879909 0.927531054093019 1.1867618963926279 0.9293146193106068 1.0574897871628863 0.9687737985405298 1.2978280210487931 0.9790271241372779 1.1337324796013697 1.043768454833379 0.8326324005071863 0.7427520735026832 0.9204754976661854 0.9985680333086587 1.410790905852957 1.028987586114283 0.8037969740888989 0.7257793583734613 1.2492451523229227 1.209997056341252 1.0104250839785154 0.9981465464970285 0.9627550515550025 0.7236087589678765 0.9182436196812438 0.9891574030667212 1.037786476989523 1.0991424917895543 1.087706494974821 1.325618822697019 0.8481891945670437 1.1439241462764909 1.0592322960833516 1.2212072788591857 1.3815912394625733 1.2232035953274831 1.2026420160496545 1.0420067844952288 0.9549257924369448 0.9389311926568193 0.9870911557056775 0.8301960982850364 0.7097710046776846 0.7195073318742147 0.916403018325776 1.2938854197544731 1.076558573384529 0.7925769785661589 1.374961519292096 1.1994136936028028 1.2537815468316502
BlackmoreRichardDoddridge_ENG18640Blackmore_1 0.784870260531729 1.0786377960555653 1.0295670406254787 0.8316872262117072 0.9884190230326668 1.0863955739052171 1.2359889860909192 1.2202416947101518 1.152869049445333 0.0 1.1418427017168056 0.8903507777951981 0.8018230530491944 1.0451312686271494 1.01839118334228 1.087447857401042 0.8910221741451229 1.2016461979857904 1.1064156436916286 1.2513099257882194 1.1408549248257756 1.0835059066759656 1.0225451165437203 1.0706638739293006 0.8936387472133307 0.9920141198221278 0.9156044291275484 0.8443030833856674 0.8613095164954957 1.173837960448966 1.2384711589105186 1.217426643106647 1.0904017282636809 0.9846140839272773 1.0685430731546415 1.2271897481168832 1.3154950469035247 1.1691880845073397 1.0372489028544858 0.7423845118028564 1.0761777158522041 0.8238641907688514 0.9967688621416724 1.0232353421407374 1.1149526038528084 1.1079524386830557 1.0842655428348562 1.0827069258575075 1.0369444139484805 1.135133171232113 0.9212157276314635 0.7892234902807267 1.2043264484983198 1.1798584660433393 1.2636035460770847 0.9363050381919127 1.1754230089511706 1.0537988591894836 0.7395821798920938 1.0586736725487422 0.9493054761338822 1.0947055144814286 1.10690307741635 0.7171935537637179 1.1286489385204572 0.9419232998043546 1.216861169943968 1.023181917079371 1.0735646645887467 0.9424157032915165 0.8593366513942554 0.8816689386837412 0.9709558960972333 0.8241104890806259 1.0513640359024652 1.0278981921728214 1.0636570164236836 0.8913998791677574 1.028557693921567 1.0430668150616074 0.9278980600436654 1.0804439955030094 1.0617389290594745 1.1005332090815003 1.2028125250498973 0.9639117724170146 0.6815287272212538 1.0684609144752353 0.9919900097230906 1.038344010132442 0.8075474444359068 1.0304954721585475 1.2301386667391094 1.1036870588423016 0.981408357411613 1.3349975306986994 1.0618372015465476 1.1059400374026636 1.0574870838415313 1.098466243695455
BraddonMaryElizabeth_ENG18621Braddon_1 1.12123912664195 0.8662333829116027 1.0663139328721867 1.017159713331849 1.0725638111031608 0.992534371668219 0.9306797344906205 1.1373488637766902 1.0126773905094812 1.1418427017168056 0.0 1.1962044260914626 1.1318555131425505 1.0371036917920724 0.9327342577175151 0.9546838095232977 0.8628533274178102 1.0608651467460875 1.2150262627083739 0.945194417998348 0.8925033405415793 1.0968637022718208 0.8158836406196236 1.1176426982757535 1.0868251900590544 1.0616331353010202 0.9268934772849075 0.9303897246751061 1.0154721048094908 0.8905373317317624 0.9673720741612806 1.0364783245436031 0.9493409611735919 0.837496412248877 0.9076424862129618 0.8835604646831303 0.9228907530477566 1.2070365208180156 1.1408245629873353 1.0844782571917535 1.0257170425671198 1.1529172798528842 1.1301604653949446 0.9493949546192071 1.0096498799090827 0.9806240952341206 1.1244116043360235 0.9018615790682403 0.933560081805045 1.1125220001347447 1.094685364537258 1.1932862373916955 1.279310938035503 1.044807104968137 1.158527539156792 1.1859585547892595 0.9732413010116424 0.977825978375387 1.2096454719387444 0.8765422833113298 1.1926208075050286 1.2813741146162114 0.8058015559525835 1.1947858622601086 0.9969753113926351 1.1140150214384215 1.1775774320546304 1.0155062291513612 0.955169782923705 0.9120677762409624 1.083023857132007 1.0195561451962676 0.9648538864587333 0.9987947016255055 0.7808484958024688 0.9951591931662439 1.2832503404469167 1.0395919554714321 0.9040246306270859 1.1408700556404687 0.8907922977234467 0.7437005406607493 0.9159513496802859 0.9308842561708509 1.0447470109973722 0.8924034066247873 1.1511490926183845 0.9306866781492826 1.0595206102697108 0.9928752296993603 1.1433744980931155 1.0631946404210508 1.01602139738606 0.8718567314068207 1.174229015972154 1.0337584527841026 1.0347214444754587 1.1041985121049553 1.124981519064237 1.075816804236719
BronteCharlotte_ENG18570Bronte_1 0.9936152590011337 0.7872398032352724 1.2319137308148858 1.125744794013517 0.8031610841247555 0.9333269247467135 1.140186737186269 1.4287796992373232 1.0230820038605906 0.8903507777951981 1.1962044260914626 0.0 0.8782120015870648 0.9660015232835408 0.908483151000208 1.0096176494178832 1.0478538126822297 1.0105629942091536 1.1082370316792334 1.0088589917210367 1.2037367398783425 1.0615804640303756 0.7973384167369921 0.8012697236221276 0.9945248258995197 0.8208911336978878 0.9845179748371063 1.1445378704100284 0.9394192026626744 0.7589543078381072 0.786097804888853 0.9096195142071557 0.902210204552588 1.0327465158855595 1.3320917730002917 1.106497162141842 1.2170665314371465 1.302968434230308 1.396069925032419 1.0301242425807136 1.1885616715888152 1.3749913998487613 0.7981290625005394 1.0816575223084328 0.9039300543513129 1.1692154098228105 1.2477130374439414 1.3125942182237325 0.7754001922512637 1.0881987112678686 0.9074931713111457 0.8272979740242135 0.8582073119846231 0.8952178898095683 0.8169578469072835 1.024476877140592 0.9800770622205531 0.6978995706210308 0.7833123692156659 0.9257559976353995 0.8266465396881651 0.8762079796233411 1.0524807304789483 1.056123685860834 1.3884361186518608 1.1569444443725598 1.1271894552610648 0.9789183989155382 1.3958333970441215 0.8917417821111133 1.051802024189979 0.8213147215760846 0.8632593282763024 0.979026596205017 0.7873361468825817 1.503810641932592 1.2485031253568095 0.7694617493953925 0.9630437213488758 0.9924575326346189 1.3603798388138677 0.96284656322273 1.1706886823620866 1.539263118835215 1.309936460882666 1.128285922938619 0.8462359731069291 0.9784088235420938 1.1945263897141796 1.0170324315451573 0.744342293048676 0.9054870386529343 1.0275126880356382 1.170376659013117 0.8815982978915365 0.9548044094724369 0.8874808527683431 1.3100738391563302 1.3247018843439302 1.2008700759870785
BronteEmily_ENG18471Bronte_1 0.8929680554489935 0.7903318936879605 0.7505345098489208 1.0503465126290767 0.9515277526176152 0.9194495797427006 1.1937222555773659 0.6892974016278477 1.1528073686576354 0.8018230530491944 1.1318555131425505 0.8782120015870648 0.0 0.883854704129295 0.7984969875869489 1.0122683908285237 0.939014340198974 1.2467270340714387 1.0213383980095385 1.4523480654467869 1.1751245894373548 0.724554359663376 0.9277148993709448 1.247250938058355 0.9954738391152783 1.1085326351441351 0.9496877154883184 0.7345668828463789 1.0916133962819927 1.561436373051673 1.3664950384298808 1.2336921964089944 1.312060447267668 0.966525588669304 0.9077008421075441 1.247703196905236 1.1500890380595457 0.769766801449185 0.89479176093179 0.7050258183453272 0.8042919939958381 0.8622589300277143 0.8008399632912128 0.727080870946401 1.3582536036546085 1.03492010331931 0.7717486183867824 1.13320725475821 1.231273075000537 0.9294729462433681 0.7936600303820296 1.0974547528322716 0.9811635136392846 1.233513268271553 1.268704049100447 1.2353328364347274 1.415733066769564 1.2943122969605179 0.6951421741582394 1.4484739043614494 0.9469708576266893 1.3630100362310258 0.9407611406287384 0.8130625224090584 0.9026751080502724 0.6729544312024132 1.1368519571923872 0.9731597245392245 1.1666789728168447 1.263793798759104 1.055177204883992 1.2789427189373996 1.1160944606417051 0.8114994966287334 1.0098667588968433 0.7482549840389084 0.8870913018917101 1.1679001825344029 1.410123256994536 1.1475231517387505 0.7571223060768 1.3391234852008016 1.0775033304411232 0.7701835413534055 1.1252731728947398 0.8657875396815815 0.962159634318942 1.347353817543508 0.7555506167962134 1.070371926279721 1.296437228483507 1.2377692613034104 1.3429053404920093 1.1359626054616894 1.22759450032433 1.1445275090035003 1.2367164492005749 0.7041563571083412 0.6894475753445942 1.0079644605066453
BroughtonRhoda_ENG18830Broughton_1 0.937006963944524 0.8264531492255367 0.8764786542802954 1.1023420011884233 1.018633035130019 1.0506141223409078 0.8922439502587853 1.0659085031561428 1.0135366518102735 1.0451312686271494 1.0371036917920724 0.9660015232835408 0.883854704129295 0.0 0.4770551775348711 0.34376714007741377 1.383623953410218 0.9777149095005578 0.9846941067891652 0.9519225986000789 1.0331635998402184 0.802271494653347 0.8943120461072418 0.9204035933205789 0.9441953320169533 1.0190708864334288 1.0985566607549173 0.8589832155214175 1.0582453391654 1.207290922839332 1.1023596770291726 1.2789593901257488 1.0717546165682288 0.8383251617394455 1.263121559441039 1.2283046906419435 1.1614504943558557 1.046158219119229 1.1554762239009724 1.0664776189851326 0.9587966515897303 1.3253496987780418 0.6949005992586813 1.183578131859873 1.1945577520990662 1.0703079360638774 0.8884087807981912 1.1196742073655515 1.1441159180963074 1.130851039073892 0.9392428680749614 1.0582464447529674 0.9105857483737989 1.097221565615523 0.999586092478024 1.290519192682423 1.1001500387772034 1.0226021461118036 0.8186071021889103 1.3443820571097334 0.766393224468603 0.9106492779294157 1.0042650032186262 1.0839501853510483 0.9522708511987232 0.9975514058999874 1.0118991952202396 0.8601118636098457 1.200222322275762 1.0064538180676454 1.053851615526667 1.0638701110595505 1.1240549066749075 1.0581509607601383 0.9319858672492379 1.0051070241106825 0.9997098666319476 0.9509981178812075 1.1720535266962997 0.9176259055074022 1.145581925989282 1.3388423365228466 1.1193164355837752 1.010056170321982 1.2066466901741153 0.8866335867703533 0.9384622633917264 1.0059834509906032 1.0629788166060408 1.021666886493686 1.032540463122251 1.1649724371101535 1.2262963443489012 1.108610320033774 1.2486795930426495 1.0705869334606353 1.085623113707727 0.9360316542171584 0.9710449776386006 0.9845581724853881
BroughtonRhoda_ENG18871Broughton_1 1.130300330552482 0.8245789132187072 0.8020623954756859 1.077217920565755 1.0436829405075094 1.1736677124963002 0.9147114710325055 0.9916421036018465 0.9347961519918356 1.01839118334228 0.9327342577175151 0.908483151000208 0.7984969875869489 0.4770551775348711 0.0 0.5612471062101231 1.438510650446951 0.917249161355682 0.9596904788154614 0.9404736464449925 1.1758482011524052 0.9824670817985308 1.0879950731940244 1.017232966332497 0.800324645862719 0.8819202225523539 0.9650221782831274 0.7901965618440612 0.9944358515519273 1.303150526702838 1.178699005154941 1.4680424195741597 0.8398961419043598 0.9816560659894141 1.1644648086774056 1.225550833840858 1.1926851787091208 1.0080933035647364 1.0868631059636502 1.033953141371559 1.0787012660851927 1.2588804880968354 0.733511760025893 1.1079281233314522 1.2483104013215536 1.141704267235502 1.0338502331419253 1.351923573325933 1.040233925800522 1.0628073180958753 0.8591059798986043 0.8904366012384886 0.7808491465147412 0.9331071861662229 1.0448014228852556 1.262600127135192 1.1541416924913526 1.119972155102657 0.9178376417654004 1.2797235497569934 0.665414806108297 0.9170841208260658 1.2291398188946074 1.1828315764547594 0.9714320295111017 0.7287579069889245 0.8991212960424821 0.9920546934263835 1.2834518339180154 0.9555658046388458 0.9551422024188111 0.9966910588286146 0.9987217810230412 0.94338495982026 1.1094710885467403 0.9521726437189797 1.2145585121274944 0.9588937895215602 1.4584333652234656 0.8002753248343332 1.0418316215492724 1.187781855671101 1.1929348853577313 1.1750922248197189 1.3696189881518053 0.9120857989489831 0.7620422447737613 0.9504983027745776 0.9344935669459147 0.9364867932903617 1.0786880056411445 0.9371701255608595 0.9982601739032393 1.1369462565441053 1.4699790690573358 1.1807184660853596 1.1071541373236284 1.0234224609758575 0.910415169429152 1.130551671589901
BroughtonRhoda_ENG18901Broughton_1 0.8477002321035232 1.0359920330355223 0.8711835986139544 0.906022016350541 1.2076872811925272 1.0212889145114272 0.8561674526422314 1.0096370408227031 1.114913541591814 1.087447857401042 0.9546838095232977 1.0096176494178832 1.0122683908285237 0.34376714007741377 0.5612471062101231 0.0 1.303290383360541 0.9724649633920895 1.0802062311235348 0.9469603180502552 0.9778186460294868 0.905070321649124 0.9199613950127974 0.8635482461945746 0.9710951565201115 1.0275128444473853 1.1007797213606574 0.9498718830354134 1.067852125806562 1.1898371450728298 1.2225406468480928 1.2652196466817145 1.124222735716048 0.85369800430109 1.089497165711553 1.0786564089144677 0.9837027957584064 1.2432996179943503 0.9686682758050992 1.132358110461445 1.0053904165684089 1.118144809440123 0.8846301473751995 1.1371470191539237 1.0969888844575497 0.9894630738411219 0.9491578465954825 0.9478349176746796 1.2243868874410186 1.1333453551001196 1.1218478712116846 1.0667187301722099 1.0840722041241342 1.0954278934146713 0.9940802288910321 1.2445866380443191 0.9603619292927174 1.0124644960766758 0.9576673731617742 1.2178371867392481 0.7917086362122466 0.9081355069464682 1.1321949071649748 1.101794183222556 0.9108536345699673 1.0750701657944979 1.1559472781381852 0.792425887751365 0.9840755613179738 0.9916124102035581 1.0422056968564548 1.0990394987090684 1.1853680756851768 1.2407359379138374 1.0613007914556774 0.9380289700808149 0.9748471653347928 0.9472268140806602 0.9696276597364981 1.0056608851611375 1.113826132674025 1.339131035907315 1.0828317139361974 0.9296499954905707 1.1169727710537296 0.8278434062547945 1.04276347485903 1.0155400943094182 1.1892506600708825 1.059621152534549 0.9882727384005825 1.144992281646931 1.1218215173083688 1.0063503200602346 1.0801809228812094 1.026420423956867 1.0819341030825709 0.9212816785604571 0.9673549500114044 0.9158941326571388
BuchanJohn_ENG19150Buchan_1 1.6165812919638836 1.1095731773672803 1.0075600175687243 0.7037216406749041 1.0804128425864643 1.0680458523804734 1.183771559936386 1.006215472626137 0.9139824368907585 0.8910221741451229 0.8628533274178102 1.0478538126822297 0.939014340198974 1.383623953410218 1.438510650446951 1.303290383360541 0.0 1.469645979087502 1.0844027927537752 0.7714802584213656 1.2043773713656103 1.3891305056768284 0.9123971742818974 0.6573623722966887 1.4447264013843042 0.7557912782007096 1.2113583636839804 1.178053342194208 1.30969953935453 1.1948841086258821 1.1254029016909382 1.1823018767934224 1.0201860483127783 0.7023239840778487 0.8527480179778727 0.9793604308633004 1.134901081692424 1.0661742079035683 1.1637235503381504 1.1039558301543453 1.0057534909935077 0.6886109080357818 1.172820591289549 0.7336981305329594 0.7742962908786749 0.9227999118200795 1.08612265385911 0.611258563253991 1.1507508480047732 0.6847371706077938 1.426152899855883 1.2221320402827331 1.185019776794303 1.4867999444821696 1.0760007593830727 1.0055057681389499 0.9545900886136397 1.2898387521412928 0.7656771909287362 0.7381839039653522 1.2661230461717579 1.6010738672146914 0.6661795687042802 0.7653014998739078 0.916568411718805 0.7396870044158808 0.9882189144737273 1.0481784527583922 1.2001381731740068 1.0333274527864764 0.9214149037743236 1.0138668838318947 0.9605296386578486 0.996285049623146 1.123765937349679 0.9459835939522784 0.9713876744286954 1.5772357877496017 1.3501209523057616 0.9281268347070797 0.8127599321608802 1.1116187318038506 1.2612922254946914 1.1245635071247564 1.007371620999812 1.378656849472375 1.5080758663258407 1.116068567050997 0.809401140905588 1.2111630179331692 0.5592440605663318 0.6004763656743015 0.8886990013164658 0.5655356878485451 0.9361853400322439 1.2699682150872322 0.776054947339171 1.393948997998189 1.3945356615177276 1.3315642478513197
CairdMona_ENG18941Caird_1 0.9361596806160367 1.1049597613704463 1.0168424072277338 1.202515731776487 0.9638811861716333 0.9154814553950248 1.0567061554088588 0.9403811870841284 0.8520209014817761 1.2016461979857904 1.0608651467460875 1.0105629942091536 1.2467270340714387 0.9777149095005578 0.917249161355682 0.9724649633920895 1.469645979087502 0.0 1.1728429362448958 1.0092135507946622 1.0008723142792895 1.136760338409667 1.1573524915547309 1.0743017544761457 0.980425422239628 1.1147672507562034 1.1403056143011407 1.114619192858711 1.1669210577268732 0.7949102227149887 0.9655616864246743 0.8871460861614457 0.8890372573819391 1.190119342748005 0.9787301330797822 0.8104020318646955 0.8778670661002876 0.9129694018972201 0.782804881141876 1.0463433670308917 0.8414919994290159 1.2978532229880078 1.075964702961062 1.201157481457282 1.00074700110289 1.0266924169937401 0.9942148878724091 1.1646351534889858 0.6771505148997307 1.301929428205476 0.9503229217990834 1.039843802104077 0.9330464156995885 0.8586802220301543 0.8677829681290472 0.9854972392034652 1.009789017671178 0.8871642119586424 1.2516751377485797 0.9383375933403437 0.8363723740281334 0.862890377090212 1.3026944181828866 1.5049903314047217 1.0985515559780283 1.0757528197930826 1.1156675638961344 0.9873959925283908 0.9119927983335933 1.0258747142675115 1.1404623138250796 0.9943590299285605 0.9045317751512787 1.2056493014559477 0.9253870566502501 1.058802527211389 1.020064928348299 0.771163843427479 0.8691830124015069 0.9493505551985136 1.2199085568416712 1.102584370799933 1.0081409500586989 1.1259011199032691 1.1812436460839435 0.9977109206482564 0.943199195072318 0.9814562916227518 1.2046792903313213 0.9551616784491157 1.0387356990155328 1.0178884534366068 0.8163564850136766 1.0487831799739755 1.0305822993487457 0.9441405024183569 1.153344996611509 1.0216935373012013 0.921280986798958 0.9674551634722358
CarrollLewis_ENG18652Carroll_1 1.1752558162434839 0.7298542052224173 0.9562815704721586 1.3420231902029813 1.2479402152776429 1.2867972134247576 0.7356757409456903 0.8534694102666192 0.854572415083985 1.1064156436916286 1.2150262627083739 1.1082370316792334 1.0213383980095385 0.9846941067891652 0.9596904788154614 1.0802062311235348 1.0844027927537752 1.1728429362448958 0.0 0.8334027772205589 1.2370070230467667 0.8761521444849998 1.0714426386528724 0.9190024265154451 0.9634140824730014 0.8429030601929908 0.9019152150508922 1.0079728223581945 0.7217351922665521 1.4646969394670888 1.1859921294181104 1.4376450867440767 0.9191190070603277 1.126907770814219 1.2358511275336257 1.3892070721402292 1.2598081362009774 0.9346463025966747 1.2029993021625955 0.9655912505869738 1.1855079290196637 0.798586095120492 0.8728948809920253 0.8217931277267085 1.2999315034959418 0.9664601464555103 1.0078103746231302 1.0824030798719182 1.3864419919986517 0.4844482696476513 0.8853319585110001 0.961213420417533 0.6950057605079641 0.964181139627897 0.9156784379927665 1.4029192405522921 1.0937646958525642 1.415765609213381 0.9719255469590228 1.4164655520643081 1.042699460572608 0.8920810718205524 0.8943547613381253 0.9290475700195265 1.0065935622306994 0.8659064155006849 0.38923501054043214 1.3230091349255835 1.1237793055211411 1.3415594611133623 0.9865055615862208 1.3627616469913604 1.0042218588628429 0.8299460347165407 1.2301275171018855 0.9433427414528728 0.8832634940175154 1.2680316243059226 1.6085355104549866 1.023352023783019 0.9457436280114211 0.9880425004769269 1.3578025249172043 1.1520555010328677 0.8021843420196003 1.1488664555418446 1.1203222094176928 1.1463638381739065 0.8258502136465989 1.099221072264201 0.997301732473675 1.1301207638845758 1.167241978933821 1.0937144969790735 1.5375197119748805 0.7483992291339225 1.0405364072490157 1.0143182508788318 0.9325105552898889 0.9439338445167423
