"AguilarGrace_ENG18470Aguilar_1" "AinsworthWilliamHarrison_ENG18500Ainsworth_1" "AnsteyF_ENG18820Anstey_1" "ArlenMichael_ENG19201Arlen_1" "BaringGouldSabine_ENG18980BaringGould_1" "BarryWilliamFrancis_ENG18870Barry_1" "BellocLowndesMarie_ENG19121Belloc_1" "BensonEdwardFrederic_ENG18930Benson_1" "BensonStella_ENG19190Benson_1" "BlackmoreRichardDoddridge_ENG18640Blackmore_1" "BraddonMaryElizabeth_ENG18621Braddon_1" "BronteCharlotte_ENG18570Bronte_1" "BronteEmily_ENG18471Bronte_1" "BroughtonRhoda_ENG18830Broughton_1" "BroughtonRhoda_ENG18871Broughton_1" "BroughtonRhoda_ENG18901Broughton_1" "BuchanJohn_ENG19150Buchan_1" "CairdMona_ENG18941Caird_1" "CarrollLewis_ENG18652Carroll_1" "ChestertonGilbertKeith_ENG19080Chesterton_1" "CholmondeleyMary_ENG18973Cholmondeley_1" "CliveCarolineWigley_ENG18600Clive_1" "CollinsWilkie_ENG18760Collins_1" "ConradJoseph_ENG19170Conrad_1" "CraikDinahMarie_ENG18630Craik_1" "CrossVictoria_ENG18950Cross_1" "DickensCharles_ENG18481Dickens_1" "DickensCharles_ENG18530Dickens_1" "DickensCharles_ENG18540Dickens_1" "DisraeliBenjamin_ENG18440Disraeli_1" "DisraeliBenjamin_ENG18450Disraeli_1" "DisraeliBenjamin_ENG18800Disraeli_1" "DixonEllaHepworth_ENG18940Dixon_1" "DoyleArthurConan_ENG18900Doyle_1" "EliotGeorge_ENG18610Eliot_1" "EliotGeorge_ENG18660Eliot_1" "EliotGeorge_ENG18721Eliot_1" "ForsterEdwardMorgan_ENG19100Forster_1" "FowlerEllenThorneycroft_ENG19004Fowler_1" "GaskellElizabethCleghorn_ENG18482Gaskell_1" "GissingGeorge_ENG18911Gissing_1" "GlynElinor_ENG19001Glyn_1" "GriffithsMajorArthurGeorgeFrederick_ENG18961Griffiths_1" "GrossmithGeorge_ENG18920Grossmith_1" "HamiltonCicely_ENG19191Hamilton_1" "HardyThomas_ENG18860Hardy_1" "HarradenBeatrice_ENG18931Harraden_1" "HornungErnestWilliam_ENG19111Hornung_1" "JenkinsJohnEdward_ENG18702Jenkins_1" "JeromeJeromeK_ENG19011Jerome_1" "KavanaghJulia_ENG18552Kavanagh_1" "KingsleyCharles_ENG18510Kingsley_1" "LawrenceDavidHerbert_ENG19200Lawrence_1" "LeeVernon_ENG18840Lee_1" "LewisPercyWyndham_ENG19180Lewis_1" "LintonElizabethLynn_ENG18720Lynn_1" "LyallEdna_ENG18872Lyall_1" "LyttonEdwardBulwer_ENG18741Bulwer_1" "MacDonaldGeorge_ENG18953Macdonald_1" "MachenArthur_ENG19070Machen_1" "MaletLucas_ENG18960Malet_1" "MallockWilliamHurrell_ENG18770Mallock_1" "MasonAlfredEdwardWoodley_ENG19010Mason_1" "MorrisWilliam_ENG18972Morris_1" "NesbitEdith_ENG18890Nesbit_1" "NesbitEdith_ENG19020Nesbit_1" "NesbitEdith_ENG19060Nesbit_1" "OliphantLaurence_ENG18700Oliphant_1" "OliphantMargaret_ENG18661Oliphant_1" "Ouida_ENG18670Ouida_1" "Ouida_ENG18740Ouida_1" "Ouida_ENG18831Ouida_1" "PhillpottsEden_ENG18970Phillpots_1" "ReadeCharles_ENG18632Reade_1" "ReynoldsGeorgeWilliamMcArthur_ENG18460Reynolds_1" "SharpEvelyn_ENG18954Sharp_1" "SilberradUnaLucy_ENG19071Silberrad_1" "SinclairCatherine_ENG18410Sinclair_1" "SkeneFelicia_ENG18490Skene_1" "SteelFloraAnnie_ENG19005Steel_1" "StrettonHesba_ENG18641Stretton_1" "ThackerayWilliamMakepeace_ENG18480Thackeray_1" "TrollopeAnthony_ENG18551Trollope_1" "TrollopeAnthony_ENG18650Trollope_1" "TrollopeAnthony_ENG18742Trollope_1" "TrollopeFrancesMilton_ENG18400Trollope_1" "TupperMartinFarquhar_ENG18411Tupper_1" "WardHumphryMrs_ENG18880Ward_1" "WardHumphryMrs_ENG18951Ward_1" "WardHumphryMrs_ENG19091Ward_1" "WellsHerbertGeorge_ENG18952Wells_1" "WellsHerbertGeorge_ENG19090Wells_1" "WellsHerbertGeorge_ENG19120Wells_1" "WestRebecca_ENG19181West_1" "WhiteWilliamHale_ENG18850Rutherford_1" "WoolfVirginia_ENG19192Woolf_1" "YeatsWilliamButler_ENG18910Yeats_1" "YongeCharlotteMary_ENG18531Yonge_1" "YongeCharlotteMary_ENG18560Yonge_1" "YongeCharlotteMary_ENG18651Yonge_1"
"AguilarGrace_ENG18470Aguilar_1" 0 1.01458021123054 1.13379403111593 1.06770495037138 0.991956619409311 0.945951630493524 0.947398454202001 1.10865102060256 1.07791588005791 1.00290615280534 1.01118364151333 0.964022898920151 1.00741394006333 0.955655199796613 1.03710491220019 0.941177436840631 1.10608499294184 1.0024903622332 1.03784644196926 1.05725473846171 0.892633152925145 0.94856284451855 1.00948900565339 1.01530808631641 0.952715707136235 1.03723299838918 0.977929357502037 1.03743341680019 0.966671498867546 1.02578203763093 0.989164629220164 0.960165414339756 1.07513947387704 1.02347177108606 1.08238050541557 0.995939111093462 0.957859048850815 1.04784793155214 1.04413576289194 0.982769427762456 1.06217430165663 1.04820301279399 0.97637289038934 1.04883233697415 1.0289662740605 0.974670626478356 0.98148454743132 1.03215054236747 1.04355670491062 1.0877399594863 1.02332060481297 1.0223907981156 1.0243852212615 0.945818115239567 1.00119912046676 0.971468471755858 0.992126438192047 0.942246721846326 0.981329494070848 1.03215912881895 1.05344812080659 1.01746831105391 1.04741314951101 0.970172670458665 1.02294875098169 1.13108029244495 1.06416726739472 1.01383626346446 0.954287689268518 0.977986149490919 0.907369966769583 0.94977194260143 1.02212096915448 1.03026661373301 0.98601639383113 1.09477454788584 0.948918426414609 0.936669207843676 0.885018137338542 1.06329746703701 1.08037099687422 0.991258829634481 0.982082912669776 1.00042819709837 1.02325449373404 0.968678823502244 0.978207953235742 1.03831458919942 1.08227000489176 1.05942643603845 1.03906009900457 1.09231836953081 1.07351105218731 1.04795157138192 0.924255866231574 0.963957648644365 0.98379624605096 0.945227758074784 0.965575417516751 0.881732476428875
"AinsworthWilliamHarrison_ENG18500Ainsworth_1" 1.01458021123054 0 1.05028513117978 1.10683683539228 0.829499464425997 1.03355742154325 1.03199975842612 1.16700782200931 1.06629021555371 0.99023511709026 0.926639465312296 0.902991770149909 0.969557635165751 0.949243541249082 0.932516974131058 0.937336022862925 1.04276306672742 1.02422068427635 0.939514975806301 0.91130976361571 1.03604738489253 0.983244899348432 0.907778505527735 0.974232603117242 1.03760867843885 1.01125896864143 1.03122807055917 0.981842048531129 0.907159593629181 0.928618279415599 0.900980216028443 0.975548674568942 1.06844907479052 0.98902238424622 1.08479175266549 1.07150798736673 1.08085855728947 1.07894626552943 1.13419262213041 1.01042893897385 1.05019644440066 1.14271830986929 0.990149195533113 1.01463287790507 0.992012892377331 1.00749130387373 1.07869985413962 1.08758894175164 0.902356675820838 0.974964055621863 1.04810209073741 0.879718850748217 0.970777617154706 0.98781277267622 0.993067635713053 1.05224784155809 1.03224257810914 0.883333248421922 0.929580962580123 1.05425901580642 0.944039160651892 0.912767024638041 0.87798636206229 0.930795911213587 1.09573698251065 1.07460728242096 0.937434602675524 1.01402155162856 1.06940412777768 0.988766387280774 1.03581265300821 0.987840318716319 0.904711321250735 0.95125819965898 0.835863047718214 1.12062216981688 1.16221105095317 0.911021007085565 0.976710127577793 1.04049236555888 1.02907964961315 0.918555834492915 1.0280370809977 1.12057067623541 0.990107228894866 0.985194390036097 0.938380086123445 0.977539624644479 1.07605527708235 1.03638323259652 0.959794486063457 1.03438706645426 1.09897080735922 1.09778859449618 1.05012154791883 0.997317647537276 0.964694269308835 1.09112379947456 1.07961712289441 1.01033192049963
"AnsteyF_ENG18820Anstey_1" 1.13379403111593 1.05028513117978 0 0.981621180118511 1.11601233724824 1.07885837737871 1.09110098141257 0.854014985316342 0.959846019142376 0.990002258867094 1.01781173340959 1.11195443930633 0.951224012307346 1.08341699582681 0.97590923959174 1.08123107109668 0.971071287010328 1.00873523086856 1.0442183369507 1.03236003746692 1.04714241169683 1.1025931371219 1.08401672624963 1.03761042350206 1.00585678579111 0.987039920769664 0.98465445968309 0.969008373018323 1.06529410101098 1.05184428315794 1.09050549018007 1.05893674678293 0.916125046544604 1.05477114606609 0.882972403052897 1.00673351703059 1.01934407555219 0.881710642724455 0.876332294852392 0.98452140567911 0.852173681840338 0.940324943325134 1.01116931146804 0.998743685357003 0.996763353275722 0.994557735962535 0.998472706598126 0.88839882600027 0.96260312827745 0.985976137880944 0.980971509883616 1.07593370192435 1.06630897208246 1.12455669558086 1.07236498315312 1.06127334485334 1.07218147742992 1.10708111434506 1.09304282705169 0.992519609811732 0.945318540267834 1.10009591425098 1.07789688058322 1.12715229788579 0.908878205941299 0.806367887188227 1.03021570944725 1.005202832352 1.02916370238964 1.07917794106709 1.12057037053961 1.13743251614041 1.01719847359002 0.969892228530594 1.03304726305021 0.845397440004048 0.991417090872031 1.10304446735263 1.11295970404031 0.968682675879303 0.938501021386668 1.06946473688172 0.97420507007431 0.897541449942589 0.999557134192643 0.949592805635149 1.03401561304405 1.04387429156611 0.902193255444611 0.990906266302081 1.08156817253704 0.933580773490573 0.912055001929557 0.994166133085288 1.10022882844028 1.07266213530847 1.08619596663542 0.983198856750489 0.990005185696524 1.0875694218613
"ArlenMichael_ENG19201Arlen_1" 1.06770495037138 1.10683683539228 0.981621180118511 0 1.09696999681212 1.06867762057925 1.07410949103204 0.919516213338462 0.942096738409427 0.95715087331324 0.970240995855963 1.04482371471751 0.949764448983174 1.00297524079743 0.98737528505024 1.00887242251715 0.830037916666702 1.01276579909669 1.1082342008343 1.04632794926238 1.04860794480219 1.0476903966745 1.03039874453769 1.02364248677238 1.06301362245218 0.997171573901132 0.977030596421956 0.91144656319568 1.0616090937328 1.08687478648203 1.09464697532474 1.06439681440914 0.97939623583987 0.996695378406569 0.970508609409938 1.0175555650695 1.03388743882214 0.931923252834644 0.843853686746845 1.04844347358946 0.903568587747247 0.913115175406287 1.05402816020278 0.992205196445954 1.05388862329248 1.0037576531778 1.02135303714358 0.985681772627377 1.06660251176718 1.05974548257956 0.969175660714575 1.05193574494479 1.1250115681633 1.06263160243097 1.08047034250235 1.02110426950535 1.05773772905954 1.03767914236919 1.06132084609705 1.02759290166463 0.965962137556009 0.999485169372971 1.05023756145039 1.06749601566807 0.941984770878738 0.88066880050904 1.10272451480657 0.957009141814261 1.0552301034749 1.07562915469351 1.04971532795595 1.0510290666188 1.02968827065234 1.0407084808267 1.01118361048592 0.90579270931009 1.05327715646775 1.04958780105774 1.11261953271667 1.00043144330093 1.02128021455408 1.06567088368423 1.02973150324765 0.970317185170172 1.0742483646748 0.9703244195526 1.02665903425551 1.04029209886707 0.932008648186524 0.956289629702469 0.997024319842668 0.878355632784131 0.914388930333973 0.884456958450462 1.06369878187959 1.09611462453873 1.06065768285466 1.06954684963069 1.02925693897659 1.05619598367285
"BaringGouldSabine_ENG18980BaringGould_1" 0.991956619409311 0.829499464425997 1.11601233724824 1.09696999681212 0 0.968685502004358 1.01840409730301 1.14329219329643 1.03950628232447 1.00992735572737 1.00010035858902 0.931936309015074 1.02063880293891 0.914892711847887 0.933320320219365 0.935288724185684 1.11679392052101 0.97080536773214 1.0173689892055 0.967795534094336 1.02163789015931 0.94065202533404 0.939436817329533 1.02758056361964 0.952784939217297 1.00973445840132 1.00684326367988 1.04121904394183 0.954874652805292 0.930595169659987 0.873771299497639 0.967045631445703 1.01644418267199 1.00200230411747 1.11391219441452 1.02959476208793 1.02270400979904 1.06217203012006 1.11543157996049 1.00587368977405 1.1311027109044 1.12729496353122 0.968007481507106 1.05226159023683 1.01980479764353 1.02907718914644 0.996372087613205 1.10317734113883 0.928415949852248 1.04970397160851 1.00671087880822 0.939608260296366 0.973286894384813 1.01564194835796 0.927827265569806 0.978231623697898 1.00476301569266 0.877303938307603 0.922205280071175 1.04910792767045 0.996376457774829 0.943652784995435 0.926667644928196 0.895123525196877 1.04886140834223 1.08978762806749 1.01569095296946 1.03745614792337 1.03104418423835 0.978795850627072 0.920756701335296 0.905716508878675 0.938598720087234 0.94636514878829 0.953047504164764 1.09706527190981 1.04655749850548 0.901633021940458 0.980425839959015 1.01426188061247 1.03778893380615 0.958508884565615 1.01838481520515 1.10661820179079 1.03015111060197 1.04179490494477 0.965047570436226 0.949251566038995 1.06215314361259 1.00823254139299 1.02069890084135 1.06089236430625 1.0740518930134 1.05453041632997 0.987647272963553 1.02647879361024 0.957401881369623 1.08418795353898 1.08362364822424 1.01288647829129
"BarryWilliamFrancis_ENG18870Barry_1" 0.945951630493524 1.03355742154325 1.07885837737871 1.06867762057925 0.968685502004358 0 0.952384831710575 1.07581937081575 1.0904628206911 1.01471108350327 1.04355503560175 0.958010186035521 1.03420137992097 1.005107346062 1.06206943136643 0.960768328317592 1.05586609279811 0.997026488352668 1.0208817776237 0.981505576635071 0.958912137542187 0.959606154394799 1.02346851826645 0.971169114438057 1.00417211921201 1.05132695013429 1.05940613279068 1.05056124186779 1.0021366406995 0.993994593321247 0.982294939050082 0.978253303507105 1.05269390631839 0.993101093280855 1.06228738468855 0.998667540997942 0.971752386627741 1.05561003145638 1.06252589812371 1.01546531326657 1.07256190358754 1.04070465532575 0.964400164101777 1.00650532974307 0.975442636308354 0.995906168364111 0.989921069769039 1.00474052036973 0.998609811218072 1.05145941190517 1.01005829493524 0.972892105481309 0.989564418990761 1.01048088443038 0.952149277158044 0.946262519115692 1.04120076155123 0.962804711599567 0.995250480578775 0.988708827063184 1.05537395256974 1.04022903945779 0.935185534309301 0.990106524451248 1.01597392752384 1.12432636698991 1.02932832306416 1.04825499322359 0.997436934502346 0.999116035178949 0.941037659576931 0.950230538919188 1.04302102706058 1.06318941315881 1.03758058806121 1.06823090459339 0.921942440706842 1.00718696729644 0.910599517695116 0.999448028896553 1.02031675655899 1.00108990312911 0.976698913331455 1.02844312332586 1.00063568344854 1.10134643888869 1.02460208379535 0.993323873427407 1.02710304680335 0.99615554042406 0.990931356463738 1.08958582261879 1.07276691476432 1.01973740930343 0.933419358481892 0.991882754934626 0.947125066577695 0.957241715528059 1.02237601688986 0.969919852249317
"BellocLowndesMarie_ENG19121Belloc_1" 0.947398454202001 1.03199975842612 1.09110098141257 1.07410949103204 1.01840409730301 0.952384831710575 0 1.00228819253197 1.04401571976897 0.991124955362014 1.00983945865509 1.00545777221566 1.06137933238087 0.951519845643833 1.02860674314693 0.954369374775341 1.06376879588404 1.02209587947019 0.964095288509071 1.02008266897652 0.928332031868511 0.951493004288807 1.00594018174626 1.03525762603925 0.982925225338083 1.0211222545733 0.986455940600025 1.04896660596844 1.00267492997361 1.03367915348924 1.03672918312927 0.970608041505633 1.00942355011211 1.03366071046945 1.05494570485445 0.995682725099359 1.00554751751322 1.05833001016133 1.00234817567927 1.01422048944315 1.01335732973605 1.00610846240268 0.98345859162414 0.969271643941213 1.01744954085057 1.01549745194856 0.96162754227444 1.06570073719542 1.06155092944588 1.05056209558761 1.01327400582869 1.02560639191093 0.999215573546654 0.982731525671877 0.968719023888496 0.979189103780478 1.03044950000962 1.02295122873463 0.984890290935355 1.03876666553206 1.03945543333538 1.02049118491174 0.989531780127595 0.97856861948598 1.02688478742237 1.06896116395564 1.03394934261463 0.991123520533193 0.978470082309116 1.03181595326313 0.934660593057101 0.988809003681846 1.05211694212463 1.04775105970335 1.01623915031181 0.992945247166218 0.953337494954414 0.98762695469365 1.0308229229857 1.03350860668399 0.989804836210498 0.989379746201473 1.05054460260999 1.00823075611043 1.06278163700718 1.03344380281033 1.03947904508182 1.03719062572033 1.02818708854257 0.984320430337995 1.00398559904992 1.05324921647813 1.03126676210118 1.02673628571886 1.00907627087189 0.998431634028951 0.952258059737344 1.00116062827906 1.01239070622677 0.969513128832277
"BensonEdwardFrederic_ENG18930Benson_1" 1.10865102060256 1.16700782200931 0.854014985316342 0.919516213338462 1.14329219329643 1.07581937081575 1.00228819253197 0 0.894425011495467 1.02681468349291 0.9987657164361 1.12935774254625 0.974217876670494 1.07649146878593 0.995388003493788 1.10510981829249 0.986115667495052 0.968444173488765 1.01325287010313 1.1445276910981 1.03976654623465 1.06854043522392 1.10289066191887 1.12818232861762 1.00968455257133 0.973751292380094 1.01323773335957 0.961544267304857 1.12317145107792 1.12926687768359 1.101238047977 1.09563504882104 0.913438450997726 1.05281257792379 0.911228125235618 1.0082960113749 1.00724053598767 0.799591956313846 0.759270983261768 1.02169935202586 0.792777642756491 0.843781372761222 1.08918640627884 0.942422121642038 1.07577698988429 1.01828986350408 0.879885088620065 0.963209910624738 1.09309483307836 1.0352735207669 0.973668688813467 1.15522787950268 1.04149568116556 1.03417889333283 1.09957152290772 1.09637989055973 1.07556203034819 1.14467592730217 1.11382690604609 1.10456381492179 0.945727093075395 1.09531188584972 1.12879859464885 1.11959712731186 0.900588657288878 0.778103901727633 1.04450008124016 0.956405389573769 0.9402479878256 1.1156428408187 1.08616996312563 1.15587892781199 1.09778603463017 1.00885054250113 1.08079351794207 0.736968712109465 0.951290446597848 1.14664532804817 1.14413306781519 0.969145867223702 0.987399307389208 1.10037666102288 1.07952089311772 0.855342729059154 1.10841328703984 0.975612003289576 1.07625127419048 1.05270677995162 0.978217741791459 0.910717350089733 1.09586317725811 0.919313073095585 0.887245814429146 0.960056800037451 1.09008934798179 1.05014118760409 1.07603220543803 0.956548028025215 0.913319156003961 1.06737158059717
"BensonStella_ENG19190Benson_1" 1.07791588005791 1.06629021555371 0.959846019142376 0.942096738409427 1.03950628232447 1.0904628206911 1.04401571976897 0.894425011495467 0 1.05031548391506 0.999456695090889 1.04919706546365 0.984735488427112 1.01832830609607 0.968359958740637 1.04078169664745 0.995862337822242 0.955607749499688 0.969016982845842 1.02310067342175 1.08307471822627 1.06925013944275 1.050440875662 1.06429133128785 1.00064598689317 0.934273923524673 1.02008998144863 0.997622033897067 1.08314752971 1.01369865721695 1.01319030082856 1.04140095568559 0.92998879732424 1.03945048679128 0.968403377393781 1.02562901429697 1.03623912132131 0.894837005164917 0.926810006513798 1.0171241228341 0.924626128528271 0.991067443542599 1.01613551753235 0.983694722421843 1.02046715631712 1.02376938779129 1.00292141274305 1.00579737760079 1.01107638713634 0.998396539779243 0.945854135558338 1.06656437862147 1.00027971851111 1.02418640857783 1.0316787117719 1.08535061996595 1.00769651902248 1.0650529095077 1.02371604835211 1.04709035931708 0.918038250083766 1.01276804881045 1.06157094402397 1.07343796684393 0.955712156131253 0.871077070860312 0.935644345122245 1.03407693494592 1.03589426990391 1.06575532396686 1.03126384158728 1.06570389310141 0.993698696095295 0.987783379072982 1.02790060021851 0.910608389794512 1.04291615954399 1.01892286432767 1.05877728080591 0.985663311244295 0.996070863331668 1.07092822230065 1.07471095699626 1.00681271792469 1.12002850656218 0.987897225351898 1.01552586776567 0.986420648302838 0.95576215625453 0.932563746375089 1.02510946359909 0.918695176971085 0.903794167032886 0.977369840024966 1.12490202840425 1.01690190481303 1.0357757062401 1.08393177531948 1.00185352879313 1.07168348619762
"BlackmoreRichardDoddridge_ENG18640Blackmore_1" 1.00290615280534 0.99023511709026 0.990002258867094 0.95715087331324 1.00992735572737 1.01471108350327 0.991124955362014 1.02681468349291 1.05031548391506 0 1.00887898240802 0.939351024837179 0.941398756079929 1.02455262320427 0.967829019080985 1.01855003068602 0.947207687398765 1.03666280777794 1.01512834405917 1.05619110439842 1.01238984947595 1.00800787289313 0.994362302665282 0.966439890914195 1.03950904669028 0.933763047731746 1.01197324985965 0.933485366039976 0.960859118094582 1.0167472495147 1.02850382304337 1.07602805503259 1.03763671119229 0.990071667771848 1.02341204286514 1.03562689908161 1.03544729677013 1.03080462603236 1.00560067729483 0.953719981334183 0.969278897043237 0.928346858317346 1.02000397745319 0.944363911760285 1.02594232404289 1.03983691659025 1.02582802299215 1.01122433472306 1.01039082757635 1.01766170823761 1.00279365845705 1.0252800103118 1.08973392796292 1.03085268844665 1.08114749470614 1.04394584278457 1.04337093110671 0.982797461425428 0.89819530942273 1.08391355278127 0.953162572229735 1.04303664743634 0.974904857146531 1.02305960003941 1.00176150335498 0.9607276943294 1.05511514515149 0.974200100985223 1.0264402716069 1.04413033835283 1.03384821639775 1.04611881306371 1.0158533232125 0.954789316494315 0.976974529566301 1.01915181659665 1.03194380605307 1.00499755704801 1.04426363883462 1.06252659052879 1.00846909443255 1.01455479530958 1.02121432168289 0.993550562489506 1.06435427204014 1.03716969293016 0.941833714654343 1.03909946130478 1.06402029291788 1.03265404927717 0.926310940135743 0.96561144386282 1.03180158298476 0.979567707507007 1.01216144166636 1.06782285160347 1.03346078612333 1.02748343660343 1.02288936030775 1.00384779359208
"BraddonMaryElizabeth_ENG18621Braddon_1" 1.01118364151333 0.926639465312296 1.01781173340959 0.970240995855963 1.00010035858902 1.04355503560175 1.00983945865509 0.9987657164361 0.999456695090889 1.00887898240802 0 1.03971602912376 1.03205838153003 1.03223460472637 0.992094059453752 0.991764412540623 0.977775809971073 1.04044927424679 1.01857644546956 1.03454834568984 0.971179912239851 1.02911935654276 0.977854428910566 1.03755680646057 0.992755686709266 0.994766633907447 0.976488685038361 0.984030898215065 1.00894873997489 0.996518298209101 1.0444450205468 1.00672449893724 1.01364708663417 1.00015015996409 0.978469292569019 1.01460273597266 1.00112265119204 1.01397158069317 1.01186667605278 1.00268954074604 0.989568312173688 1.02151498643924 1.0181206224558 0.987729327226792 0.995563225169682 0.991439913917256 1.00147640166135 1.00478689621468 1.01005456273236 1.01984636620317 0.998448066642347 1.00817224904233 1.05366937377204 1.02386243809944 1.01693502618172 1.03151007117387 0.994258900690337 1.01555528427488 1.02946227794012 0.988649005564445 1.04123744282147 1.08735345471877 0.982028676996299 1.00637144822259 0.990847442953231 1.01763661626378 1.06172321207196 1.01692657683529 1.00782276927663 1.0085827697081 1.05823779282914 1.02607953580505 0.998462688650297 1.01777105624818 0.986003638997508 0.977702984307345 1.05931285465209 1.03495704950185 1.01357708600343 1.04714093097738 1.02314210563035 0.989913968616358 1.00038247477013 0.993893192079538 0.996100164646087 1.00280807996163 1.05919827444327 1.00387398929264 0.994493406503983 0.964617142362125 1.03602282254415 1.01838958344142 1.00108733032267 1.02487827817595 1.00462713261503 0.998409315749825 0.999085565806843 1.01868992866509 0.994107058641359 1.06247559270383
"BronteCharlotte_ENG18570Bronte_1" 0.964022898920151 0.902991770149909 1.11195443930633 1.04482371471751 0.931936309015074 0.958010186035521 1.00545777221566 1.12935774254625 1.04919706546365 0.939351024837179 1.03971602912376 0 0.970121484225411 0.943703353898009 0.915379669607231 0.934039808357553 0.999894069344296 1.01889412459259 1.0170763583771 0.995592963796841 1.06775841889412 0.94225668103395 0.910564488377385 0.922590022198908 0.998788188927988 0.95098781396355 0.999313935453491 1.01151171361671 0.975708650886352 0.976093457821194 0.922924699041049 0.964673377359209 1.04207029678517 0.969049070822705 1.09745065426927 1.02009729866481 1.0240760915356 1.08375251045375 1.10156622743029 1.00984937822742 1.05820570185835 1.07928784554863 0.946373093607388 0.97623780485887 1.02275307251184 1.06266423014256 1.03010618210162 1.11038381183116 0.984172474372986 1.02101567950208 1.01346120916186 0.981413590257212 0.999096670655766 0.932145064169478 1.03612032717667 1.02746105365829 0.964553339971404 0.900622424436869 0.873919266658194 1.09499612286774 0.969269867793381 0.955598901082382 0.948827938094887 0.957821939597048 1.07052560475367 1.06107361460921 0.978401180772985 0.944292599237965 1.05998950081355 1.03404513632612 0.994125879126127 0.995635803788833 0.956853742918938 0.993470289504704 0.900110881083126 1.12130587636155 1.0782009494064 0.894600057803081 1.00694450809553 1.03926129990811 1.04617961199718 0.981411457590995 1.06455260234528 1.09472960545413 1.05173437934675 1.01434099602131 0.985267257401839 1.01497149289675 1.12474873139012 1.08891158763999 0.901958842149756 1.02499971175649 1.07027021218241 1.0355767324355 0.974633542778688 1.03572005430402 0.969472629303433 1.06009035165361 1.04687655941326 0.959601624755674
"BronteEmily_ENG18471Bronte_1" 1.00741394006333 0.969557635165751 0.951224012307346 0.949764448983174 1.02063880293891 1.03420137992097 1.06137933238087 0.974217876670494 0.984735488427112 0.941398756079929 1.03205838153003 0.970121484225411 0 0.977673342122357 0.910380779085208 0.984104786401685 0.955575150127773 1.03634786235969 1.0285287618861 1.06192129879912 1.09262736047058 1.01932290871928 1.00284595495084 1.07406986213233 0.983174229145426 0.981846012662204 0.97618486971873 0.953868249870708 1.01932830361191 1.07928500259433 1.08374246605508 1.07438003815072 1.01821686328225 1.01501803952719 0.964517180452394 1.02129141375557 1.02125134843184 0.95285128903544 0.978859246747911 0.940403176997624 0.941448422405392 1.02422277157292 1.07094200670162 0.987960186266465 1.02853490259254 0.94932773931783 1.02360194873793 1.00191428223254 1.00384887614349 1.04375746013548 0.982763947065564 0.984655679490804 1.04052407875738 1.07424625070732 1.05394913412408 1.03115755715651 1.0932094641697 1.00080252831568 0.973092968118443 1.04750443984928 0.978766708107706 1.02007979219129 1.01281641222159 0.998096569635445 0.994828451469893 0.934822030573107 1.02658625452196 1.01870526106135 1.07204919084798 1.02565623958643 1.03008398475114 1.04346506357013 0.906124698269469 0.970606003412531 0.990055306258664 0.972503608987746 1.03933644581697 0.996280632122398 1.06581881965103 1.04371868007223 0.883670588012977 1.02205295756682 1.0241584970544 1.0167230512356 1.07488915973886 0.97657724200014 0.936232441732423 1.00082453525797 0.942544068377869 1.01732880287578 1.01974172081771 0.984560567060225 1.01271482329529 1.02147774314811 1.06680430165158 1.07363735020181 1.04483026336211 1.00813304188462 1.00606845267596 1.05679024736854
"BroughtonRhoda_ENG18830Broughton_1" 0.955655199796613 0.949243541249082 1.08341699582681 1.00297524079743 0.914892711847887 1.005107346062 0.951519845643833 1.07649146878593 1.01832830609607 1.02455262320427 1.03223460472637 0.943703353898009 0.977673342122357 0 0.816182809087303 0.672877716817862 1.12729024907985 0.964513456902792 1.03195193131517 0.946340682683771 1.02052985109988 0.900294818003564 0.954946009712997 0.979885208726837 1.01000585546838 1.03464026930954 1.01546749583646 0.96663401476715 0.976102361310492 0.981277413627331 0.939455930020122 0.95622768162872 1.07489671686173 0.92408747582375 1.15436942630278 1.0681726385673 1.0439442639754 1.04039049065193 1.03596236234385 1.06616199221059 1.04760077103921 1.07943540605486 0.930249694394023 1.02158057043938 1.10079833012343 1.09660537811375 1.02542330479514 1.15593940704289 0.99036274338316 1.08606149535219 0.999461658368945 0.930280955508866 1.02313768210838 1.00427923638983 1.01635947442461 1.03889516073901 1.03027830742621 0.888096277087573 0.92890826651442 1.10401611621345 0.925125377633872 0.843718152190456 0.954421878160089 0.976611401618943 1.05680769212189 1.08350814357029 1.0308493845811 0.869704896028603 1.07037794689501 1.0319131233165 0.957771725070026 1.01712487181891 1.01387993730309 0.938502903331055 0.937809745250566 1.03832434366714 1.05100810933664 0.916246686128858 1.07673459788633 1.04542778971544 1.06089552168937 1.00587300511535 1.02799330529925 1.07624169031405 1.0804395929 0.970836121451173 0.952114712780201 1.02409649166859 1.1550270974693 1.09970953331925 0.986811023024061 1.04519624987854 1.11637416163392 1.07780947659748 1.02346347001457 1.07170985573191 0.97601855984447 1.0026687074488 0.982925171879713 0.947157236981145
"BroughtonRhoda_ENG18871Broughton_1" 1.03710491220019 0.932516974131058 0.97590923959174 0.98737528505024 0.933320320219365 1.06206943136643 1.02860674314693 0.995388003493788 0.968359958740637 0.967829019080985 0.992094059453752 0.915379669607231 0.910380779085208 0.816182809087303 0 0.848829553629564 1.08171014068173 0.949191675535378 1.02727490689244 0.975278508527821 1.07158913924803 0.992042848331557 0.981666974822949 1.06083696021222 0.990239529547173 0.956150689455161 0.998377603855325 0.927710594593631 0.996886690838446 1.00333132828029 0.960496007163698 1.06295398291062 1.02818085052658 1.00153273973796 1.10233460606842 1.06409573826595 1.03767007404256 0.969511612698616 0.964216052520327 0.992926642352164 0.998147864307973 1.02174728287036 0.973702851475006 0.984205330949794 1.12057709299833 1.05151661879743 1.0203416163946 1.12304019292852 0.99938626637904 1.02785205059789 1.03171044917401 0.950210792110902 1.05033028514771 1.0128534333201 1.06071053105045 1.05345270406845 1.04338966042486 0.918604569658343 0.964171735875432 1.11562491159114 0.891993675328655 0.892214155237708 1.05006293825596 0.973234834442091 1.0077055156906 0.935552733791324 0.999110415001396 0.867940885667908 1.07515677446379 1.04397109787969 1.04420579440293 1.040348518228 0.995485749450923 0.953018902224635 0.983326473876681 0.932238537626323 1.08745740099069 0.950211205081387 1.09464789286032 1.06079666349676 1.0032602830721 1.0683767518339 1.03714455844164 1.03668723380882 1.12947146906337 0.929636307077143 0.952094568540336 1.02001165962148 1.11169988535335 1.06072417159528 1.01526755501863 0.938495386175769 1.02474274922003 1.0866765861552 1.08080612634978 1.10405943184033 1.03194643315031 1.0405410380006 0.993325127074538 1.04233724375699
"BroughtonRhoda_ENG18901Broughton_1" 0.941177436840631 0.937336022862925 1.08123107109668 1.00887242251715 0.935288724185684 0.960768328317592 0.954369374775341 1.10510981829249 1.04078169664745 1.01855003068602 0.991764412540623 0.934039808357553 0.984104786401685 0.672877716817862 0.848829553629564 0 1.11042407125286 0.976621988197112 1.07590077953942 0.959565942211642 1.04638141792986 0.930921296450153 1.00782788986111 1.00544232848877 1.01144459924429 1.06872349075152 1.04166703255282 0.983110804963289 0.978360193067329 0.992149211971922 0.953190421265561 0.963511134765519 1.10347064599873 0.9545762908671 1.12301730187433 1.04558394919359 1.01141775708395 1.10462088378583 1.028287362813 1.06218403325787 1.06932894265956 1.03705489636472 0.910104206137671 1.04832065696852 1.06146736921547 1.06502248964523 1.03595731795441 1.12517061103678 1.0037985870574 1.04754329953298 1.03201230215225 0.908784515271811 1.0562691810829 1.00112194731 0.998740020566977 1.03439683478731 0.979006688928865 0.894354337132722 0.964311148185256 1.08875128475245 0.953838357410971 0.842845947647777 0.968335917173777 0.975958740400862 1.04793946942441 1.09261600854451 1.05847454358463 0.896305324145954 1.05452538853033 1.0131278706962 0.956110682123924 1.01234746831196 1.01758110702912 1.00165346309095 0.978339002018589 1.02764052660345 1.04533805398525 0.91440824594249 1.01687921698592 1.07365752510846 1.08385285952871 1.02784548753839 1.00827739701657 1.06213599987021 1.02671867793733 0.963506485600992 0.95462997939882 1.04392570091913 1.1377756346157 1.08957875187531 1.00581709278066 1.04990431341479 1.08614500951802 1.07112021289118 0.977321443348678 1.03457618223577 0.967921847732438 1.01018397513632 0.969533516611829 0.928982310757325
"BuchanJohn_ENG19150Buchan_1" 1.10608499294184 1.04276306672742 0.971071287010328 0.830037916666702 1.11679392052101 1.05586609279811 1.06376879588404 0.986115667495052 0.995862337822242 0.947207687398765 0.977775809971073 0.999894069344296 0.955575150127773 1.12729024907985 1.08171014068173 1.11042407125286 0 1.10348781938388 1.00457302961976 0.984605473753617 1.08006258604948 1.09128952488844 0.997179535158158 0.899337590533159 1.05646914827957 0.911512998180347 1.01932179873358 0.971644192623158 1.08015111433986 1.04674439649352 1.08664920098209 1.05430388408285 1.00485902248037 0.963631004003493 0.936264536920011 1.0447157533114 1.0665744565865 0.995019849070291 1.03127303505862 1.0186990308113 0.980457734623228 0.921717963317226 1.02078013782262 0.888766271202476 1.0018061241235 0.970278197209121 1.05494160157113 0.896064056120876 1.06484160197262 0.928153141839239 1.03539878947517 1.0529999361882 1.04097085376954 1.09954949645067 1.04598391752804 1.01877420090096 0.963960991850267 1.11926635078834 0.931930061033072 0.969871610039586 0.98919165177166 1.11422691781635 0.986666499185405 1.03012950807032 0.968396478157224 0.913068636849613 1.00050153953546 1.02244966219947 1.0493856973962 1.0383941165174 1.0838039363915 1.04012875194792 1.02333759572634 1.03748426985816 1.02860165603661 1.02021339976681 1.04782278879368 1.09885488779888 1.07837203289653 0.924604850715653 0.941092185225459 1.05658045079237 1.07313704122615 1.05259461833284 1.00870719234001 1.06667876904092 1.07767504630535 1.03504134172715 0.893128926448595 0.990720867531721 0.821478075572209 0.885442812908744 0.95414757483376 0.924271808157752 1.00965388860713 1.07220413192166 1.04681516656777 1.07349450700772 1.04754716600454 1.08138624657025
"CairdMona_ENG18941Caird_1" 1.0024903622332 1.02422068427635 1.00873523086856 1.01276579909669 0.97080536773214 0.997026488352668 1.02209587947019 0.968444173488765 0.955607749499688 1.03666280777794 1.04044927424679 1.01889412459259 1.03634786235969 0.964513456902792 0.949191675535378 0.976621988197112 1.10348781938388 0 1.03777849662012 1.02654720457674 1.00303851808503 1.01090667177665 1.01695042979718 1.0530246355947 0.97955248208015 0.975502407909392 1.0320102276574 0.990804213248477 1.06298153871001 1.01583041822284 1.0351517999142 1.02118132642785 0.935826939978384 1.00423865440906 1.03286818478563 0.997823414309158 1.01619095410167 0.971028006244366 0.917929375774764 1.00367092207058 0.987348812569052 1.01222228972489 1.01277963298693 1.0585308093341 1.0222529139948 0.986696878041884 0.955183587853989 1.061729568049 0.949726549420941 1.06380080407578 0.958687714151468 1.0155719671278 1.01778747458925 1.0005980903328 1.02794372719246 1.05841442970093 1.02948092770585 1.02032208382177 1.03924812332886 1.04764760001201 0.943077728839152 0.988368101085691 1.05301758447758 1.00718484035655 1.04731116729953 0.957282110561837 1.04712214663971 0.990905592562177 1.00848202981388 1.00898661990809 0.982442727195671 0.990801628834537 0.940887447011119 1.01993140429593 1.009071631976 0.9767185810499 0.992408336199145 0.97509599223093 1.00709818278204 0.994264772256576 1.00321252771703 1.03111741486139 1.03379022756147 0.998081088008075 1.10910229584221 0.987491385413507 1.00999460610547 1.02547954054265 1.0361297653158 0.985439581322845 1.03270843782634 0.998305291105597 0.98926294824688 0.97827159654494 1.05217306658267 0.986941417013576 1.06826021059487 1.04131428270737 0.955024063070612 0.990189618674737
"CarrollLewis_ENG18652Carroll_1" 1.03784644196926 0.939514975806301 1.0442183369507 1.1082342008343 1.0173689892055 1.0208817776237 0.964095288509071 1.01325287010313 0.969016982845842 1.01512834405917 1.01857644546956 1.0170763583771 1.0285287618861 1.03195193131517 1.02727490689244 1.07590077953942 1.00457302961976 1.03777849662012 0 0.977528640643322 1.03481132076808 0.975067349692043 0.954899331897921 0.975119456693558 0.990256064772121 0.938202938311064 1.01500389004541 1.04969483758473 0.980452171651167 1.06341676831494 0.997370094716671 1.03944599137717 0.972321440477213 1.06907019274662 1.03177886105424 1.01600544164212 1.04830390847392 1.04745024864633 1.06284647609063 0.945134223299576 1.0416785334733 1.02079206499941 0.954034159385918 1.01042869853944 1.064734477544 0.990202729233606 1.05562274853178 1.0332538010118 1.01686048894284 0.838931337190183 0.954902541192476 1.00657896970613 0.848042664391751 0.94447903916373 1.00316839636127 1.07871742882377 1.01546953196232 1.06174969161686 0.976235508221246 1.12019788346479 1.0277824007854 0.948286891921675 1.00360014038099 0.994272987221741 1.03519068030348 0.991341359220987 0.804764057205695 1.05844853842592 1.02884825388688 1.08477198829862 0.981523086587217 1.04726162922103 1.01065085375591 0.998131512865807 1.05971062771486 1.06255734480775 0.988167018091077 0.995045087253293 1.07909207645092 1.04716339829956 0.957349544812231 0.929663000644787 1.08367887551954 1.05884182372793 0.973724516632159 1.0665766430236 1.01558297698268 1.01826023819321 1.00487081058496 1.02476897896838 0.995905947778481 1.05813645178367 1.05577163267295 0.989115115245223 1.09502215285717 0.876120864277046 1.01078613828057 1.04669352270718 1.05379933810832 0.966278848195587
"ChestertonGilbertKeith_ENG19080Chesterton_1" 1.05725473846171 0.91130976361571 1.03236003746692 1.04632794926238 0.967795534094336 0.981505576635071 1.02008266897652 1.1445276910981 1.02310067342175 1.05619110439842 1.03454834568984 0.995592963796841 1.06192129879912 0.946340682683771 0.975278508527821 0.959565942211642 0.984605473753617 1.02654720457674 0.977528640643322 0 1.03583819340407 1.00539696590913 0.965021481122281 0.899556931948308 1.03436750172261 1.02818209981683 1.01942406107575 0.983690700800994 0.944949557499229 0.951536313422035 0.957907959644843 0.953411509819972 1.06248054276427 0.947193767679573 1.04743292813591 1.04638899958867 1.00889335691552 1.08489870039688 1.12086370750117 1.08759988079314 1.09562470259633 1.068328896604 0.963533981769869 1.0128594337483 0.990787498462462 1.0190888731259 1.08430455320778 1.03042729754896 0.980819915463396 0.935719897818013 1.06942887803271 0.902871831875942 0.923912720271471 0.951814256965909 0.914897587487469 0.97942285855062 0.9695601998149 0.957502415432285 1.00722798774951 0.991516240130155 0.994039701370026 0.894443483281853 0.946613365416813 0.989579706623179 1.02870823409336 1.12989329742779 0.937694286253159 1.00907261566827 1.08868208985454 0.959816453192216 0.984320710068633 1.02069466902876 1.01563301179183 1.01691589842449 1.0144285976653 1.07774246218579 1.10188528441034 1.00472388594805 1.02189520300065 0.975420106554156 1.04195085192015 1.01347534571623 0.986302733606388 1.09597993278933 0.968507106795263 1.03461879807161 1.02006212818692 0.969407568636094 1.03564364245376 1.08654921424716 0.968870113337373 1.01436265446683 1.01830007659208 1.04770239339695 1.00371996585303 0.966748428768966 0.904583742310084 1.05852067113438 1.08278134753472 1.03410688156437
