 AbonyiArpad_HU12028_1 AbonyiLajos_HU13802_1 AbrahamErno_HU16529_1 AbraiKaroly_HU18411_1 AbranyiKornel_HU14548_1 AgaiAdolf_HU11795_1 AmbrusZoltan_HU05286_1 AndorMaria_HU11129_1 AsbothJanos_HU19000_1 BabitsMihaly_HU00600_1 BarsonyIstvan_HU12750_1 BartokLajos_HU16124_1 BeksicsGusztavne_HU16243_1 BenedekElek_HU08358_1 BeniczkyneBajzaLenke_HU14745_1 BeniczkyneBajzaLenke_HU14769_1 BeothyLaszlo_HU13445_1 BeothyZsolt_HU07718_1 BorossMihaly_HU16361_1 BrodySandor_HU00628_1 CholnokyLaszlo_HU05964_1 CholnokyViktor_HU07119_1 CsikyGergely_HU14125_1 CzobelMinka_HU17653_1 DegreAlajos_HU07693_1 DonaszyFerenc_HU11968_1 EotvosJozsef_HU00642_1 EotvosJozsef_HU03130_1 EotvosJozsef_HU04774_1 EotvosKaroly_HU16344_1 FayAndras_HU08163_1 GardonyiGeza_HU00662_1 GardonyiGeza_HU06982_1 GardonyiGeza_HU13387_1 GozsduElek_HU18535_1 GyulaiPal_HU00666_1 HermanOttone_HU14564_1 JokaiMor_HU02204_1 JokaiMor_HU05572_1 JokaiMor_HU05573_1 JosikaJulia_HU17873_1 JosikaJulia_HU17910_1 JosikaJulia_HU18964_1 JosikaMiklos_HU10230_1 KabosEde_HU17048_1 KadaElek_HU16355_1 KaffkaMargit_HU02028_1 KanyaEmilia_HU17999_1 KanyaEmilia_HU18993_1 KarinthyFrigyes_HU00719_1 KazinczyFerenc_HU00726_1 KelmenfyLaszlo_HU19006_1 KemenyZsigmond_HU00730_1 KemenyZsigmond_HU00731_1 KemenyZsigmond_HU05620_1 KovacsJozsef_HU16672_1 KoverIlma_HU13462_1 KrudyGyula_HU00763_1 KupaArpad_HU14315_1 KuthyLajos_HU07552_1 LovikKaroly_HU16600_1 LuxTerka_HU17694_1 MalonyayDezso_HU16123_1 MikesKelemen_HU00879_1 MikszathKalman_HU00898_1 MikszathKalman_HU00949_1 MikszathKalman_HU00954_1 MoraFerenc_HU00977_1 MoriczZsigmond_HU05060_1 NagyIgnac_HU07551_1 NagyIgnac_HU18153_1 NagyIgnac_HU19040_1 PalotasFausztin_HU16127_1 PekarGyula_HU14261_1 PetofiSandor_HU01009_1 PodmaniczkyFrigyes_HU07629_1 PremJozsef_HU16359_1 RakosiViktor_HU06784_1 RitookEmma_HU16824_1 SzathmaryKarolyP_HU14197_1 SzemereGyorgy_HU13316_1 SzomahazyIstvan_HU10428_1 TaboriRobert_HU16328_1 TelekiSandorne_HU17606_1 ToldyIstvan_HU07694_1 TolnaiLajos_HU14664_1 TormayCecile_HU17435_1 TorokGyula_HU09105_1 VachottSandorne_HU00011_1 VachottSandorne_HU00012_1 VachottSandorne_HU19018_1 VadnaiKaroly_HU07703_1 VasGereben_HU01115_1 VasGereben_HU01116_1 VasGereben_HU02143_1 VertesiArnold_HU14689_1 ViraghalmiFerenc_HU17960_1 WernerGyula_HU13606_1 WohlStefania_HU07729_1 ZiganyArpad_HU12359_1
AbonyiArpad_HU12028_1 -4.730986252707 -1.2589142869069008 -1.0837960854014197 0.4251860550486072 -0.6429657193246645 -0.3352891145721959 -0.7330957194084079 -0.47654465449247946 -0.22380489237841883 -0.7311287931181278 -0.49348922214783053 -0.651735786678342 -1.1956264271389345 -0.9711853795782971 -0.23565946015407815 -0.49007075656253707 -1.4252479607166095 -0.51963853639235 -1.035175336169293 -0.7972834787555358 -0.38400460536432646 -0.28128225376171534 0.11139547453035567 -1.15661916442972 0.1780153076734787 -0.2112443417260876 0.9997931143937152 0.8598970075605292 1.2691358687932235 -0.30766462037783837 0.552576493280568 -0.3391665352235504 -0.6454788236990096 -0.5076443776143527 -1.236975551580967 0.5061572313634058 -1.3750607174875156 0.1694217178909301 0.16262075285760594 -0.30684107340987476 -0.298024666417589 -0.13119038724271484 0.06400375364421643 0.6542663916101035 -1.3103744008655076 -0.9813499267185514 -1.2708385655074927 -0.3202155576411865 -0.6616509813202327 -1.0101592111976685 0.2425994453842311 0.32462038304537655 0.7379663324726681 0.6292004450632674 1.1510906058611003 0.3311162105235976 -1.2318859745990665 -0.11013686152366399 -0.4284533661878421 0.5496598276118118 -0.8257053415363032 -1.3635826078589608 -0.8765582332469828 -0.7508479860069002 -0.5878420125955374 -0.6070896993142781 -0.6470882328961929 -1.1150091388795016 -0.5850416410319775 0.46862470916603455 0.2548734686390948 0.3700975972593002 -0.5797578450064518 -0.5005888057781401 0.08702229962929589 0.6637989408559897 -1.1950490362341604 -0.5446262379483371 -0.7812991553387327 0.027273444886117597 -0.24518391401167366 -0.5513220518537268 -0.2832521678219671 -1.0826186535540532 0.6483522807450318 -1.4371013950596503 0.20195464502755409 -1.1891003387661332 0.22143804389971658 0.6508464028506603 0.4777582546403059 -0.8677606965917983 -0.6342397210464077 -0.19998493312525653 -0.730328790171186 -1.2030432175290386 0.3412257214800096 -0.6757172778287875 -0.69560888753405 0.5511579144699511
AbonyiLajos_HU13802_1 -1.2589142869069008 -4.730986252707 -1.4802700156999127 0.8822211299419676 -1.2227790405075576 0.1179326933610171 -1.1383707864960249 -0.9560896420711769 -0.2591028156275443 -1.1250633680149014 -0.31636870709295567 -0.3840177089244651 -0.9092908613525653 -0.4777882998325924 0.37705255474720106 0.09019599110991841 -0.725747204604893 -0.6233754062868101 -0.6444741173378983 -0.9197132096618493 -0.5941113611837522 -0.49940098106669517 0.09639926391522687 -1.6646929610950785 0.019314109030167552 0.3668346411053579 0.32105018595238016 0.4766622041736679 1.130456259354498 -0.7633526739157935 0.6903337194230651 -0.572247415119694 -0.9080963818553733 -0.3534283507850701 -1.2226277939354855 -0.21372152937220357 -1.1417205883361126 -0.4189675611183799 -0.2509601404500137 -0.7010733380771519 0.04269454435217207 0.09757756186647241 0.6132900841721765 1.5785169396447147 -1.7574119151228313 -2.274618351624634 -1.1037704389635754 -1.6050726553591836 -1.0568869334311244 -0.2769364974148961 0.37072464891529633 1.239446020788896 0.7876234299545926 1.195826779334802 1.2774668534590794 0.7371070419189707 -0.34648174084714173 -0.03954382804776517 0.14404856032346913 1.0971863592080617 -1.0001146222290083 -0.6606151265745224 -0.9436239127830869 -0.8079998829789858 -0.7615516347028259 -1.1425243938699476 -1.118624125416332 -1.3635141496829692 -1.2173720944437816 0.5875940486623756 0.29512895139439616 0.35785526299766957 0.3349454898561391 -2.0141957304217346 -1.3159898829896435 1.0788326594451103 -1.1828312411392665 0.2857122762645169 -0.45142140769951666 0.7299576895294615 -0.32435256415079605 -0.03287666658185198 -0.6632976290301619 -1.0005673915305222 0.8833537597814785 -1.477126026096275 0.387667562524723 -0.4754337039599568 1.500386162457026 0.5661947308786704 0.5569545882920085 -0.47793336635848743 -0.793739654340503 -0.7872511170275622 -0.49293497204180287 -1.8605653151702746 1.5637033262549782 -1.0888957221872004 0.18015524547163025 0.11924650099593134
AbrahamErno_HU16529_1 -1.0837960854014197 -1.4802700156999127 -4.730986252707 1.0912974945212095 0.19574461644821375 -1.6700904818106863 -0.8550387202904788 -1.0123338360311878 0.08649765434193742 -2.062837454277369 -1.2678744747577595 0.28691630060835227 -0.5632660103676629 -1.8170113058185824 1.4562877872822264 1.0840096173576887 -1.8329149781405742 -0.47891088335442317 0.17255662735652386 -0.6985957717422251 -1.236822044202085 -0.4969442655761243 -0.08566101409165373 -1.8625191218726789 1.3817779775362378 -1.2749842403091975 1.1492645827491461 0.8984537194151958 1.5587647133713578 -0.43923846871930045 0.9565713368281739 -1.7103541462528853 -0.7475062484516289 -1.7519048280352174 -1.335059685664056 -0.33265145712383565 -0.5957028980712862 -0.4792670976271374 0.12210673040018818 -0.8606689176676685 0.46584068258547157 0.09202325023534876 0.6214597697857958 1.450056703207936 -1.8899278093800225 -1.7897625922959977 -2.0158540577393516 0.5907244022305859 0.4685758174988289 -1.1933077296218584 1.0485248865258 1.4403019917965791 1.2674515853211425 1.1124624401513243 1.0047331777347162 1.1603528629392152 0.14752767235057582 -1.2936572043953602 0.008151647505494327 0.8492986276013564 -0.5141295244336774 -0.6776902440267552 -2.154765073774472 -0.5459753824595485 -1.2536522262464853 -1.0735892819723796 -1.3925710050960196 -2.156063334439334 -1.9931472429214183 1.2367418621007775 0.9547476110831149 0.6319131510512283 0.18406813648836098 -1.6985703054393948 0.008303107623362517 1.16635394586924 -0.29853089670452454 -1.6245767708503012 -1.355057287254023 1.2750410954255313 -0.19589980848143276 -0.35437381851637323 -1.0691237681402954 -1.0389638036035256 1.8497087450343823 -1.5697018735230728 -1.5869348603138085 -1.7241243838782776 1.5460805374567066 1.390630952821963 1.5300567011779318 -0.2980467492676428 -0.7816045750655627 -1.0544138910194958 -0.07299324147268113 -0.8431595506061427 1.0241538338413565 -1.296237284319335 0.623314628135292 -0.9202890563694566
AbraiKaroly_HU18411_1 0.4251860550486072 0.8822211299419676 1.0912974945212095 -4.730986252707 -0.0807824525385825 -0.3004683236671067 0.5419736780846528 -0.05736755836677685 -0.7466518581167252 0.6537506042672734 -0.6742299417193198 -0.5789454741582646 0.44015270634905096 -0.04329822941100016 -0.781229256734296 -1.0307536606021317 0.41118756559936526 -0.36921462902018415 0.281316523041898 -0.06670484604102214 0.1839927226363114 -0.6773980675944766 -0.1998380055720211 -0.0008269634304420162 -0.6878427376028768 -0.4684673416851424 -0.7749800903973635 -0.41290125198584865 -2.391354903444243 -1.0859535128140672 -0.34048608547630155 -0.17924646039887618 -0.45626667772580887 -0.9012895891854505 0.5524587860643393 -0.710565739431205 0.23564491393167475 -0.7352184914909757 -0.6459524254135667 -0.4360603233821808 -0.2436380220755873 -0.39738445551870005 -0.2611744612443272 -1.9260480204733603 1.1308586061727424 1.243103910256347 0.8259720756182246 -0.13745762526814403 -0.3798278889793496 0.2987390275699562 -0.6116895457121044 -1.1368436995078484 -0.8097934890117593 -0.6524085750206728 -1.4932821974369697 -2.1012467477531573 -0.2758221289274805 0.16234317276606552 -2.1245755429752364 -0.6541167839207813 -0.1335648911837545 -0.1018607771956697 0.432086204183138 0.14123542227517846 -0.24337024664684748 0.6769746217404192 0.8786142154876069 0.8247171317319842 0.7896297482836027 -0.7829020729708688 -0.5787950339491438 -0.930129130423686 -1.121964626336951 0.7848054729182917 0.11600636715211507 -0.6731136590073256 -0.4673029020059275 -1.5264461455143092 0.16006484263291001 -1.965647837595503 -1.6224945688373396 -0.0721410252188646 -0.816280706658398 0.42071212464868973 -0.46837738796301476 0.8663012014749987 -1.595534883225781 0.3035466945268091 -0.9418406217245011 -0.5309671342010394 -0.4297112705383322 0.5855528226665088 -0.12064345680972925 0.06983474713202042 -0.1189949149417766 0.3019305553437112 -1.557966735583912 -0.6769414651159349 -0.02930854988822707 -1.454688295694553
AbranyiKornel_HU14548_1 -0.6429657193246645 -1.2227790405075576 0.19574461644821375 -0.0807824525385825 -4.730986252707 0.7628707007676896 -0.8448200297917009 -0.12457742630686838 -0.9238668652263886 0.36515785901084374 -0.21290424008272096 -2.211352966591649 -1.841967506058139 0.5565364974243423 -1.2401163286124028 -1.5754029682984314 -0.24482856787072707 0.13870216230299337 -0.16976881693653953 -0.5110088901010561 -0.060137909600030126 0.3751654224537817 -0.6675153414211871 -0.45929200049889324 -1.2096025864156603 0.12332541168281978 -0.34574694024273006 -0.16647621181658756 -0.11168920564315693 0.19015934651601749 0.31759896762708906 1.012143272994289 0.14104396916403403 0.5408974136345756 -0.721812114708046 0.1287711665515803 -0.6156430389345424 0.3078753065829981 0.15960730817987143 0.23424426490542963 -0.8633694051974128 -0.5233436785692628 -0.24936512601977706 -0.0040836998527392435 -1.1040161379014073 -0.6231019442172725 0.5002643628069688 -1.2494082166395202 -1.1116201897681535 -0.41018705220222046 -0.5001930313048899 0.10463026710469671 -0.0951660998030555 -0.45474406353940294 0.07113365534312129 -0.46040402936952823 -1.606897198308088 0.7955120924318914 -0.17913652268619681 0.08659159599834852 -1.0946988995859552 -0.8660703154846336 -0.7089945686049413 0.021371332695841152 0.7945068555682291 -0.3505768560551091 0.22598713940086845 0.6326342808031394 0.043333017827638466 -0.06284750197870158 0.3083832630481577 0.11804200827447293 -0.9394608939103063 -0.9093345885014672 -0.8407278115664452 -0.4376490102423085 -2.2337766236327705 0.586264887189736 -0.17356765330671745 -0.5738664783799471 -0.7001423130592472 -0.2666723611374309 -1.0550469394968256 -1.0024454637212392 -0.9281619706498605 -0.12193739879661264 0.7670299552547282 0.34700029468509597 -0.006366168113316185 -0.3358462836866556 -0.49214378055269997 -0.4653206299483418 -0.2347647882156492 -0.1663151853505725 -0.7897636196745631 -1.4752983458614783 0.16639322152104155 -0.07081641345910315 -1.0915305596450138 -0.14178473116543813
AgaiAdolf_HU11795_1 -0.3352891145721959 0.1179326933610171 -1.6700904818106863 -0.3004683236671067 0.7628707007676896 -4.730986252707 0.19982670296757613 -1.103282129197148 0.8194995790492537 -0.3763875340916214 -1.8546098542604224 -0.4413374588561427 -0.17220557488394134 -1.193336521597525 1.182582064274294 1.5114573847228856 -0.9264438349031245 -0.7213230851014989 0.3159178669997952 -0.20242805849203724 -0.7458746925113279 -1.8142268924053675 0.21605053802160845 -0.25200757797132384 0.8526074354625808 -1.8224828842314509 0.8326425629968582 0.8077007535578098 0.35367212647014545 -0.8855931292480682 -0.6121648972383732 -1.876214941250965 -0.244033804587396 -2.0371646821628477 -0.32703705199418337 -0.5290729588403392 -0.9499470904802678 -0.932222821857151 -0.3883314602863201 -1.1943990720239763 1.221223880103974 1.3213699075570382 0.7671417789058971 0.26885078348449243 -0.3905473210394487 -1.5975866635933407 -0.6166395154925499 1.0746250192244586 0.4798636536693308 -0.7583149551820866 0.32292533485399255 -0.13396180084345033 -0.28866735851285236 0.5197503964528282 -1.005553206717863 0.3343638052504813 -0.047164171177953566 -0.6034936601209232 -0.6447688754096949 -0.6515889282116327 -0.356981095865161 0.32508385254075733 -0.7219434266206342 -0.2919555661381536 -1.5647316351645595 -1.185695178937877 -1.1440475779602755 -2.352611870728587 -1.2204635652071472 0.16848835794755906 0.010152179346423693 0.057604321022159434 -0.951492753487661 -0.588832219782411 0.2514139208026278 0.8597479758311652 -0.1534367055205011 -2.074344043224616 0.2134984492441144 -0.2794600889879263 -0.9691103037067603 -1.080347768452778 -1.1162275926036913 -0.06255666905120903 0.8326210174097156 -0.6717405384418098 -0.9796475358528806 -0.9413581917382168 -0.10669474087190274 0.8401778655727451 0.6890756008314429 0.7410519678724519 -0.2610327816159134 -0.656056393400305 0.12592397507700223 -0.14148825033228954 -0.4521869027640814 -0.8819232999512902 -0.23340085508390976 -1.5298161229485292
AmbrusZoltan_HU05286_1 -0.7330957194084079 -1.1383707864960249 -0.8550387202904788 0.5419736780846528 -0.8448200297917009 0.19982670296757613 -4.730986252707 -1.8112404451745128 -1.0625880512715227 -1.6657660400176348 -0.23609955807203734 0.04629544487086829 -0.24829502664888703 0.1541358048327081 0.13447863616580874 0.48868965834289935 -0.9971792395278597 -0.1854568686011366 0.4052071327437544 -1.4287123546533829 -1.293277491553511 -1.0483763286174819 -0.6444579875217865 -0.1400140001457612 0.07212890108612212 1.064665777426937 -0.305987987057424 -0.5771101301033112 0.04976502656861484 -0.47741235188407277 1.0576655252229423 0.2578800344848389 -0.894827560100909 0.8596380799511234 0.23427282176257241 -0.563319004077773 -0.10166373634185594 0.2617957311287656 -0.9236309909983224 -1.0294724486039377 0.5062976242373166 0.3389656320506623 0.09614758408198518 0.8647246339259869 -1.565251660789932 -0.5227873275109676 -1.7299603551776819 -0.8087574554457838 -0.6406113800061313 -1.3283807857928978 -0.16458169054082833 1.116853712691203 0.6848587666093031 -0.32521899712462254 0.4388340026699804 -0.2748283390572891 -0.6126640550856233 -0.3009591870958509 1.2190305929431473 0.8583960722348722 -1.2767728797733116 -0.9176076838674628 -0.4555765514593347 -1.2048068689907512 -0.15989457921939174 -1.4837250092019993 -1.149096346938301 -0.46820467032147456 -0.7077492538530654 0.06310647656212455 -0.38867932683309236 0.02594343211145893 0.14345779070024217 -0.550649773809265 -0.7212719528609943 -0.5141561468385081 -0.6977705982872506 0.6967184470219634 -1.2671458846527575 0.2879063019278782 -0.19170647087795406 -0.9374422930715142 -0.25948835821841437 -1.747602768606944 -0.6808397087827829 -0.5762564257834917 0.27814335491382375 -0.971464395366457 0.9739244837130564 -0.3451315010000484 0.23484827174659692 -1.4934161301356987 -1.1689938370365849 -0.7693492202204475 -0.46260765158495853 -1.008134243777914 1.5818927007304082 0.6466690400630875 -0.264537504983023 1.1511752270315487
AndorMaria_HU11129_1 -0.47654465449247946 -0.9560896420711769 -1.0123338360311878 -0.05736755836677685 -0.12457742630686838 -1.103282129197148 -1.8112404451745128 -4.730986252707 -0.45765447203491944 -1.025647400889612 -0.668683966368702 1.007434188190918 -0.1604519945722322 -0.21070793411928612 0.7025980062324084 0.7289080874727345 -0.48574987010815274 0.209574008144141 0.4337075951250348 -1.181087732053415 -0.9361144532837331 -2.1128820237846786 0.08324391512188113 0.16589521545352892 0.4292068701330466 -0.4208459523342992 -0.413507320081118 0.23104753285395013 0.06051428197466497 -0.9790236185192744 0.21925709864369694 -0.5855698791055685 -0.8039573167273208 0.6119968191399074 0.030979062602427887 -1.1305672508138107 -0.14759417451104134 -0.15196951224218408 -0.18736051588681632 -0.8077671510493578 0.6113695617791404 0.6011706187771243 -0.008899079130080785 0.26882366360134946 -0.810548771598178 -0.5984096197498565 -1.702116063090745 -0.6274783039447429 -0.5379958932636879 -1.3566525888743604 0.6260749104483014 1.1097957228309523 0.599185662066534 0.103406551819372 -0.1356630861097848 -0.47843673409890564 0.2914600909528764 0.05479197317535974 0.3011267021194964 0.5522815877045831 -1.0580640603048883 0.10215040547302041 -0.2948487343789341 -1.1741700349272712 -0.2801347308614262 -1.481242459740198 -1.3890474413257967 -1.0509019208678116 -0.4610331241142281 -0.5045854597428869 -1.1138160393706114 -0.6232635612597008 0.05581148301665519 0.3613615764014699 -0.20976973362528306 -0.3561665605132473 0.03569845480791367 -0.029947465821615022 -0.31042749166519 0.00956878109348157 -0.6527511821381382 -0.2738776785504869 -0.67057297467703 -1.7993728508280034 0.22287253232434387 -0.16579161473884288 -0.3693504051961199 -0.7041343077399069 0.7830558410753985 0.01777753428001757 0.2586525157100776 -0.653727358149368 -1.5546556880060645 -1.2016753866849181 -0.5538049140691552 -1.6194718013144789 1.293193443706162 0.2523063074513934 -0.12358886050975244 0.3068667923621579
AsbothJanos_HU19000_1 -0.22380489237841883 -0.2591028156275443 0.08649765434193742 -0.7466518581167252 -0.9238668652263886 0.8194995790492537 -1.0625880512715227 -0.45765447203491944 -4.730986252707 -0.8440750829187482 0.04638104670734898 -0.07831638208365121 0.08920603907332252 0.7366122603807096 -1.7803192814164233 -1.0802362493054931 0.4272242620235561 -0.6472337575089018 -0.12759606066818557 -0.18140926556025702 -0.5228021251478461 -0.6195502327296727 -0.6433354447017203 -0.006299296453064157 -0.9437759824036221 -0.40087759367282344 -0.47673439569421683 -1.8742609966601156 -1.1074505885874744 -0.01784685152115039 -0.14628986640848549 0.33871996760588813 0.49610732453719886 0.9779850198652953 0.21704851917079984 -0.022669995827035692 -0.08025726094819864 0.6448508841632045 0.262152120700199 0.3963288166164655 -0.9047855624303213 -0.7909599809797732 -0.9167612576085402 -0.8778227361780526 0.045602954197328044 0.7321429782041894 -0.34594662303588564 -1.5074726081673195 -1.3389161716249633 -0.02896078168956329 -1.1384373737796447 -0.7448098229042146 0.1053597431532495 -1.1072484494361792 -0.10463039825885596 -0.827064980686823 -0.4897593077271165 0.056209642793944636 -0.21260077117635723 -0.8125035769822653 0.4626038733237419 -0.532013820301552 -0.03629025862696015 -0.32009945600848355 1.0300322431959887 0.8623037763006737 1.14274654358033 1.2109498136384813 0.6272217122275736 -0.4730578219936574 -0.512493909961665 -0.07401506068130716 -0.05656317362575796 0.23620097771553233 -0.0861241768688208 -1.3704092782816748 -0.737557965022619 0.4710266419865194 -1.5741369316415088 -0.8916384094542179 -0.371760976667553 0.1632357297525171 -0.06211010593004989 -0.32619367226990775 -1.8088492326029488 0.3917914448997583 -0.09531385460006664 0.26976625411065086 -1.1514588639609786 -2.0905769741729023 -1.5433460746555319 -1.0446867731928093 0.07394565393699952 0.7090491906214442 -0.27001334129102816 -0.07291813235391305 -0.49421327467015064 0.3030475519254498 -0.9891013059711905 -0.16556903984866295
BabitsMihaly_HU00600_1 -0.7311287931181278 -1.1250633680149014 -2.062837454277369 0.6537506042672734 0.36515785901084374 -0.3763875340916214 -1.6657660400176348 -1.025647400889612 -0.8440750829187482 -4.730986252707 -0.8608003050845449 0.6815857952896677 -0.16609466908011256 -0.8501758468617291 0.7354388908616762 0.6274876617740884 -1.8428111230058606 -0.7813666427622608 0.6009899512944441 -1.6704754102924575 -1.970413660738215 -0.683273875609837 -0.19199375480253505 -0.952961068179409 0.648839696996521 -0.20114466199612693 0.5126554360747185 -0.369574400343703 0.9026430590098504 -0.08959359141941653 1.127683082026304 -1.3030064453469867 -0.8826798223519345 -0.48263314940358565 -0.9628455732845935 -0.5165249137011307 -0.48027206125837835 -0.04261430165190839 -0.48779300229851996 -1.0063947713000176 0.8870158087153863 0.9824454445903608 0.7780125008053144 1.0508251843751253 -2.0364834582115017 -0.14613972830051114 -2.6205468980089734 0.24001164073269024 0.3289755902494613 -2.0769209728407505 0.21852183691153518 0.9563838199497737 0.42008430912090533 0.0886588711060097 0.8829763355084993 1.3515825888223965 0.09901606200945712 -1.975645158289673 0.5049271005848902 0.5703523513468879 -0.2843950863737865 -1.0315104623684128 -1.277737024578409 0.005040814763960636 -1.0715890763694915 -0.9758492279836349 -1.2424533119134609 -0.9898043340477765 -1.6335565827270113 0.9681655627588098 0.5271131534729887 0.9586459807612394 0.6570675637070376 -1.3356703099624314 -0.46588400145619635 0.47903623751740726 -0.2055254218224076 -0.7690677701693251 -2.636544042619427 1.031149339173398 0.6174315646468166 -1.1818284235342045 -0.16372593689177237 -1.153175851012351 0.6067231009736931 -0.747215108465249 -1.702229703163985 -2.2013850426713697 0.6204001398011982 0.24342841203238186 0.6040179479471146 -1.2234210000833168 -0.286845243073162 0.030086451449925264 0.5891587992037484 -0.17345378433663056 1.2232837092813431 -0.17130640273392134 0.09878817247475588 0.025688101599490427
BarsonyIstvan_HU12750_1 -0.49348922214783053 -0.31636870709295567 -1.2678744747577595 -0.6742299417193198 -0.21290424008272096 -1.8546098542604224 -0.23609955807203734 -0.668683966368702 0.04638104670734898 -0.8608003050845449 -4.730986252707 -0.12126106410429037 0.739530478436097 -1.0047868995410303 1.0913132427171461 1.115927421940773 -1.0830350699960931 -0.6730340877516404 0.6345949170461197 -0.5545405237586745 -1.2110347958030117 -1.7180250280959641 0.4088963387766116 -0.9887104175885736 0.930995997967857 -2.6769395500421544 0.5475892070568622 0.5031507450574297 -0.6313266371792846 -0.6201608966518485 0.5191367914058291 -1.364623016834997 0.20108728177246515 -1.4947472270130129 -0.6278245644650133 0.12691144742014449 0.15478633319909774 -1.1236923139810662 -0.6885196234143196 -1.024404325508424 0.9355921987114483 1.166840121705142 0.86513704781712 -0.23919409092988664 -0.9158069947664402 -0.5465101335428346 -0.5948208800185347 1.2578333297252917 0.6584006512966721 -0.6615133333945642 0.28247258932277985 0.3345316219060908 -0.25997645089647875 0.17810136225822484 -0.4127640884192371 1.062649878244507 0.5020777635879062 -1.0230900062377897 -1.03456508610008 -0.22203285977715595 0.10967766776707617 0.17753305125933258 -1.1197217688591798 0.0064846300245162865 -1.5055411099753626 -1.140374003608238 -1.3671020283488022 -1.7099993874268675 -1.434810822231053 0.397989738568295 0.27427660359047223 0.10982757064221271 -0.6054458092600107 -0.5363095404984424 -0.22260182915916657 0.4657565757377087 -0.4995567107280662 -1.7746673124430412 -0.9860609414461451 0.19803991987181963 -0.6735099351188001 -0.7056125110558237 -2.289816562906514 -0.17218038880682532 0.9327372010601528 0.4849058450212347 -1.8171061890682032 -0.33083721625280144 0.44627082817410435 0.6224216951231165 0.7184741233737797 0.5773313705824101 -0.30587432783009877 -0.2565866905475881 0.4827795588021388 -0.10244061603241504 0.09157891136234389 -0.7772126816850902 -0.04764434513492889 -2.2396574416248525
BartokLajos_HU16124_1 -0.651735786678342 -0.3840177089244651 0.28691630060835227 -0.5789454741582646 -2.211352966591649 -0.4413374588561427 0.04629544487086829 1.007434188190918 -0.07831638208365121 0.6815857952896677 -0.12126106410429037 -4.730986252707 -1.2570427259972754 -0.17179538985054602 -0.9515677079946263 -1.314113419617415 0.3495002532936663 -0.03423339145336428 -0.9416687733809262 -0.23672773928139343 0.3389951708590863 0.25815354573843013 -0.5338116088216832 -0.7665623379086136 -0.9535900580792694 -0.28474045191575453 0.195521371753757 -0.16530373984396948 -0.1061318494225694 -0.28795043701635326 -0.9661819163075875 0.36256106434367313 0.43558400094030886 -0.20687200042638426 -0.6375170874616289 0.3278953626145075 -0.6089599267461201 0.1696428048033762 -0.1631746547147119 -0.03625164663729793 -0.6344159634447971 -0.46118367722332454 -0.19888757747200772 -0.544326708150866 -0.39332080224680493 -0.5418616956424547 0.9221983046519912 -0.9088780373273584 -0.9636655574499216 -0.4119974427089071 -0.7678133049011375 -0.6346881228519164 -0.7458696045392745 -1.044905277705595 -0.5512549103868748 -0.212928901709666 -1.0278511358200135 0.8521868917251229 -0.40076957542722047 -0.9808167364794736 -1.3350696712984296 -0.5249936080172974 0.05565901811967479 0.6744733834336628 -0.15567880201491166 -0.4583176358551605 -0.18992151076223515 0.264168622989153 0.39400968726015695 -0.20177465189669253 0.22059460930096858 -0.2675979683521709 -0.7539531560661141 -0.6119202376846072 -0.6107740922058635 0.021503685880928776 -1.9565442426050772 0.4498161426150361 0.3331152374377191 -1.2222213381030809 -0.8386820200268739 -0.5343813365876914 0.5048830739212973 0.09359252318876549 -1.0793930252803148 -0.35842649549243893 0.7139718070278146 0.1070108083636988 -0.9712261091962342 -0.36152961658657645 -0.8630111108070823 -0.6247875341983962 0.22095794171931876 0.3221924652485691 -1.0737410075338374 -1.0119091815923076 -1.2466878821077962 -0.33816616304900643 -0.7364762039627889 0.07770407213932087
BeksicsGusztavne_HU16243_1 -1.1956264271389345 -0.9092908613525653 -0.5632660103676629 0.44015270634905096 -1.841967506058139 -0.17220557488394134 -0.24829502664888703 -0.1604519945722322 0.08920603907332252 -0.16609466908011256 0.739530478436097 -1.2570427259972754 -4.730986252707 -1.133030422561406 -0.17598569887434118 -0.7340970395700702 -0.48524051247531835 0.15635619553311586 -1.169983451273854 -0.9349164220279105 0.37382007768712233 0.7239245963819009 -0.5313926813461117 -0.8978667378906927 -0.7166138340166595 0.5726587867026424 0.10298977202217303 0.1174354634245157 0.787157415699944 -0.5070175264041646 0.02534175764374266 -0.0994118182701481 -1.2487101982521793 -0.5720521631476267 -0.652721600185904 -0.7197315852869486 -1.2892665172576727 -0.47393545304835294 0.10142046144012547 -0.3075346944110584 -0.44790660220541745 -0.7987368107558048 -0.5863832481157587 0.864199286744143 -0.7698792199070171 -1.143928030228509 -0.40441734808096025 -1.0368980652870068 0.008670258988643011 -0.11793850452864847 -0.6781794893760908 0.4378219876002401 0.03287850585694454 0.4968847042136294 0.3519644223673194 0.13816306572994802 -0.9916570173630217 0.0872921212078464 -0.44580442833561906 -0.14372280019619477 -0.5551388366384931 -0.4704169987990216 -0.6864670591023887 -0.8855657803643151 -0.2409023911202963 -0.4461562245249048 -0.42255291963265545 -0.5408562159688635 -0.7023868861620991 0.2545265992221941 0.4739977364461789 0.1199016223129404 -0.6788553722463254 -0.7195229540346773 -1.4571673675790093 0.42666608425908203 -1.4732459215438272 -0.6302441731319978 0.5498511679204297 0.25595923322825087 0.4415544375248703 -0.2561925653552772 0.5011445822331488 -0.8312654539754596 -0.12735272803639122 -1.4583406903450655 0.5051987707483504 -0.37047163155174695 -0.11955934612815011 0.17468529451793552 -0.38905376719083656 -0.0985208551723022 -0.34201560741360343 -0.32196450681975386 -1.0766904182258188 -1.301305059265452 0.04342232524745546 -0.33934896680027987 -0.19410461110568883 0.3918392387054735
BenedekElek_HU08358_1 -0.9711853795782971 -0.4777882998325924 -1.8170113058185824 -0.04329822941100016 0.5565364974243423 -1.193336521597525 0.1541358048327081 -0.21070793411928612 0.7366122603807096 -0.8501758468617291 -1.0047868995410303 -0.17179538985054602 -1.133030422561406 -4.730986252707 1.0345636192355168 0.7080076587171982 -1.110349723472489 -0.6367441830713396 -0.11050151461385027 -0.5193828096640994 -0.2831877904302947 -1.14100031287375 0.42030900832627277 -1.3617866905880134 0.6946040414257486 -0.9674862165132246 0.8556176569398302 0.7540297969202424 0.8944673440356917 -1.7344241685929749 -0.043804749616370084 -1.5032970459021022 -1.3397703500091633 -2.0731200495770428 -0.7814654657880281 -0.853341775969341 -0.5566749967979128 -0.5873149362565222 0.2915971506629102 -0.8588011293039669 -0.46101651738783755 -0.1746408537444763 0.4693386334830736 0.44065059151277103 -1.2212691885270237 -0.8286329946690847 -1.054551693306939 0.1757675457585883 0.7327930451302883 -0.4680604328685861 0.22536475101816486 0.4635048598536146 0.44138261548980007 1.3299752741408724 0.2714334463452853 0.7682262139595574 -0.0019516107204118332 -0.7111597717360135 -1.2332058892644384 0.04944021075324092 -0.5843377129791184 -0.23869769147680892 -1.3139944914794253 -1.180888702960693 -1.3623167272496812 -0.5561028055536079 -1.2636110806094158 -1.5011641148762436 -0.6789209208861698 0.525359973792841 0.012049917951227777 0.1230006557716102 -0.049292932324956615 -0.30303810778090595 -0.2803770926113374 1.093522675150634 -0.09037928271731129 -1.9265121701706915 0.40157388703592484 0.2143335187110665 -0.2396573608670636 -0.5638253992876806 -0.9607430243404611 -0.37493052014889405 1.2977104506806905 -1.3283299231010344 -1.4513059218104158 -0.9507670696328554 0.4922884844555542 0.9628453876081515 0.7532948378008197 0.38338448418927074 -0.7035859170697577 -0.9202050011403375 -0.7104457424323989 -0.9785723160533384 -0.01078774426662843 -1.4481619862830835 1.2027995104656175 -0.5223193620433535
BeniczkyneBajzaLenke_HU14745_1 -0.23565946015407815 0.37705255474720106 1.4562877872822264 -0.781229256734296 -1.2401163286124028 1.182582064274294 0.13447863616580874 0.7025980062324084 -1.7803192814164233 0.7354388908616762 1.0913132427171461 -0.9515677079946263 -0.17598569887434118 1.0345636192355168 -4.730986252707 -4.4535008043849205 0.8560360475618612 -0.20441008767803037 -0.7597557226073007 0.4403451557075307 0.519204502805368 1.2152705012386402 -1.508889549128513 0.2761574530951486 -1.743367979899652 0.04017017446252602 -1.0915817242475263 -1.7399541743956772 -1.4475785309412914 1.062797181668756 -0.9004238982853648 1.9849901634830507 1.1530934340710526 1.915720492778358 0.38366513898100724 -0.06645914704068753 -0.5922084971857292 0.753862483178193 0.13644371558596266 1.365315117247112 -2.7033974152838174 -2.8994919852716605 -2.3370541286604425 -1.5509057975430047 1.0442664603810128 1.4608067861579281 0.9848071781998046 -2.0311750657009693 -1.5454710258540512 0.9197132167191486 -1.3088943741386672 -1.9169381023332168 -0.6870242232666166 -2.0333725631296726 -0.2413594362869013 -1.5249344169116452 -1.4111793993105968 0.28921121463573796 -0.1866797469624671 -0.4678328272087986 0.3451678192878002 -1.0480508888748712 0.8024834728687499 0.7280906686261408 2.010260787098055 2.0876284588252063 2.185196551095428 2.549592362664788 1.7409384560546999 -1.0107121250084365 0.1685938504313117 -0.022854838178032653 -0.9254740483174919 -0.5323729610707303 -0.2554005464877936 -2.1881767461956594 -0.7791579052113138 1.3804318772531545 -0.6030092912459296 -1.7319267460811845 0.7566956518226456 0.11490571312478116 0.06450109899882772 0.4067008244504712 -2.7383176612893236 0.014293967037612402 1.010977136793026 0.4761315523268776 -2.002120838465181 -2.532775675865091 -2.473298187530314 -1.676070349987213 1.249614066544679 1.487464757681601 -0.11086470675887848 0.730881249818215 -1.7950065907445085 0.820440886475622 -1.7653692336919582 0.7629417462047734
BeniczkyneBajzaLenke_HU14769_1 -0.49007075656253707 0.09019599110991841 1.0840096173576887 -1.0307536606021317 -1.5754029682984314 1.5114573847228856 0.48868965834289935 0.7289080874727345 -1.0802362493054931 0.6274876617740884 1.115927421940773 -1.314113419617415 -0.7340970395700702 0.7080076587171982 -4.4535008043849205 -4.730986252707 0.27394672684748156 0.026681043656920204 -1.1658819730596128 0.08569587475412581 0.5733618445262334 1.404289779843922 -1.3734120972006758 0.02087032759676632 -1.65742629586867 0.1690839828843828 -0.880447767344611 -1.1126756802046538 -0.9878594993229263 1.048284712899083 -0.5543265388615839 1.2960652861406985 0.49218367434758853 1.1082135556818227 0.049195384899173175 -0.11041017710522563 -0.4806342823167471 0.4376685744585778 0.04545360321948343 0.9502629058127443 -2.6247163107830946 -2.916201420521635 -1.8978855996910289 -1.2655210315713346 0.7144305271020809 1.1204223291043747 1.2414400220846635 -1.2669723707547162 -1.42088290896555 0.8019716965399284 -1.5325884751609211 -1.238040633578772 -0.5746366278445416 -1.2752588587317528 -0.3611024146679806 -1.185625839663799 -1.660807724276696 0.5350416638722996 -0.6403237669088012 -0.7824489299502275 -0.5101088931703461 -1.1764880611570574 0.5554912284373517 0.5456709921821501 1.647064816677883 1.4713848457852914 1.8698324417079333 2.1071290193165586 1.434069943436984 -0.7433291208659699 0.5091768500365699 0.17315314152476263 -0.6292052957022006 -0.2876831924383297 -0.34384157488001077 -1.561488174803224 -1.152144742249948 0.9709887210005389 -0.22407061468826384 -1.8812740623910458 0.3509318321192821 0.3465086141804725 -0.4673801625580665 0.10022993057421764 -2.0442214404749763 -0.1552921801679216 0.9616883275417699 0.40127851200327136 -1.2271511735291178 -1.2050475470554591 -1.491375008287132 -1.1779808870756854 0.8545277486127988 1.0472299443646045 -0.9541404173464797 0.249742988047178 -1.766556835720154 0.3743608547172755 -1.503704660879388 0.5696862176171631
BeothyLaszlo_HU13445_1 -1.4252479607166095 -0.725747204604893 -1.8329149781405742 0.41118756559936526 -0.24482856787072707 -0.9264438349031245 -0.9971792395278597 -0.48574987010815274 0.4272242620235561 -1.8428111230058606 -1.0830350699960931 0.3495002532936663 -0.48524051247531835 -1.110349723472489 0.8560360475618612 0.27394672684748156 -4.730986252707 -1.4202683968373637 0.04768936596538917 -1.3539283958887232 -1.24533689612404 0.061475091984444494 -1.1690096820722804 -1.1711299731504061 0.368153223401735 0.3716072351445397 0.8224802318011291 1.1653793586117105 1.294711751103708 0.38564440185833426 1.239540534890778 -0.7562455936412092 -1.0621278621886037 -1.1702109651472001 -1.4911947621765438 -0.7068575895285194 -1.4032877796936216 -0.6219153231799402 -0.34864606831996087 -1.064588723668084 -0.2636627529727993 -0.08977043885365155 -0.07094836023157111 1.1829268426316546 -1.7904549696444985 -0.7708498463602678 -1.6086285873988335 0.9041572256994037 0.3184298000226501 -1.2904468289815911 0.41115305599188806 0.8473515300495148 0.3662753711402888 0.8093932853993292 0.7911574149980366 0.6703432687366149 -0.5071922502183068 -1.6113140299237607 -0.09262581208616458 0.9337097590388934 -0.4101515739989277 -1.1399853261052553 -1.5648256981532547 -0.36687999393435383 -1.3061716299133395 -1.22688085877989 -1.1604144612681837 -1.263311546492246 -1.5040098491319271 1.2403059171492357 1.0089286357276008 1.2433994226249148 -0.04386961759395129 -1.1300590777845347 -0.7174645245687656 1.3401090191942306 -0.31830241090785216 -1.3093802485340462 -1.4786511735288195 0.9126384229589316 0.40597763876528514 -1.0545403083571183 -0.7701491487113401 -0.8667941104664426 1.2312728486188893 -1.235938573738215 -1.3232418659659597 -1.4608757878205842 1.1651022592791507 1.6044494657559483 1.3959190357688198 -0.23011158633828482 -0.6447790859951911 -0.8867567347574358 0.09513538334472357 -0.6651780411914359 0.9984458491420352 -0.9363616300325719 -0.0017775378103114619 -0.5987678246693917
BeothyZsolt_HU07718_1 -0.51963853639235 -0.6233754062868101 -0.47891088335442317 -0.36921462902018415 0.13870216230299337 -0.7213230851014989 -0.1854568686011366 0.209574008144141 -0.6472337575089018 -0.7813666427622608 -0.6730340877516404 -0.03423339145336428 0.15635619553311586 -0.6367441830713396 -0.20441008767803037 0.026681043656920204 -1.4202683968373637 -4.730986252707 -0.4791984668572901 -0.2141659640826126 -0.4613920393026279 -0.18034445061759916 -1.0645228261618394 -0.0092348438918404 -0.42193923426909985 -0.5853921518126761 -0.08243509244951921 -0.27716024498978487 -0.06590463155883357 -0.12024246850559302 -0.18241492536026055 -0.4504469754451297 -0.21041255906098713 -0.5777567512205133 -0.8795512378803122 -0.3723015205751882 -0.9148530125292971 -0.17700779750207163 -0.19638792071858038 -0.5185402982120569 0.002763068847927755 0.3633673106536039 0.03170143411207591 -0.5025699913893038 -0.2960826650697086 -0.915441215963453 -0.5719119822124104 -0.1406498270243049 -0.004048587760142021 0.2552582367296561 -0.4298308455403692 -0.5291273822936295 -0.3463539630644385 -0.007291886977907284 -0.30730607186647807 0.2906960794598158 -0.9373350293939583 -0.9487875300022267 -0.21990208318521462 -0.5692140543744554 0.24033390546327757 -0.35736142129561893 -0.46247686751432715 0.45984432801393166 -0.6087741800145641 -0.2629648447117454 -0.41790749175926817 -0.934465430732512 -0.6263257214655521 0.008466474490066557 -0.04442689761610622 0.06047686708133128 -0.23677044464156918 -0.4645737632364379 0.06696421965874744 -0.24559741788561396 -0.49792573764804726 -0.2688092297643235 -0.608305748386874 -0.5825178243994052 -0.42490438226073196 -0.7540265018695419 -0.30591598144317705 -0.08685429663448442 0.16329623731708234 -0.5909108184795533 -0.9372270316883331 -0.945279997932648 -0.6787861804787397 -0.740653983861266 -0.5514784655107821 -0.7790415348760353 0.2464210568322177 0.07734769821062353 0.26827118662444155 -0.23620405060891497 -0.555061180628738 -0.9103740220787617 -0.5978507663859138 -0.8725377954939235
