 AchardAmedee_FRA04301Achard_1 AdamJuliette_FRA00101Adam_1 AdamJuliette_FRA00102Adam_1 AimardGustave_FRA00301Aimard_1 AimardGustave_FRA00302Aimard_1 AllaisAlphonse_FRA00401Allais_1 AudouxMarguerite_FRA00201Audoux_1 BalzacHonorede_FRA00501Balzac_1 BalzacHonorede_FRA00502Balzac_1 BalzacHonorede_FRA00503Balzac_1 BarbusseHenri_FRA04401Barbusse_1 BarresMaurice_FRA04501Barres_1 BazinRene_FRA04601Bazin_1 BlandyStella_FRA03201Blandy_1 BlondelAdele_FRA07101Blondel_1 BoisgobeyFortunedu_FRA00601Boisgobey_1 BoisgobeyFortunedu_FRA00602Boisgobey_1 BourgetPaul_FRA04701Bourget_1 CarraudZulma_FRA00701Carraud_1 ChandeneuxClairede_FRA06401Chandeneux_1 CordayMichel_FRA04801Corday_1 DarienGeorges_FRA07501Darien_1 DashComtesse_FRA00801Dash_1 DaudetAlphonse_FRA00901Daudet_1 DelarueMardrusLucie_FRA01002DelarueMardrus_1 deMontepinXavier_FRA06301Montepin_1 DombreRoger_FRA01101Dombre_1 DombreRoger_FRA01102Dombre_1 DumasAlexandre_FRA04901Dumas_1 EekhoudGeorges_FRA05101Eekhoud_1 ErckmannEmile_FRA04102Erckmann_1 FeuilletOctave_FRA05201Feuillet_1 FevalPaulHenriCorentin_FRA01201Feval_1 FevalPaulHenriCorentin_FRA01202Feval_1 FevalPaulHenriCorentin_FRA01203Feval_1 FlaubertGustave_FRA01301Flaubert_1 FlaubertGustave_FRA01302Flaubert_1 FlaubertGustave_FRA01303Flaubert_1 FleuriotZenaide_FRA01401Fleuriot_1 FleuriotZenaide_FRA01402Fleuriot_1 FleuriotZenaide_FRA01403Fleuriot_1 FranceAnatole_FRA01501France_1 GaboriauEmile_FRA01902Gaboriau_1 GalopinArnould_FRA05301Galopin_1 GautierJudith_FRA01601GautierJ_1 GautierJudith_FRA01602GautierJ_1 GautierJudith_FRA01603GautierJ_1 GautierTheophile_FRA01701GautierT_1 GayMarieFrancoiseSophie_FRA01801Gay_1 GilbertJehan_FRA02001Gilbert_1 GirardinDelphinede_FRA02101Girardin_1 GouraudJulie_FRA02201Gouraud_1 GouraudJulie_FRA02202Gouraud_1 GouraudJulie_FRA02203Gouraud_1 GrevilleHenry_FRA02301Greville_1 GrevilleHenry_FRA02302Greville_1 GrevilleHenry_FRA02303Greville_1 Gyp_FRA06501Gyp_1 KockPaulde_FRA05401Kock_1 LeblancMaurice_FRA07401Leblanc_1 LerminaJules_FRA05501Lermina_1 LeRougeGustave_FRA02401LeRouge_1 LerouxGaston_FRA07601Leroux_1 LesueurDaniel_FRA05602Lesueur_1 LotiPierre_FRA02501Loti_1 MalotHector_FRA02601Malot_1 MalotHector_FRA02602Malot_1 MalotHector_FRA02603Malot_1 MaquetAuguste_FRA05702Maquet_1 MaupassantGuyde_FRA02701Maupassant_1 MaupassantGuyde_FRA02702Maupassant_1 MendesCatulle_FRA07001Mendes_1 MillePierre_FRA05801Mille_1 MirbeauOctave_FRA02802Mirbeau_1 MontagneEdouard_FRA07201Montagne_1 MosellyEmile_FRA05901Moselly_1 NoaillesAnnade_FRA02901Noailles_1 OhnetGeorges_FRA03001Ohnet_1 OhnetGeorges_FRA03002Ohnet_1 OhnetGeorges_FRA03003Ohnet_1 PeladanJosephin_FRA06601Peladan_1 PonsonduTerrailPierreAlexis_FRA03101Ponson_1 ProustMarcel_FRA03601Proust_1 RattazziMarie_FRA03302Rattazzi_1 RebellHugues_FRA06001Rebell_1 ReybaudFanny_FRA03401Reybaud_1 RollandRomain_FRA04202Rolland_1 SandeauJules_FRA06101Sandeau_1 SandGeorge_FRA03701Sand_1 SandGeorge_FRA03702Sand_1 SandGeorge_FRA03704Sand_1 SternDaniel_FRA03802Stern_1 StolzMadamede_FRA03903Stolz_1 UchardMario_FRA06701Uchard_1 VaillantVictor_FRA06801Vaillant_1 ValgandCecilede_FRA07301Valgand_1 VerneJules_FRA04001Verne_1 VerneJules_FRA04002Verne_1 VielCastelHoracede_FRA06201Viel-Castel_1 VignonClaude_FRA06901Vignon_1
AchardAmedee_FRA04301Achard_1 0.0 65.28588713344077 69.38594739770122 58.43748122439375 58.77306141976825 70.89082901073543 64.94808970136555 59.74269526659219 62.445517105113304 62.09835166530215 64.10133249918086 66.26904256019824 61.726297067530666 62.189663900188634 68.82311988443027 64.86627298242233 65.03589501906212 71.81248247183915 66.86552320885119 63.18561226289704 72.16979497826942 72.0061158678036 52.518486336366465 70.41293122357976 66.48713678346044 53.428252447462334 67.83371454980627 70.22852864819991 49.858635659623445 67.36739829614035 58.380558979421636 67.81137215544915 53.58098168842273 49.238911403775845 49.814084500875026 64.18516922503508 61.560111120794346 58.86099538919855 60.40548278013357 66.25288118920696 57.136563431786065 61.00185678455597 59.003580355316615 68.5538840337537 52.61819584856338 58.82125966058519 67.35323298425324 62.71376985397596 63.1069773939375 62.78185109168698 65.75501517326528 70.59123650397493 61.281265720150465 61.90631317092033 67.35606848231865 67.94653080541109 65.46805558429519 67.01359350927946 63.966091260137695 55.07906127818535 64.86211718574022 55.73526619176583 58.84269024145678 69.48807265359135 74.22502918137334 63.255057310257314 67.13892898269125 68.69036109035795 54.379905969286796 68.91951966972266 67.89749252530254 71.39553354384215 70.9097810453309 64.49267010073781 66.78980432343562 63.00604142877449 66.71437094113405 59.83067583961329 64.24394960995723 67.73521477946122 67.7752470253051 49.63593639850765 73.55796640334607 65.29372742388908 63.90244208851677 60.3533711354837 71.35443929588537 63.14107487986837 72.34734666692253 73.20153215302108 71.46581183693213 65.35910870832848 75.1081554855297 74.56733372989652 65.71169155137788 56.92078649731781 67.25280900374685 65.5980068702872 54.89040966207448 65.05260773037239
AdamJuliette_FRA00101Adam_1 65.28588713344077 0.0 68.3222692775068 68.3231356720524 60.57977987159069 60.27023242269774 65.47929204061828 69.72260000158306 60.66756091576872 67.43621495984769 57.24501444669553 66.85604027810687 57.30673266825245 68.84367464141529 68.15098302639893 60.619427904015296 64.18090780361493 67.1625141677235 54.276771279401466 69.44422487309814 60.21078268064177 57.371494172570046 61.42842213136897 59.745221259428895 62.29101712043222 63.7566066120388 65.58514418724756 65.04352398467293 60.12950955103793 64.20665906310425 57.02320167932419 69.70983629655228 61.63778481930791 61.02560002455186 63.87282540776245 62.37213796259883 60.230256795993235 65.9303385123334 63.109761462361085 66.23549263235805 64.54307702176638 68.00100843141315 64.61262285391096 69.06052625518261 67.42303316613719 66.9252705133154 61.34856997163027 71.54104331734618 66.37117934416584 66.35501106119898 66.63751881126308 66.5954095008863 64.76402912624856 67.60959551593659 64.26276254344471 69.3884761856449 64.37203931615448 62.362748222730126 61.09039859445021 59.82223955404092 69.15676688463373 69.13197091708679 63.2124268831889 65.9587958881988 63.50287219548255 60.819755666112506 62.68065193515739 62.82412009308233 59.24511549866591 64.99388658472174 67.36374142014252 61.731923416448 56.35068590424889 53.43122707109181 68.69724920082128 66.10672094444942 70.75250659412666 65.90600249637497 65.95126802996182 61.37436818100585 66.7186715762305 65.85872975897178 68.1779940447703 64.06071344319648 62.88871180518713 67.32782082143069 64.82773031346504 63.88414053462571 58.27564476281114 63.911281908424414 64.91677754309423 70.5591003005176 60.64278115225479 64.6734350763335 66.93494390436396 61.30754891666458 64.85613367148039 66.69837447342114 65.86915900504903 61.277725831617246
AdamJuliette_FRA00102Adam_1 69.38594739770122 68.3222692775068 0.0 62.18924241966399 64.2970270794612 68.96214037547152 63.319448761010236 64.49522297506459 70.3430418962594 62.76316141663822 63.119206501866614 60.326824716157525 67.57668592263465 67.07457058609482 62.57940883018371 70.32592344401206 65.97773907468014 62.40358729769661 71.11526088096502 65.66631080754445 54.74633580173601 60.59233110060029 67.28893274841504 66.32996871662645 67.68380458740116 71.60121383330139 67.30900568423827 71.42563656932474 71.881917533288 56.93922840906168 71.565686703055 51.56137033608112 72.1633379250286 74.45413905522885 71.23015741585591 69.63238681397252 65.94888827163447 63.17824984348605 75.60767550780632 61.76061216655147 70.44893322145602 61.465997578453404 68.29995468992571 61.97897204256623 62.494797603962674 56.203734015691296 59.70306691756498 64.67944732823645 57.7945058116574 66.49157644067412 60.087559336473646 67.27651270698219 69.90773353901895 70.24810909929599 64.23425026795516 65.19507874848692 66.60549533581401 69.94531353338347 71.0409087396627 71.511777657124 64.29818204493014 67.99629223626592 68.64084721135423 60.98694660846194 63.878895137549236 60.77146845545354 64.43729946797176 61.18029723183387 70.59187527617985 63.60163851959919 62.329096726304634 62.89443383333558 66.60522191990316 70.0862147972934 58.123352636319616 60.22884439339881 55.148288965801534 62.88055576017258 55.33943773371149 63.5477899470442 50.856825276649104 66.88289025757615 55.52980501966764 67.85906493862389 56.620018517270495 65.71425590768118 56.47689842430643 57.05976170794703 60.102378252772034 50.6418370157898 55.67182356882625 52.48064571542895 64.56468920082044 59.3751954265594 62.963991298891 65.5295883633476 72.05377061262928 64.81812634295878 64.4759004176303 59.71342689672553
AimardGustave_FRA00301Aimard_1 58.43748122439375 68.3231356720524 62.18924241966399 0.0 42.835412787707966 63.520749598214756 66.92241294462222 61.785665155423146 61.425624994809034 53.68735728489804 61.90134558265045 63.23452580931147 66.37523686647923 65.89218456648523 63.975048003401646 70.72974611750953 68.44524924117559 69.33160809902972 74.41181123436616 59.956239087124914 70.131411522722 71.78601111046653 65.61686021672732 74.21738089813967 67.44302319095615 62.93770531585895 65.3270169884351 70.15274538437608 58.36836794307441 58.648135158309124 61.69589790755692 60.80955788569301 57.73696438484382 60.04985084713297 55.45135422543894 71.8476537158136 67.89131403118199 59.02630037814235 65.4482227123762 69.00451445442485 67.76492346721406 61.08180308771754 63.35502879105012 54.176844006866 49.16239032952194 55.50470825595427 62.40306673304606 59.525250722319164 60.518988137211984 58.74264449396347 71.25486425809031 69.69109930399475 63.03074083882036 63.4234609063456 64.87064965753557 65.03957139843082 57.03781444497533 73.94561415801303 75.19713729754626 64.54074275601396 56.86004557705546 57.8453379545239 67.70077875615863 64.27967223559666 70.21986391957394 65.77219778520497 69.31126332219343 65.79530036795121 61.00369282648872 72.2139718410061 66.39191683011407 66.39521871406622 74.78462408252345 69.63780995391251 50.715002697770196 58.18077962894251 69.63099433374921 60.79801056110332 63.315587060385894 68.87037028551671 63.89820293239645 54.7548645645399 66.52359192741804 58.80800603129808 63.64190740975692 57.15346066462979 72.45119473081228 58.9581302826376 70.39999556020594 68.23194757769336 68.57538952525307 59.116691844096664 67.64944716491156 69.01768978017756 64.8599742899749 68.10035031575542 60.2833106087209 64.44393761128981 55.92093614112917 67.67839673779892
AimardGustave_FRA00302Aimard_1 58.77306141976825 60.57977987159069 64.2970270794612 42.835412787707966 0.0 59.39451991405525 71.37209060917937 64.41711760242352 62.968305896962654 62.195381998487605 63.430476395203584 68.7663090882779 65.48261431952214 67.99132944641616 62.994084127413785 63.80981511395381 63.865729126348555 67.98616088456255 69.86163758167484 60.38078398969517 67.27463888132367 64.57296632726776 56.22202746677953 71.66195486787096 69.03128170847745 58.39050718038974 61.427137373103974 70.71368387072731 55.11665838646826 60.92595821889138 64.4504448652295 59.80384785417142 60.49208940054077 61.72339524510029 59.80833557624494 70.25793774818075 68.55278794749857 66.37738320788134 63.44013035525652 71.71667885813852 60.40510892941604 68.33675604612401 61.52034254313402 57.758790501133504 56.49017466397141 62.66572316604718 63.189594929330525 67.19135497473775 61.19622365125971 58.82264758037435 66.8832840964481 70.29711816722217 68.3301988727519 67.02574476742525 63.874396168950625 65.33319687452914 58.612308213648454 65.94502114857292 65.68798951776014 57.23783250185284 59.19058515717272 63.87229596436629 65.93597780887967 62.071450620210186 70.95210348820893 66.12927814172261 67.7358673323755 62.7617441289052 55.648271324380694 68.17584573580167 69.40942709286381 68.51971910763449 70.96288130046828 64.82049470485785 56.769257198783315 68.25423318586458 70.0545334674988 64.40969358520472 64.3932129470607 65.35688449341708 66.97772270403281 56.763667916108325 69.45506402127619 60.928787051312604 60.98928804364648 60.43245926570002 71.72021699552306 61.8965672783209 67.04540095719685 64.91122722934767 67.38389026736257 63.641598910580385 66.29050188039055 67.40139151439892 66.06508892339211 62.9085289795128 60.69886034607098 61.466418437070736 59.73207747088634 64.03969451360179
AllaisAlphonse_FRA00401Allais_1 70.89082901073543 60.27023242269774 68.96214037547152 63.520749598214756 59.39451991405525 0.0 78.69731321875987 57.952882380821094 55.35329739139488 56.030136470492025 63.42619313881243 52.79348600594206 66.6128529029703 58.16487963186798 63.905282627347304 70.7639628248021 70.24175695498263 58.301594213596054 71.78986027493221 55.375643915819055 62.90827524924516 65.00418420371659 69.80574265222502 60.46538997907254 61.315881173246815 65.06435376872206 66.63920235952604 66.17759281508842 66.70140651240311 52.74412382006309 66.20158042824248 62.234173994199324 63.48573955842118 63.2828777173932 61.78289462365442 60.520156381755676 65.37227706447877 64.21198419767708 63.835769274545505 66.51244642015266 63.50283171532129 61.03664136117878 64.16780136387196 61.35715336844434 69.32665897949445 65.39254100896765 59.5558805665119 58.97397517353307 64.52837375876851 56.21325208791141 71.9501255519273 64.99504628148077 63.300191235245755 62.00737962180106 68.20889189598867 66.97911822901733 63.78909338948362 68.11216421447136 68.78437209579788 60.66482499485191 51.99325000559096 57.39705773680214 68.8760921887951 56.61839926255923 59.26353513066669 74.93245523418815 73.08515175058498 71.23261599165765 61.998853018040116 66.29584206858578 66.73511071417167 56.30455010257719 68.44065014527155 54.59871888513137 55.567312158009365 63.32119992299272 71.05089750822434 69.97553674800254 70.4618727734745 64.5031492327675 62.83499223382174 65.52448055918701 66.15957496596862 59.74135206789322 71.38683527870046 69.24944481222285 68.9467928448894 64.38526981264961 73.00679009539097 74.14689016523567 69.2701672642613 62.9724486901995 61.91742103351663 59.01266587365615 64.13190203101796 64.4193692617176 51.47336232089512 59.682390454356835 61.05206550552581 64.35035726263739
AudouxMarguerite_FRA00201Audoux_1 64.94808970136555 65.47929204061828 63.319448761010236 66.92241294462222 71.37209060917937 78.69731321875987 0.0 74.44043075335773 75.3580875266131 72.1811160403587 60.85776653704365 68.24522708518819 60.49301260493242 66.45924819517965 61.119484695929685 56.75299981385046 55.527539147592904 67.59570801347192 52.474688232217275 74.19253562371229 67.73923713031103 64.43403808655725 67.52582243829035 57.19218245602781 62.596127294143464 69.04011219682683 66.55261908182527 58.29201214102852 69.76929079630648 67.075334235403 53.29654204485314 66.13325586786799 62.139000970299705 65.65407786897575 68.12496324802903 64.71487940086263 60.03138208220777 59.88637647778717 61.76749559794836 54.324119248940164 67.39315139006555 70.87123180122431 68.41660753459561 57.32397361297299 63.30885089516675 66.95416916636766 71.05138255478802 68.35996948733487 66.12201825112336 70.51586374999579 63.35035085178369 59.35008658454633 60.26315898921542 64.21716902731755 64.27967740656672 62.632153586520886 64.3104704643923 60.2782394666635 62.13501569749804 71.41296152403204 75.63889271277166 69.655992772855 60.171408316416986 74.53847847750392 59.29285158736305 47.3757976291844 50.27859380989907 60.87075171540976 74.11524770751535 60.372191146052224 58.98644533009432 63.595300594664 56.134105057758475 72.53119187445901 71.394986956042 59.62923162949217 58.58081911003266 63.43730696296246 64.0836479894483 66.08396911574349 69.09387294882563 67.3602363312227 58.87533811597717 68.65977979040963 60.64425979102466 53.08565678557716 58.55844861378772 67.24538484899018 52.06740580437603 57.44523891825964 60.444505519317694 66.43571824719564 63.980622328702324 70.30477273291842 67.72983230536403 67.25094125551641 71.94935744071196 68.4740697922836 69.98876177981093 73.12255264145776
BalzacHonorede_FRA00501Balzac_1 59.74269526659219 69.72260000158306 64.49522297506459 61.785665155423146 64.41711760242352 57.952882380821094 74.44043075335773 0.0 41.805283489389915 39.739870327808354 73.52684523060752 52.91318202115765 68.46806761476357 51.495714615566285 55.749096646991575 69.69289305759132 66.61877240288935 62.59793171667736 68.52567101567055 58.67720683807759 71.63046170394611 70.85013790726734 61.85192010375359 70.24695326109433 69.42712993301502 60.04474261400974 68.8229081547731 68.9253439277844 63.147522530037016 62.291833375893084 68.11881499481237 64.12180359712491 60.16073599404064 58.423863331536225 56.90516877869369 65.30101765817318 69.90716485252929 65.86515106266253 69.15873356429954 65.56331324524602 58.97901263260161 57.87721854067531 63.154923060213605 70.21408895447962 64.08611543735132 65.23915239279238 68.16069964101257 56.2137265063583 54.9154613195397 57.857005543176214 64.43141397355427 59.99501833772079 56.9816679323471 53.5694430207504 67.34141890855908 63.54961828492849 64.46732985427518 75.23605376784111 69.34435280351808 68.48734125829446 58.361249780940156 59.21058460515906 66.58980849924754 65.53837277773167 69.42017407362651 71.92999652091581 71.12156800583294 69.2097436159341 62.89823734802233 70.4295534162468 69.93124880575152 69.69031508807339 75.38348418926533 67.55834328116539 56.49841005850402 66.96341683789922 68.82957882929996 65.46306751187495 69.86632812364417 65.9221004771315 63.657274660243246 63.43630803542799 63.23706098380393 59.581601251055865 73.62950471631015 60.98749893865771 71.07468525012669 59.22810475416832 70.39107611470061 69.55339907273036 64.72199874022866 56.240891462822816 67.3716645855434 64.80925612635231 58.95411785067531 59.10991099655306 59.224855605471674 60.3907916382338 51.24097525443254 61.045286713948755
BalzacHonorede_FRA00502Balzac_1 62.445517105113304 60.66756091576872 70.3430418962594 61.425624994809034 62.968305896962654 55.35329739139488 75.3580875266131 41.805283489389915 0.0 44.90434281886948 67.92819757792714 56.411130971404134 64.45541636983506 55.58581313813672 61.29579783822797 65.96898229164537 67.03397235773987 64.59965182368161 62.796927553844945 60.300275294005885 71.11242339639278 66.04144010140223 65.58903890807689 66.56364872327694 64.44048386206833 57.76500854453999 68.4422691868957 67.87482712037634 59.86201325805236 64.21189508629621 61.4615378951394 66.19993433409572 55.070725011199734 58.152857802281716 57.51754923443826 61.04920093314972 65.3952659557853 65.18525726354108 65.6689333720364 67.66615360913075 61.55312841593445 57.834695040924366 63.16851166827082 69.40272830754401 65.09691327654275 65.82353180339884 65.3713885706144 59.37007450689947 60.30377176157951 58.413175282733526 68.24460361485258 64.50225323106271 60.79436541882111 59.960821616823 67.46305788446942 67.16647185613112 64.27153276483553 72.76906359564218 67.306387769397 64.47832742209596 59.18516895258535 60.78648883666118 64.85250878245564 65.41600937043167 68.57687826967029 70.19701274686905 70.78330614500541 68.22012016622772 59.97828558259473 67.30259247718692 68.59108873070055 68.7526133672909 70.64887572796968 62.45376217036573 60.056305444295425 64.53570296792323 73.84212296704172 63.754903847722574 68.52509114671206 60.13283503583667 65.98935455519805 61.567462520546236 69.17448860216975 57.579348197489225 72.91947415003425 63.06675931307529 72.12211109723863 64.7978107396065 70.38926487550883 72.71313254495462 68.93658175095248 62.75071102766743 66.40615017045418 64.45496625590629 60.98743655984574 58.62947877509269 57.71624890607971 61.068565314761926 57.08293481236493 63.53638438201527
BalzacHonorede_FRA00503Balzac_1 62.09835166530215 67.43621495984769 62.76316141663822 53.68735728489804 62.195381998487605 56.030136470492025 72.1811160403587 39.739870327808354 44.90434281886948 0.0 66.40308744042447 48.20628755306144 63.468665512125675 55.60415581044175 60.49959127441853 77.79241892699832 73.28551684527687 63.51040301189053 73.60377664296263 59.0161699486079 70.85983341769195 74.10355065134388 71.07845090523467 73.17452424767265 65.23274125105176 66.78664890866851 72.22261889787868 69.19898784317496 67.12589349938433 56.24460262133608 64.42401441674726 62.06695192387457 60.95371788346906 58.03903557995467 55.100344562120505 65.03570251184951 65.15295236790759 56.96141771956623 72.1583051903502 65.66864122134642 69.35232153593302 52.573608307909105 66.73161622616477 63.702588488777934 59.388596188162175 58.21907820782363 63.42735550625085 51.82870421234985 58.740234893548354 58.5245425078559 72.70867986436356 64.9300417087221 56.794220519237165 56.16299486211394 68.96686836690176 65.73637991183185 64.6630784620571 81.25441893515737 78.88854973049473 72.49687712391307 55.72398003396246 53.80700130348763 68.91781288741338 63.16127454235719 65.41142528498122 71.62701651940442 73.23750566156906 71.70101927963485 65.53513209595876 72.4075198755192 63.71762603767897 62.923963926238855 76.06170955315714 70.40716711505893 51.08790164474516 54.609549277736406 67.80658442039123 63.71646175794934 67.29290881749908 68.28103169977086 60.06725795737728 62.263507705059766 62.484375252580136 56.87821722527679 73.96573291534175 58.669940012798925 70.33495779565442 59.548843957702246 74.41270289670014 73.75827054606279 67.75764529399022 54.350919411688444 69.73713877004235 66.5158828907984 61.76723607280899 65.82467188410533 55.15601454086892 60.66820564022522 49.19347252731889 62.97459428027613
BarbusseHenri_FRA04401Barbusse_1 64.10133249918086 57.24501444669553 63.119206501866614 61.90134558265045 63.430476395203584 63.42619313881243 60.85776653704365 73.52684523060752 67.92819757792714 66.40308744042447 0.0 60.417540267102 50.81961878345146 72.81617600455827 78.883022115585 71.30830856757447 71.30924720905594 66.46525743570858 72.57271635746397 69.83847588393692 56.11332966430308 60.19194035598191 74.4203461314261 56.943208059009 54.61707996227834 70.95175166474313 70.86476925316865 69.85468550241079 65.64464832258038 55.49114793899561 53.093528281226824 65.5798426123923 63.46002739369233 59.371284589953426 65.53267391593859 57.05375830392414 53.19555237458109 46.18083788605006 67.32103921919142 63.65562973708714 75.51780329108192 59.26228310617864 64.92720907178749 53.81071083697597 57.51444465726035 55.95939497335937 55.08501330569499 64.67450641873045 77.40082993032057 68.52386207786387 73.56139792592249 80.62407322635663 73.43750587111737 80.26773019378848 72.97371358736804 73.64588677856426 67.34821888580834 64.37084532870792 73.57618292235121 57.5119382281924 60.30994288846706 57.83718536807608 64.04560284942298 66.1770511162701 50.86995016202621 58.75175998317213 65.07202201371774 68.90187372439314 65.34124173951038 56.755727796842834 55.33845216288234 50.8239331732945 51.34643421065027 54.50812926086487 66.19099655512919 46.80455648058152 57.8466583390639 62.60549218875544 60.34588197572567 66.8250234951361 64.4578923395354 59.52858401438858 67.10189822744957 64.57519786745713 63.01601566150139 64.645328821729 61.124730534214294 66.88933659090297 67.01551614358223 70.23861132670584 71.84213501687081 68.50285169160513 68.98143732913248 66.78823175800292 73.56145862655903 71.72617588426975 66.98086461799974 69.29695188487543 67.83966883466218 64.43445551213358
BarresMaurice_FRA04501Barres_1 66.26904256019824 66.85604027810687 60.326824716157525 63.23452580931147 68.7663090882779 52.79348600594206 68.24522708518819 52.91318202115765 56.411130971404134 48.20628755306144 60.417540267102 0.0 63.80125166203272 58.024462069268246 61.560854400388216 78.8018599042546 73.08842387621478 58.595171945689465 75.9640114987518 59.70061030662061 62.86291568520341 72.06364547176982 76.22570464387444 63.613105078000395 60.73475572011508 73.52969293686121 71.68661055812662 67.35550310671731 74.13475702607187 51.0414606353918 59.041066924405854 60.876052422482395 64.38837837691435 63.15034267474608 60.35303375535356 60.23556031862522 60.97011615947987 53.79892446997322 72.7903320097815 63.34167365050497 70.72319097430248 50.83073879790978 68.97361001244565 63.58186462799633 65.08375521250386 59.56166458897709 58.94891722335416 52.886848989701086 63.62201477769745 59.32916017735978 71.08560989631222 64.9274313173583 59.10910122751319 60.03440108661866 73.11887312485786 67.32948968347716 66.89339597106758 78.55861817128061 78.88002369387905 70.60814617839407 57.90192369596339 54.24936114262946 70.81912331346645 62.998313836537925 55.78958647201434 71.39995228165427 73.57803875993889 75.48890372100455 70.43497433545497 66.20843620817583 59.885421068050455 53.927907206315965 67.59946190586378 64.25988848195787 55.830448012448656 49.3657946324409 57.742328218242754 63.840901570122256 64.85506970394687 68.43747983788462 57.934345439968325 65.76120334315804 61.702178903151186 59.92657522840401 73.5895494572693 63.52436558372129 61.090375411884175 59.253462159911095 73.8729490475013 74.86542080946731 67.92172530131617 57.26226965911716 66.82598120506378 63.89067323496018 64.96068844119836 69.96925927160659 60.98543418653785 63.4662578946263 56.506497309476444 65.46913333092598
BazinRene_FRA04601Bazin_1 61.726297067530666 57.30673266825245 67.57668592263465 66.37523686647923 65.48261431952214 66.6128529029703 60.49301260493242 68.46806761476357 64.45541636983506 63.468665512125675 50.81961878345146 63.80125166203272 0.0 72.46817409762757 76.45408916944207 66.61610448633698 69.79152166071056 64.44033688426312 64.83972927672242 68.92555127783282 59.49790143927674 60.38022532670728 67.40914288492601 58.27059407526686 53.5264127738637 65.04187268959011 70.48944292885044 65.03147056109258 64.56981885722948 65.73695069183714 55.4808023348391 70.18842387060575 62.852199205961696 57.025692855502385 62.4005134325944 55.36222338209643 53.85251445051365 52.416846288306715 67.14705232037245 67.32637191104926 70.66609537053547 61.25257649853413 63.7866861462726 69.40210265519553 61.488144931556874 57.50671367111679 57.26633547271611 67.60341847870261 75.35437295823392 69.58525349670919 71.65111654472204 73.2885410886592 66.9046775731154 71.49141917774638 67.46842804238858 69.62905202357105 65.79975881142946 64.85685572017974 68.40381637745489 56.74177242648055 68.11829305090447 63.89781098496807 63.910519616882304 64.68154589866883 57.35322414554593 60.961698455322086 64.39205075126766 67.94360218852192 64.15257831667651 58.16787786093374 56.02200058129637 54.27438461464961 54.8633613416927 55.052213253778085 70.40781606915161 54.81110185962014 60.87304901950472 60.72122560354292 58.29823305239982 64.14519219834132 63.52795856064835 59.06061641480503 70.72857731427986 63.77859256628539 67.11621334536434 68.6345439192865 57.721465813455374 68.23142798935937 66.95669764883718 70.04457460666873 71.11731361214734 69.82312910782665 65.59680281719237 68.60645381906913 69.58677560434249 63.13492787206587 65.71337138449411 67.10379042349855 64.01401678036378 63.665571988037556
BlandyStella_FRA03201Blandy_1 62.189663900188634 68.84367464141529 67.07457058609482 65.89218456648523 67.99132944641616 58.16487963186798 66.45924819517965 51.495714615566285 55.58581313813672 55.60415581044175 72.81617600455827 58.024462069268246 72.46817409762757 0.0 55.177663800009526 63.59703025710832 59.71339181709873 60.17016137871404 64.25430653066766 60.53603151605492 72.05975220926132 69.31645439216291 64.44608478908633 67.65442738304533 68.87873948196491 61.185867031988515 64.2864984437681 64.92040665286231 65.76577364134872 59.36926354081954 68.55736387706258 63.647590068261636 62.97630561079116 63.15929009131269 60.77995919072828 65.35198115605728 68.3549740364937 68.0302793783388 61.53007599033141 59.9201444677148 57.40771333344762 59.92854593871429 68.39527616307178 66.3008137381522 68.47614499280931 72.52987266996243 76.11934856669318 56.2829437628301 51.94151401250854 55.77085924902755 64.60220963720498 54.81222548947993 58.253358518928664 53.668346151536824 65.9406192198031 61.79918131242344 66.1859239486622 67.56938533356247 62.44710726508902 69.14065269942326 59.02599592797246 60.97764974650537 64.17793709627982 67.64113896591459 66.21969568922586 68.96719670674544 62.9601442823012 64.6130312835148 66.95796353735122 68.56152128485495 70.98936258120844 71.50865295411674 73.73554747267889 71.33368558785753 55.525226903802995 68.19665474965426 68.7592623915199 68.4375680794399 73.2285121484651 65.57770822145429 67.8979375159021 71.50961224035298 55.706440699484006 64.57006232067343 71.96398989273732 61.153515905700836 68.31909541355138 62.790065976698116 64.71814610839809 65.59304883976527 60.52870831346743 57.88353419299722 68.94647618122134 62.34574578754239 55.783667553189 66.03502040662825 57.60119541397959 58.285231460963516 55.06749684903809 68.34859387895136
BlondelAdele_FRA07101Blondel_1 68.82311988443027 68.15098302639893 62.57940883018371 63.975048003401646 62.994084127413785 63.905282627347304 61.119484695929685 55.749096646991575 61.29579783822797 60.49959127441853 78.883022115585 61.560854400388216 76.45408916944207 55.177663800009526 0.0 62.47170108881908 58.830811305878264 64.5428735604594 52.00116076129046 60.673377367917595 69.19584097846273 66.7019563623856 58.163793801756086 66.31297519123585 69.47898052839676 63.49088429950993 56.31306601064966 57.18966348176808 70.69128177181658 64.15024377672124 72.18347815746958 58.59150449448453 67.70121038159459 71.78666658325119 67.23551266290417 72.89939157820103 72.42279339148472 78.86954894004364 62.544746483723806 60.562602320452726 57.2923617278654 67.5651339742593 69.35475598179153 67.06526191190605 69.79570895514692 74.73795980255325 74.76534004488505 65.44487237840981 53.686886517928635 58.51927507769834 55.16783035464614 41.99309806149191 55.62057229478286 46.68103601656769 57.82792148154546 57.18084899836183 57.60383004058891 63.90543547633152 58.297057316681716 73.76894202541253 69.14077620046547 64.0745511971565 68.86570240759104 70.68129693572813 67.55356568217677 64.64788413659214 63.579413676523565 61.96438319269942 69.75198541764789 69.78247968725921 72.00896141368881 72.92401537327791 72.06358297648784 74.79113590818115 60.98140276700978 75.59735196834637 64.3207068447535 71.03710804592151 71.20562957569776 62.78609515373368 67.76384553400918 73.17345903271953 58.190975137576224 58.03239493566234 65.12672326310053 59.29798962806262 67.17214974739593 59.33367595491985 54.932101083980555 56.43482384009349 54.546092443098836 56.61755349813765 54.769543770891616 62.29244637583836 59.86053858920601 59.013124320060385 67.55602287984469 65.50970217330561 67.32748060187056 66.83958851102149
BoisgobeyFortunedu_FRA00601Boisgobey_1 64.86627298242233 60.619427904015296 70.32592344401206 70.72974611750953 63.80981511395381 70.7639628248021 56.75299981385046 69.69289305759132 65.96898229164537 77.79241892699832 71.30830856757447 78.8018599042546 66.61610448633698 63.59703025710832 62.47170108881908 0.0 38.31658141829852 66.8913985738525 45.0324849517402 70.58319682691025 67.32089451128729 49.766661915230515 53.22597166319736 65.436512961104 74.33764987857056 55.383046413194485 54.76509060493596 61.496206153087954 58.151311806140626 74.91557404405354 69.96601660137043 64.68419911011314 61.919983605138334 69.3126085184648 72.55798573438598 73.06249952775116 72.22468884061821 80.592052143305 58.2683491455711 60.82799302683068 51.39810195883383 76.2734872137942 59.44082063047961 66.63205198707493 71.53900027694424 77.53534332067139 76.35187028596867 73.57777979037093 57.77717578114316 64.00937516295348 51.7379162031352 56.04745198330751 65.52521584732133 63.10135869952906 57.059296414039295 59.850272416458324 61.7360282305943 49.394674737103195 47.080535327429175 57.49603746334287 68.90877925347691 76.27144104957029 57.77685146326067 69.87260059088143 73.13432041300136 55.822424864749536 51.45389988606517 46.527394647287096 61.27345692268067 66.25151396543517 74.77356853945855 76.2312695411777 54.726229732572804 69.24340950484196 73.76660808204237 82.37102504849665 70.02330108106608 66.96025024434716 69.12401133050967 57.127380565306154 72.87450202983221 68.48078334794015 59.594021892813544 65.37404556388078 60.53856922188874 62.246508604176924 65.20879941526343 68.61364898186436 45.63075147909173 49.33670973367118 54.225574111420144 72.88331515666196 58.429402492901666 66.42695871050506 61.28901955223806 62.02604288321897 65.9485522281271 61.54337574565248 72.21851230283943 63.57415075688809
BoisgobeyFortunedu_FRA00602Boisgobey_1 65.03589501906212 64.18090780361493 65.97773907468014 68.44524924117559 63.865729126348555 70.24175695498263 55.527539147592904 66.61877240288935 67.03397235773987 73.28551684527687 71.30924720905594 73.08842387621478 69.79152166071056 59.71339181709873 58.830811305878264 38.31658141829852 0.0 67.89324528577966 51.146420209704345 69.04862388002483 67.74781899520703 54.507549705306666 56.320853134680526 67.03184744122002 76.05471839219761 60.09651301051119 59.11347965379945 64.83638498516237 63.27717913872347 66.43459732538153 72.11075717792477 62.83660850083698 62.75900404337108 70.18091804788044 71.05944613748642 72.60517348330683 71.32455254984232 75.90180800934569 63.868162818783645 61.83713254072128 57.65719353575664 72.93458279010197 62.24745626859792 63.14298945595545 69.55381669625672 77.30960412186072 75.74648867503399 69.4747038669681 55.99759532965411 63.458684097635405 54.50584326712613 56.918048808130514 62.34096018381046 62.29875753856229 59.24632041792023 61.70271261404424 63.75822786530679 57.732766775151426 52.465621797703434 64.0565763929781 67.2607068391148 72.96501963742027 61.25562898448188 70.64075797251792 70.86866057714816 52.95539691206481 52.48413669766329 47.19945861694618 64.65368262971954 67.38380636042336 75.38893783336664 72.88317210596757 60.020137290494624 72.285731997443 66.62325947598555 78.94232820899252 70.15491226690386 67.48830607921015 69.93746344081205 59.239960103123835 70.60123510795857 70.36579118189651 54.52003675826771 64.6190089104651 60.64021324470537 59.81493077663851 64.26160771463157 63.97495433622855 45.37702651596472 49.96362688542121 52.366560454524304 66.72577419511089 61.44978233154541 64.28406644132419 59.7190738626566 65.37567107353087 65.57374495377557 61.265283409337336 69.27562106103352 62.667682831707616
BourgetPaul_FRA04701Bourget_1 71.81248247183915 67.1625141677235 62.40358729769661 69.33160809902972 67.98616088456255 58.301594213596054 67.59570801347192 62.59793171667736 64.59965182368161 63.51040301189053 66.46525743570858 58.595171945689465 64.44033688426312 60.17016137871404 64.5428735604594 66.8913985738525 67.89324528577966 0.0 66.3034642742296 63.055405787675355 57.558947186726755 63.10288246327528 69.57536435415463 58.21896673997631 60.5499705259869 65.46817824669239 66.54882502399998 62.64035736131356 70.16000585273535 61.423043858135195 69.2867336782518 63.553320502439874 69.69701407640808 69.06903539584846 67.56249217021033 59.30315798302049 65.6710927408779 65.45328612156054 65.49015324823068 63.03755693173007 66.74277021071094 65.04472271261 61.735334086992026 68.35398119770933 71.79696805707181 67.55793723541714 60.91257981100148 63.446769314698145 64.35413954526597 66.02047994893974 60.977513521381695 60.337074528957245 63.249417633305725 64.73200357395235 63.13239219112908 64.19407556495177 67.99377582407676 64.3513523192211 61.913890936552015 66.62879101316177 63.40446777527099 65.89790257561529 64.67722850938881 51.16925813263671 58.1306679602738 68.1078410562154 63.88005075355626 63.50136732882942 66.81876420904268 59.95238748272408 62.181186851581096 61.093886510235436 62.13885797041416 59.01695596876888 62.21569296571485 64.56803428782636 62.47432721311349 65.68719692427598 63.56470042618742 64.55125407527262 58.91628899740692 72.33272960836314 60.76223319381781 67.67812728118915 68.96297848206575 67.73559548692826 59.97233575088711 64.69684259478547 66.82338382419331 64.8323388913708 63.87004292214312 65.63328668297912 62.313598065839976 52.64186866452327 59.99708152474007 65.00638354381299 59.950199612388495 59.755446247716385 65.59042832666074 62.75147112634743
CarraudZulma_FRA00701Carraud_1 66.86552320885119 54.276771279401466 71.11526088096502 74.41181123436616 69.86163758167484 71.78986027493221 52.474688232217275 68.52567101567055 62.796927553844945 73.60377664296263 72.57271635746397 75.9640114987518 64.83972927672242 64.25430653066766 52.00116076129046 45.0324849517402 51.146420209704345 66.3034642742296 0.0 72.30402205645399 71.77151047336446 55.83090315063628 55.065917333251406 58.45636635802291 67.66322950378833 57.52462088694342 54.553842732268365 51.06738467352945 63.883522246042745 74.08399748186342 64.2137912806477 70.43233461898873 61.13532525149089 66.59751356909476 69.4229302578704 71.69643531718104 71.46195541736934 79.8068459962185 53.89889026772566 56.248682829613735 56.93878601426005 73.39200953606301 66.46308073436434 72.3634817506419 73.19187250720908 77.80567367057407 76.59385099744014 75.30970039325551 62.927994099040305 67.188715159022 53.92309412990345 47.679955650420254 55.905174674861954 56.601673805352746 57.59649025314738 59.614029586088186 62.450941623660086 52.24736032757098 45.755226592804405 66.54228315466356 78.63856427848125 73.80533651424382 59.38702874435994 73.25439171039092 69.00670187308924 53.09045472934538 50.47769298185038 55.15096228829428 65.63999474254345 65.35533546646433 69.66601056818416 75.67129683288482 53.59153511392118 68.15592562057594 78.47810697187221 79.48292928321656 69.43709304055089 70.48146460077633 70.09553937445982 55.75207363518906 71.94250990650346 70.93108705487896 63.310767882199656 64.40041719851757 61.896067343658444 63.64887708535288 63.81139611461429 69.95443003794394 42.32464326836302 50.82412415818899 55.16593143590662 73.49468066836226 53.85808167020163 67.21751908054969 62.665944346386894 58.51919740149145 71.11126525939328 68.975887318101 72.10278367699657 69.8156939574643
ChandeneuxClairede_FRA06401Chandeneux_1 63.18561226289704 69.44422487309814 65.66631080754445 59.956239087124914 60.38078398969517 55.375643915819055 74.19253562371229 58.67720683807759 60.300275294005885 59.0161699486079 69.83847588393692 59.70061030662061 68.92555127783282 60.53603151605492 60.673377367917595 70.58319682691025 69.04862388002483 63.055405787675355 72.30402205645399 0.0 62.85656912030264 69.09002356358023 62.6818546664577 66.92116259784746 59.82337124511442 63.60439685348981 57.37073096362676 61.96169205936543 65.33710856951984 63.985427440610124 67.88404670970526 58.82403398114931 63.01212765258271 62.59392451213934 59.77456838376401 65.9794348648239 66.66408669187861 68.58156390007629 61.4654522204353 67.86027716267012 59.80140871292477 61.712012327224 64.38510451001272 64.45541849885478 63.168517143456484 62.80295324409631 60.02325376356828 59.79014346998327 62.51830980036022 59.908408722128655 65.8540238786367 62.248976438641115 64.15757013027321 56.87670897548364 59.93651076774578 59.02044215268371 58.34239698657208 67.94096985569674 68.75132218106944 65.25010533030596 59.35330040886583 59.071300819282214 68.0440577724618 57.413941377898084 66.72163067682669 76.20951810411175 76.13207654334127 70.95949840140165 59.97183829874332 68.50359084769434 65.46169709176452 62.79579751525598 74.09464594026487 63.27090728421264 58.823303435520856 62.38148438153047 66.31806328580781 63.15157765004967 63.7293440072738 65.76038441270134 59.92904342281559 59.734724221137014 68.72996193480907 58.12256095719055 65.75244423741374 63.58945098356025 68.25534508658035 63.594571848618294 73.60577156945 69.98854908946412 68.45166724742825 56.62473694722165 60.50807760170087 60.82558351927926 61.53256529941777 62.5197609460982 59.25158718951715 62.04833406643379 63.304790033918636 62.38074364455447
