"AchardAmedee_FRA04301Achard_1" "AdamJuliette_FRA00101Adam_1" "AdamJuliette_FRA00102Adam_1" "AimardGustave_FRA00301Aimard_1" "AimardGustave_FRA00302Aimard_1" "AllaisAlphonse_FRA00401Allais_1" "AudouxMarguerite_FRA00201Audoux_1" "BalzacHonorede_FRA00501Balzac_1" "BalzacHonorede_FRA00502Balzac_1" "BalzacHonorede_FRA00503Balzac_1" "BarbusseHenri_FRA04401Barbusse_1" "BarresMaurice_FRA04501Barres_1" "BazinRene_FRA04601Bazin_1" "BlandyStella_FRA03201Blandy_1" "BlondelAdele_FRA07101Blondel_1" "BoisgobeyFortunedu_FRA00601Boisgobey_1" "BoisgobeyFortunedu_FRA00602Boisgobey_1" "BourgetPaul_FRA04701Bourget_1" "CarraudZulma_FRA00701Carraud_1" "ChandeneuxClairede_FRA06401Chandeneux_1" "CordayMichel_FRA04801Corday_1" "DarienGeorges_FRA07501Darien_1" "DashComtesse_FRA00801Dash_1" "DaudetAlphonse_FRA00901Daudet_1" "DelarueMardrusLucie_FRA01002DelarueMardrus_1" "deMontepinXavier_FRA06301Montepin_1" "DombreRoger_FRA01101Dombre_1" "DombreRoger_FRA01102Dombre_1" "DumasAlexandre_FRA04901Dumas_1" "EekhoudGeorges_FRA05101Eekhoud_1" "ErckmannEmile_FRA04102Erckmann_1" "FeuilletOctave_FRA05201Feuillet_1" "FevalPaulHenriCorentin_FRA01201Feval_1" "FevalPaulHenriCorentin_FRA01202Feval_1" "FevalPaulHenriCorentin_FRA01203Feval_1" "FlaubertGustave_FRA01301Flaubert_1" "FlaubertGustave_FRA01302Flaubert_1" "FlaubertGustave_FRA01303Flaubert_1" "FleuriotZenaide_FRA01401Fleuriot_1" "FleuriotZenaide_FRA01402Fleuriot_1" "FleuriotZenaide_FRA01403Fleuriot_1" "FranceAnatole_FRA01501France_1" "GaboriauEmile_FRA01902Gaboriau_1" "GalopinArnould_FRA05301Galopin_1" "GautierJudith_FRA01601GautierJ_1" "GautierJudith_FRA01602GautierJ_1" "GautierJudith_FRA01603GautierJ_1" "GautierTheophile_FRA01701GautierT_1" "GayMarieFrancoiseSophie_FRA01801Gay_1" "GilbertJehan_FRA02001Gilbert_1" "GirardinDelphinede_FRA02101Girardin_1" "GouraudJulie_FRA02201Gouraud_1" "GouraudJulie_FRA02202Gouraud_1" "GouraudJulie_FRA02203Gouraud_1" "GrevilleHenry_FRA02301Greville_1" "GrevilleHenry_FRA02302Greville_1" "GrevilleHenry_FRA02303Greville_1" "Gyp_FRA06501Gyp_1" "KockPaulde_FRA05401Kock_1" "LeblancMaurice_FRA07401Leblanc_1" "LerminaJules_FRA05501Lermina_1" "LeRougeGustave_FRA02401LeRouge_1" "LerouxGaston_FRA07601Leroux_1" "LesueurDaniel_FRA05602Lesueur_1" "LotiPierre_FRA02501Loti_1" "MalotHector_FRA02601Malot_1" "MalotHector_FRA02602Malot_1" "MalotHector_FRA02603Malot_1" "MaquetAuguste_FRA05702Maquet_1" "MaupassantGuyde_FRA02701Maupassant_1" "MaupassantGuyde_FRA02702Maupassant_1" "MendesCatulle_FRA07001Mendes_1" "MillePierre_FRA05801Mille_1" "MirbeauOctave_FRA02802Mirbeau_1" "MontagneEdouard_FRA07201Montagne_1" "MosellyEmile_FRA05901Moselly_1" "NoaillesAnnade_FRA02901Noailles_1" "OhnetGeorges_FRA03001Ohnet_1" "OhnetGeorges_FRA03002Ohnet_1" "OhnetGeorges_FRA03003Ohnet_1" "PeladanJosephin_FRA06601Peladan_1" "PonsonduTerrailPierreAlexis_FRA03101Ponson_1" "ProustMarcel_FRA03601Proust_1" "RattazziMarie_FRA03302Rattazzi_1" "RebellHugues_FRA06001Rebell_1" "ReybaudFanny_FRA03401Reybaud_1" "RollandRomain_FRA04202Rolland_1" "SandeauJules_FRA06101Sandeau_1" "SandGeorge_FRA03701Sand_1" "SandGeorge_FRA03702Sand_1" "SandGeorge_FRA03704Sand_1" "SternDaniel_FRA03802Stern_1" "StolzMadamede_FRA03903Stolz_1" "UchardMario_FRA06701Uchard_1" "VaillantVictor_FRA06801Vaillant_1" "ValgandCecilede_FRA07301Valgand_1" "VerneJules_FRA04001Verne_1" "VerneJules_FRA04002Verne_1" "VielCastelHoracede_FRA06201Viel-Castel_1" "VignonClaude_FRA06901Vignon_1"
"AchardAmedee_FRA04301Achard_1" 0 1.01758783517972 0.997693559240015 0.978554155471692 0.928614862779211 1.03699647315148 1.02503016193151 0.979316590355746 0.953902183606466 1.00458127734384 0.989838192923996 1.03052531251306 1.02183623802855 1.02457554640453 1.03805502885405 1.02061635823951 0.984026582387061 1.08291904019301 1.07933446919569 0.970177042174681 1.09272474580406 1.02019031419233 0.963496410026613 1.03170795851493 1.08697440349855 0.965762329553695 1.05381888400768 1.06740528659957 0.958701365138077 1.0505114233428 0.952943621990736 0.969425010152741 0.93934720426313 0.960838012103459 0.888949269610383 1.01897166354361 0.980924016646003 0.969957138209453 0.98355436956994 1.01620337246506 1.03983260685863 0.948616671780834 0.93486437150404 0.992102577709564 0.951296570535157 1.01802422322573 0.999773678788741 0.990317065566429 0.973062330978941 1.00841970042278 0.999390469231408 1.11095340109419 1.02185160890343 1.03440726106224 1.0355862031166 1.04914767473761 1.03653865331999 1.06990615602989 1.02720919721658 1.01336978558784 0.996270795636411 0.964771281416403 1.00067559041209 1.02344990564287 1.02455597289139 0.990846821287726 1.02317585542215 1.0380418496701 0.977306192673093 1.04187036996645 1.03457753086438 1.0651477234096 1.00295012257756 1.05520215075146 1.01277513852427 1.01878173616763 1.10045016585444 0.98834224327916 0.971098139657258 1.04619810258306 1.03958141531368 0.96446582336156 1.06154753867405 1.04683453614569 1.01017964499989 0.967668068853511 1.03725497084882 0.951156310552862 1.03623776166808 1.01539883737045 1.01633840407237 0.993183800431334 1.0451744766776 1.01215537634468 1.01635322277249 0.976698539842702 1.02269028252169 1.01187332926155 0.989233807612196 1.01249754840844
"AdamJuliette_FRA00101Adam_1" 1.01758783517972 0 1.05552456911215 1.05455244989771 1.02554652344737 0.918230842978075 1.02885019181955 0.989034785603485 0.980070992423564 1.02635694435917 0.782563075286029 0.994461787603448 0.980447841510321 0.956124380746563 1.05932995895075 1.01138029268105 1.06214798066223 1.03534235607119 0.920315984195082 1.05346565188975 0.972301017006175 0.923154007197188 1.04185215034123 0.978134765315601 0.960371966769599 1.00449337331682 0.979214755039012 1.0085184583216 1.0161104384134 0.974020088438047 0.947449873758608 1.00275704379669 1.054254319909 0.987904439610862 1.01666724826297 1.01735206777489 1.07807557320002 1.06328116385225 0.97749217489479 0.946924396015511 0.984061318850192 1.02590863497792 1.04170582874737 1.03896956946099 1.01736407136732 1.0654317828702 0.991407545915223 1.04379372653426 1.01349528109088 1.0401834118973 1.04875147687649 1.05691933179655 1.00482995307592 1.00177670125051 1.10596669242768 1.03649714538065 1.00168891032342 0.974267309388181 0.944914524104795 0.989918727549176 1.02347317277838 1.06322331364543 0.99623044215464 1.03656923729583 0.9839344242057 1.01719870199211 1.04031176131852 1.06052058555288 0.972680729091836 0.988378002247969 1.02043062046542 1.02353467042074 0.862287453812168 0.923810850580437 1.0304442866003 1.00417187465694 1.03083800521439 1.00553247946258 1.07434562383543 0.996256580091729 0.952859329335018 1.05777708474848 1.01609108853758 1.02765276485164 1.00573271583959 1.03543394528807 1.08762700515658 1.03514002129348 1.01032947290858 1.01227178839111 1.05039603291919 1.06151698470108 0.979383759352872 1.0137744008086 1.04848235386356 1.02560573728038 1.034578541235 0.992128637607796 1.0159563360886 1.06134148262143
"AdamJuliette_FRA00102Adam_1" 0.997693559240015 1.05552456911215 0 0.976838241827436 0.975146805732101 1.00197924895456 1.017257361975 0.970818224730789 1.00677130251405 0.985823763292618 1.01125402241221 1.01457176303421 1.01766065510303 1.03446311837844 0.995021169491445 1.03294191285867 1.00917270313022 1.07330389962093 0.998866309136387 1.03742426910954 0.954794141573537 0.87719394084501 0.931919184421189 0.983707348122345 1.07474384034797 1.02556760877379 0.984269002856865 1.0826715266344 1.02546098651712 0.868547101328069 1.05214409542092 0.832157517631696 1.00571228754629 1.06274011758193 1.05640166396428 1.08299299172088 1.06374227485769 1.00857378579019 1.00770040189188 0.857807073406129 0.940872275895252 1.04298795059786 1.05800648420334 0.988453218488768 0.948436158402912 1.00274792514361 0.898152549994059 1.06369363015052 0.952679179523757 1.02701632100742 1.00834744388978 1.06485653547326 1.06439143137279 1.0694113578443 1.05965015819011 1.08801739434434 1.06645990478557 1.04749283754431 0.93377007341956 1.06510268698349 1.02585240453467 1.04814961924138 1.08064795582834 1.03609374164768 1.03784242565989 0.966385160364887 0.981564705734223 1.09703345314678 0.963178727254048 1.01405708754443 1.08137403547195 1.08900269094866 1.11341243667647 1.09361802727522 1.02273292309427 1.07747009641059 1.02139476552268 1.03191772797856 1.00372964275873 1.02988238676188 0.845689393073075 0.996110883720987 1.05763808732938 1.09154670467218 0.934252407312584 0.991980584145225 1.11093521866547 1.04986052032131 0.902198842458498 0.816012141756902 1.00740034154123 1.02754567444864 1.01358618452204 1.10702596613374 0.988488809206299 0.984652374868132 1.01179473843606 1.01348085883304 0.909795715852009 0.975710266524044
"AimardGustave_FRA00301Aimard_1" 0.978554155471692 1.05455244989771 0.976838241827436 0 0.790410686795201 0.948045701589131 1.08697549305381 0.961758785540288 1.02367372255317 0.921788265689675 1.01469258793205 0.967948903974813 1.06966388014949 1.05152541593032 1.04349229175113 1.06808955080854 1.05941908075108 1.00493371488301 1.12658865860595 0.934712755451479 1.08874988398131 1.08897415536166 0.95854222746255 1.0746102718854 1.10922034434498 0.943174417970371 1.04347848639072 1.06957452016531 0.967703586038746 0.951905400590159 1.01586186142436 0.994605630882695 1.02907341655691 1.03297944371216 0.95469242950313 0.991579509533346 0.948808880083998 0.906468759563301 1.03600022064968 1.02281245713963 0.977102862611666 0.980931201999961 0.971740262850086 0.877186017525811 0.873362491859369 0.894343118849614 0.923574128263909 0.967598189984402 1.00329468246548 0.930956390161817 1.1149941415698 1.02124200383699 1.0165390901082 1.01107279549836 1.02701225762038 0.976366073483835 1.00092411307334 1.08642564307364 1.05182751858857 1.05423800546428 0.987507782060953 0.981427589499653 1.05109256844968 0.993020981606109 1.01682743202069 1.06828399436293 1.06270922837529 1.08408196948957 0.966606004825824 1.0346050543706 1.00954941327386 1.06475170199586 1.14981910233813 1.06561707095672 0.857050788800459 1.00448733272784 1.02715525891376 0.961506992503388 0.952587499248094 1.06021988767289 0.994954216332148 0.902490842465892 1.07000882145719 1.03210834812837 1.01660559894016 1.02984843458608 1.05465496189635 0.90444991414261 1.10501448023336 1.04730038445445 1.01101470294811 0.902453305888767 1.05587002811974 1.01859874232655 0.986365285414757 1.01331207719649 0.95035491213875 1.01499137724637 0.905523462500289 1.02366297972154
"AimardGustave_FRA00302Aimard_1" 0.928614862779211 1.02554652344737 0.975146805732101 0.790410686795201 0 0.971852013773537 1.08976076733886 0.976396773302031 0.968673308795847 0.958670900119893 1.05633944993113 1.02842629911505 1.03926061537149 1.05513955582388 1.01347566402498 1.03604888382477 1.04095649438877 1.01884322687347 1.08064748851069 0.961763750782757 1.08176576362788 1.02810746656703 0.907874465251421 1.06821824338965 1.12349854576914 0.870174587612977 1.01994601473076 1.08864189418658 0.899765586021616 0.985073683748097 1.02166431827928 0.941386116299715 0.999863082613274 0.956220069022993 0.940029444051411 1.01653819757877 1.01024469568287 0.981510734366204 1.03619717622274 1.02874115144383 0.982934318946548 1.02464024787701 0.986459106719595 0.933359704637436 0.928166700194933 0.936345325599569 0.940149828666036 1.00666316378113 1.01397343213917 0.931249546950525 1.08013106142134 1.06839991361724 1.0350009574941 0.988878141004719 1.01358792399699 1.05707378167681 1.00566446896811 1.04888318663766 1.01060343592662 1.02378555390591 0.959577122792185 1.00142883582995 1.04334890183838 0.969928669157365 1.07172428932732 1.04764616537834 1.00704728973104 1.07600736420973 0.909174631093079 1.02928741534799 1.03797911762273 1.09419574160965 1.13578940465022 1.01943580609113 0.894928091586446 1.07255728880307 1.08278687348726 0.97076658817773 0.991187095258768 1.00463984794339 0.998282222664648 0.868954397748784 1.10723248809395 1.03692365138468 1.02283492270314 1.02374454478586 1.10118031070584 0.911551401413532 1.0473936977864 1.02205108264153 1.04527567283454 0.972619266076492 1.06647944205714 1.01933076658181 1.00399499453759 0.971981122721257 0.999942462257607 1.04229946416674 0.900542754120631 1.00633082096174
"AllaisAlphonse_FRA00401Allais_1" 1.03699647315148 0.918230842978075 1.00197924895456 0.948045701589131 0.971852013773537 0 1.04772856572888 0.924724243705708 0.897955191772791 0.885845507854892 0.922145029845336 0.923907018418091 1.03923750097011 0.983452043097139 1.06960510126259 1.03095213253627 1.0424597937632 1.06806962627089 1.08139180329545 0.967603556666221 0.954637864887523 0.989138381149472 1.00207630841058 1.02997802097596 1.07503700455228 0.973590298433618 1.038013820376 1.01275875508761 1.0297132269853 0.823855258098111 1.0384643751874 0.986863177047175 1.00846894965258 1.00167575022019 0.993295027512315 0.989742624689907 0.995238005571183 0.966294219468041 1.05161790682072 0.983595075266736 1.01878561468219 0.977810306175634 0.990316004556879 0.907908060974677 0.998920505111708 0.97021732678805 0.97837169205227 1.00089061748807 1.01563326275937 0.960895447023992 1.10044944100979 1.06420623221769 0.977191980676265 0.997572464069114 1.11729629452734 1.10220451940911 1.05426965578867 1.02361719918248 1.01592965279265 0.968357792172659 0.918500437677248 1.02830697702418 1.04069789597841 0.951673600170147 1.02491216911566 1.02550233001188 1.02704971455807 1.08073320054983 0.977657773233685 1.01279676708599 1.02721521113701 1.08165464811611 1.03558328850522 0.929654368974614 0.984698937477504 0.969285750077124 1.01041208333451 1.05843403413016 1.03413507664123 1.00537756699798 0.948983769589259 1.0225102885419 1.05181519431743 0.987047520280308 1.0212866451399 1.07395544015179 1.09399939530476 1.04405365706007 0.993335133153159 1.04069929160411 1.06318556075612 1.01903515682289 1.06197172010488 1.00306575025436 1.02028015278664 0.969019601666122 0.90896707910179 0.969938183555183 0.965470691009952 1.05793382055271
"AudouxMarguerite_FRA00201Audoux_1" 1.02503016193151 1.02885019181955 1.017257361975 1.08697549305381 1.08976076733886 1.04772856572888 0 1.08737136265582 1.08849825896634 1.05378911440551 1.0488278939731 1.04440504372018 1.02888227193027 1.01208975876396 0.984182167844294 1.04576582957524 0.962350189835866 1.02012982465856 1.03264802271881 1.02978909830635 1.04087116810576 1.09648818839724 1.06740057174752 0.898172293856256 0.958077655053338 1.09377631703013 1.0475245542731 0.996083600319066 1.05622581957553 0.966708310825872 0.950712626917772 0.999313394988209 1.02417601425056 0.996557168887534 0.97389494759531 0.956481604495889 1.00122349552892 0.975494962574583 1.04989895621133 1.04167951335425 1.07231926244807 0.998212566490775 1.03741447156489 0.943053668198551 1.01417976857185 1.03678260581388 1.03869563693327 0.978243231274967 1.07738240763366 1.03906884342172 1.02290418621244 0.995370127941834 1.0286018494026 0.99738194165608 1.03254746002886 1.02967534125351 1.04874717906914 1.08409308289993 1.11445719256085 0.992732749096533 1.04560086223461 1.00890553365529 0.96737492989912 1.0583109309698 0.918455232175261 0.797391247594075 0.865244058913323 0.982681353156626 1.04382260694232 0.980193787103128 0.901707892453363 0.941169400609566 1.01397470368055 1.10640781699954 1.05443768939281 0.883067746263338 0.996692727805504 1.03082198838688 1.00562636723532 1.08261777357288 1.03759810543033 1.02179575181152 0.900701940010587 1.08657360307229 0.961978880279807 0.893210459542753 0.983480421986711 1.06443640223681 0.89539717123419 0.94271344946138 0.990350227311076 0.987657791449676 1.06895233840652 1.0694500461355 1.09114440209625 1.05949965833438 1.02701495470787 0.994939233142943 1.03128843360756 1.02547506195314
"BalzacHonorede_FRA00501Balzac_1" 0.979316590355746 0.989034785603485 0.970818224730789 0.961758785540288 0.976396773302031 0.924724243705708 1.08737136265582 0 0.886374635604782 0.822467556192153 0.953365710800299 0.956045688115261 1.03640994548107 0.997214144355806 0.982312530769812 1.0884662382886 1.08881135976978 1.03389296103083 1.05418411747887 0.934409131098337 0.986404532677762 1.02689855224935 1.01962714482257 1.048911558477 1.04853423231028 1.01046129198969 1.02253210107522 1.03606949148239 1.01362546766357 0.895510001104123 1.02700268172082 0.994984059021339 1.02088563457435 1.01880377534396 0.946648612915317 1.0080747055655 1.0265112734018 0.929176130952489 0.992362118805053 0.969153899320402 1.02473830772024 0.986401757478843 1.01037284626722 0.966461278889372 0.98688617011787 0.956992975405816 0.936840649613383 0.983721745021161 0.955088058013317 0.955326758136339 1.08788393061627 0.996255834085686 0.976212649552749 0.941532039222208 1.03392285311591 1.05021648968333 1.03772903190314 1.07757885160503 1.08741173888108 1.06795915326203 1.0195279392585 0.957257956838102 1.1076567841389 1.00445924057002 0.99862518819691 1.06478224250598 1.07291836338366 1.12038544365014 1.01089255900043 1.05712446281863 0.99189866882654 0.980438111640484 1.11236167724226 0.994660811676324 0.958134226266539 0.99166034875155 1.00291922286152 0.995944653645097 1.02098863131513 1.01904282114826 0.951855811151829 0.997778175700722 1.02646930803973 1.00341521280671 0.965106482021007 0.999635939804346 1.06045798146069 1.00953940707123 1.06713178472325 1.06129823289741 1.05204821171707 0.971441329045301 1.07276552232395 1.02432536262047 1.02346033040331 0.902748419472908 0.978115239400145 0.962888140064243 0.903863216037032 1.01276598150904
"BalzacHonorede_FRA00502Balzac_1" 0.953902183606466 0.980070992423564 1.00677130251405 1.02367372255317 0.968673308795847 0.897955191772791 1.08849825896634 0.886374635604782 0 0.843042735502026 0.958530139533072 0.982160430077976 1.04152605273412 0.99669860752881 1.01476747876278 1.03606680159591 1.00075693011464 1.02753698057348 1.05498281097638 0.943416820906478 0.987201030900938 0.965686536191943 1.01094793683389 1.08568915717176 1.05670445897049 0.995385871245891 1.03677960494625 1.04114905653052 0.953778587133414 0.947264025055434 1.02648296866744 0.990591050481735 0.984499643510225 1.03192630529344 0.984828517574399 1.05138029263597 1.05317675756587 1.01194336009026 1.00465696970255 0.984043117970988 1.00271044504133 0.940026410070657 1.00833068306582 0.995299711294265 1.02424077309696 0.997023017369903 1.01275240956196 1.00212205184158 0.936536834488346 0.967534065619049 1.06806629299905 1.03412212562462 0.97782485497498 0.991243655953322 1.03420001343033 1.06268841730004 1.02740967105636 1.07890641381323 1.03448786489867 1.02270897325234 0.995353648831827 1.00406798801243 1.04980319423453 0.992744323473894 1.00369906767286 1.09190257094933 1.06587425888291 1.0695035467509 0.959389577816602 0.995789232267295 1.04714117660688 1.01355764085892 1.06944749804805 1.01274018059943 0.959233366889005 1.0028090101687 1.04956112277229 0.978306986990746 1.02795963448334 0.976093298933776 0.980509448371211 1.01675728316047 1.06362856181785 0.939242042946684 0.990134148435684 1.014921887662 1.0359024617389 0.973048560451243 1.0775121518545 1.01506139300727 1.02685916717903 0.988801408730883 1.05645273630044 1.01633883573858 0.984963749017374 0.964873874946966 0.996588014563208 0.975445470358072 0.950308705155159 1.02799906901285
"BalzacHonorede_FRA00503Balzac_1" 1.00458127734384 1.02635694435917 0.985823763292618 0.921788265689675 0.958670900119893 0.885845507854892 1.05378911440551 0.822467556192153 0.843042735502026 0 0.970544958338464 0.904840123224821 1.03272312800046 0.994786414610623 1.02759599447178 1.13172471747932 1.09079319820303 1.02427540893706 1.15366130055722 0.9223683366043 0.998332765781057 1.10782883778818 1.01898778865031 1.11642873861434 1.0022961771518 1.03135145153921 1.03291875258522 1.00217198823366 1.01859417267035 0.835406553057698 1.00957682838153 1.01465005348329 1.01846168042769 1.00297789194707 0.930853581238003 0.996442387191593 0.950052937518237 0.890908911209601 1.04388829889656 0.966464020792077 1.05099665678962 0.934220643549661 1.02309846660001 0.896699380436824 0.91239000680825 0.9057798724862 0.922660873741755 0.928496030531359 0.94333513612972 0.959992885382555 1.12701069912483 0.986646335306664 0.987330199855196 0.924108432189547 1.08373876442779 1.03159671587219 1.01400338144243 1.17629731151946 1.17176415676868 1.09616530817718 0.983970771376799 0.957383141972995 1.09317042026782 0.992386833547025 1.00250427953316 1.08561988952605 1.09287783691239 1.15037692077334 0.98453537190471 1.02540840838706 0.954688286119014 0.939905448367488 1.18429813858927 1.0201633581728 0.88460360161727 0.90801225498785 0.984933883699393 0.995629142848416 1.02222848049902 1.04455920746899 0.946803739473135 0.997166370630983 1.05193749467454 0.965762252153305 0.982238276190767 0.952677689083195 1.08279584370794 0.952386619953175 1.12030254389921 1.1205801572845 1.04971580696704 0.943912217122244 1.11006736462341 1.02367839945989 1.02622755078839 0.947155956082549 0.942895534139897 0.948352440827678 0.839917523107843 0.979398805055597
"BarbusseHenri_FRA04401Barbusse_1" 0.989838192923996 0.782563075286029 1.01125402241221 1.01469258793205 1.05633944993113 0.922145029845336 1.0488278939731 0.953365710800299 0.958530139533072 0.970544958338464 0 0.898957025725454 0.933971302316153 1.01996386565512 1.0955491589038 1.08673560264404 1.10343206343271 1.04270098578416 1.05494448031673 1.04749251121915 0.943397668961061 0.927064988554497 1.08835986080263 0.959132356452568 0.974110370214532 1.03865932092605 1.05595274504052 0.99960687382474 1.04264942357501 0.903962208558093 0.906043462542865 1.03868537097911 1.01031774068858 0.997740865927389 0.971740646049533 0.992168113386949 1.0207224893949 0.938392744330412 1.03536766023166 0.914396685816583 1.02671035898536 1.00626023305366 1.05929369602642 0.958534479974747 0.958779718121009 0.951977380965906 0.940009402094529 1.02905643410803 1.01588629409468 0.987590603449146 1.06378126046013 1.07490870089259 1.03222754213565 1.06325701517793 1.11554182288686 1.09273086684418 1.09055160579727 0.99468280044929 1.04418169564177 0.962127859560207 1.0233541258748 1.01007143848729 1.01729122063724 1.03659507286942 0.882624661976592 1.03219522465874 1.05015133889207 1.09086730287302 1.01709674087017 1.02484429543715 1.01390243371405 0.981321001782499 0.809221882912923 0.984943061131691 1.00476560995518 0.91440796555486 1.03707636054558 1.03702544433864 1.02349398853859 1.00420629970126 0.927407579621899 1.07004029502926 1.00230556003049 1.00411942117253 1.03028703931241 1.00961809184862 1.04987229849475 1.03039775348371 1.04665121675472 1.08975971759523 1.11760885620077 1.0919885103082 1.02012700801635 1.0262490042005 1.06767944213002 1.06965563590724 0.968723544759869 1.01620253051009 0.996634302571601 1.04896193605217
"BarresMaurice_FRA04501Barres_1" 1.03052531251306 0.994461787603448 1.01457176303421 0.967948903974813 1.02842629911505 0.923907018418091 1.04440504372018 0.956045688115261 0.982160430077976 0.904840123224821 0.898957025725454 0 1.00635826136266 1.02483246475817 1.04062089787818 1.12641263123464 1.08314570543369 1.03313423005315 1.07095283841029 0.991513914889633 0.98131958103698 1.06422402385068 1.10015545584673 1.01354786884931 0.920052475885353 1.08312881699069 1.06673482019254 1.00666854842769 1.06448640668618 0.892705900400445 0.971513550729548 1.07959526611279 1.02797202663114 0.993376923959537 0.994204670530447 0.938377088878736 0.91664811384147 0.798263356119524 1.02734135216143 1.00292588325971 1.06436096645329 0.928216378352319 1.04307394391687 0.951324415735851 0.892410946931253 0.909078678648195 0.914873128193295 0.948118014518243 0.987342999606705 0.96594968918875 1.08344679073561 1.05200093914561 0.986992803362587 0.998728624112977 1.03636094357704 1.05504241288232 1.01791553326395 1.12285159110303 1.10774796390928 1.03942269452556 0.972708687446973 0.983748671667022 1.03493936272448 1.01013657385425 0.910269800197621 1.02815259927703 1.053998797906 1.10719274747644 1.02337271263068 1.05635834768052 0.979023454208435 0.954216493963325 1.05265954504299 1.03927497003605 0.925793380877015 0.895686459959114 1.01477719250135 1.0106392667268 1.03590932917185 1.00019963683121 0.977994674449533 0.993576103601041 1.01665589381745 0.934613556335467 0.991354384290882 0.99552103401066 0.998819433773402 0.982843145226706 1.07290163470316 1.11599110884064 1.0759529919504 1.05153014083788 1.03484012935595 1.05908052140768 1.03164026634417 1.02553848251886 0.953978742326694 0.950695003371064 0.888725737282428 1.01893398116797
"BazinRene_FRA04601Bazin_1" 1.02183623802855 0.980447841510321 1.01766065510303 1.06966388014949 1.03926061537149 1.03923750097011 1.02888227193027 1.03640994548107 1.04152605273412 1.03272312800046 0.933971302316153 1.00635826136266 0 1.02532573250731 1.04968523825224 0.993510071378603 0.978004570821442 1.0188446002816 0.933584322383276 1.06698757764866 0.979275422958281 0.996060543788267 1.00787738545935 0.961319690610166 0.965510578170872 1.02287869771537 1.01594270652166 1.02949900648999 0.989950242471859 1.03867527706914 1.01306376192849 1.00548365002382 0.999610609590796 0.948214835741041 1.01902528466321 1.00094795376814 1.07243313297024 1.05008255629185 0.99014171049488 1.02645154697813 1.03385038158259 1.03876580563398 1.00543862667534 1.05813139093671 1.03746339166587 1.04579184798161 1.06333433077044 1.04975338568515 1.05765441271477 0.990935203881837 1.02245027783654 1.05894010067011 0.960698239396268 1.02497842735129 0.999167719050987 1.06420527441895 1.01764403110508 0.930743701104851 0.993910044527124 0.956185491136762 1.01546428141552 1.03216441187253 0.946399771657136 0.985274140582656 0.99252796268811 0.987226342098013 0.979037793771691 1.01097899679051 1.03069085138415 0.965219529814718 0.991149315104593 0.984619981542488 0.911904584139865 0.955440153706966 1.06451447600199 0.992199437458176 1.04027596815132 0.980053520035899 0.985748844674227 0.975525520518027 0.992585661919444 1.02134744483554 0.985178429084843 0.998951691957297 1.04285414578244 1.02625644988361 0.987081166551175 1.05251580212004 0.981849818764781 1.03438334784501 1.02635602334592 1.04014346325899 1.01931899992502 1.07648408174842 0.997678600168479 1.03327862825519 1.00839002460429 1.03562216870439 1.04066550433233 1.03448164516621
"BlandyStella_FRA03201Blandy_1" 1.02457554640453 0.956124380746563 1.03446311837844 1.05152541593032 1.05513955582388 0.983452043097139 1.01208975876396 0.997214144355806 0.99669860752881 0.994786414610623 1.01996386565512 1.02483246475817 1.02532573250731 0 1.00020924768246 0.979228812317332 0.998866466454644 0.96627079645773 0.988362485170239 0.989452514213731 0.993169230360299 1.04904558482578 1.02991293669518 1.02841649517602 1.00691158324771 1.04379662646419 1.00409077454202 0.943617094593552 1.0373324390619 1.02563568117996 1.03693323062521 1.05319950578689 1.04875272058902 1.00226663774518 1.01358567315758 1.00054223965142 0.982487271988087 1.01504926641117 1.06397315488562 1.03898005812386 1.04620680205283 0.995893044613692 0.990752051448383 1.00490761837324 1.03908252815993 1.04718715129457 1.07168894519637 0.977666244618934 1.00348570479452 1.02056481524309 1.01385155045899 0.950517736726331 0.971881519933808 0.996192900094006 0.969160376649751 0.989370805161776 0.966501575776071 1.0071181384085 1.02401655209522 0.997368811287089 0.998933924721509 1.00216288290405 0.996375174558752 1.05728358872301 1.03441582756931 1.02338135686393 1.02913257508858 0.989022756112826 1.04799449895036 1.04423159082855 0.987560614956693 0.928989724927305 0.995529289116995 1.02339169591612 0.99413636740675 0.986051040127301 1.01572081791678 1.02052142582057 1.01531203198126 1.00309119757523 1.00411834228294 1.0731538582174 0.950258133208619 0.991983595146881 1.03729109746861 0.97429729907587 0.986138817014132 1.03694137411581 1.0414588484401 0.995381685121574 1.00409202807818 0.995629526676353 1.01421695070767 1.00734587857422 0.995766547731547 1.00308892205059 1.01303618461429 0.974921735517782 1.01146294283603 0.990296445479477
"BlondelAdele_FRA07101Blondel_1" 1.03805502885405 1.05932995895075 0.995021169491445 1.04349229175113 1.01347566402498 1.06960510126259 0.984182167844294 0.982312530769812 1.01476747876278 1.02759599447178 1.0955491589038 1.04062089787818 1.04968523825224 1.00020924768246 0 1.04673181449178 1.02230704561643 1.01306002894204 1.00039983321778 0.985568897122412 0.999835801302642 1.02268985915962 0.952776362424719 1.03223694156933 0.963440974544618 1.00468250034578 0.950728494287102 0.995341070622289 1.03133083428325 1.04329633865241 0.990424290231501 1.00945548035457 1.05944859600787 1.07818718428349 1.02712687248251 1.05603505818271 1.024384531984 1.01980931463003 1.07307415631387 1.07327882385869 0.982889451735599 1.00156513214939 1.00495390812901 1.01907345229326 1.04641461927871 1.0614376594318 1.00978497009306 1.00688047774116 0.983838712291596 1.00257564205294 0.974561867263733 0.870261900353348 1.06454407867608 0.908838655115947 0.956185813405234 0.943902612185279 0.931791570712667 1.02231781416916 1.03938148682524 1.07527677764471 1.06020821830271 1.04114213694523 1.08014510669307 1.02976241495202 1.03214889617704 0.986490211441608 1.04081768459833 1.00049868782901 1.0112593208592 0.982357127819782 0.970476062934945 0.972878699516364 1.09064333790181 1.06243605276245 1.02234388744436 1.02946120824514 0.911992858955014 1.05407982512364 1.01639786496348 1.00765270917281 1.03362609186669 0.971635908305975 0.989219074898822 1.01638723266677 0.958903336806962 0.948321317880802 1.0062800225192 1.01263959939927 1.00128699167917 0.956876496636659 0.966405912108239 0.951703348519985 0.915102705166202 0.948941975039272 1.01069452327302 1.00885978487772 1.06671730901483 1.05119344050192 1.06237626812433 0.974013213339099
"BoisgobeyFortunedu_FRA00601Boisgobey_1" 1.02061635823951 1.01138029268105 1.03294191285867 1.06808955080854 1.03604888382477 1.03095213253627 1.04576582957524 1.0884662382886 1.03606680159591 1.13172471747932 1.08673560264404 1.12641263123464 0.993510071378603 0.979228812317332 1.04673181449178 0 0.791636510879314 0.985693441302961 0.852039506974923 1.04765806846501 0.993008148782982 0.870466258206781 0.934486888289508 0.976085451944362 1.09487457902047 0.946570286880126 0.926069639794101 1.03081840069274 0.975400937322621 1.10462056700492 1.10727710829536 0.955922475974836 0.977271375311527 1.06398616687189 1.11485787877423 1.14615376312524 1.11660482767393 1.18741688595456 0.950528043612029 0.972436974253502 0.927829502718672 1.06974334374943 1.00441777723081 1.07960112331 1.11291357840399 1.10875594485318 1.08390809136006 1.08529207216778 1.02093730850855 1.05253322816444 0.930468755446975 1.06857088540874 1.03351927155384 1.04773225962082 0.960242895367023 0.997629576290617 0.97055174757941 0.857864968879374 0.806153758367373 0.953902469161233 1.00289861580859 1.07984873244748 1.00932632792649 1.04568433488413 1.13658970603871 0.975658157291777 0.936117259264493 0.874231162680819 0.990648630519415 1.03618616337002 1.14397009670374 1.10064402800346 0.932634431928998 0.96625394907076 1.13310191072275 1.18679613279677 1.10180234088338 1.00380009762061 1.00544114808973 0.932498496898676 0.965507481372545 1.02952683467263 0.98785509534118 1.03912432656107 0.994366214339238 1.05146485784872 1.02400400372631 1.05203221908613 0.925039277121987 0.85406740686078 0.912296567715654 1.06008135913356 0.945520436982862 1.04980711268634 0.921717589893671 0.968826195369825 1.07538602481299 1.04428977314357 1.10213769922505 1.05713963289773
"BoisgobeyFortunedu_FRA00602Boisgobey_1" 0.984026582387061 1.06214798066223 1.00917270313022 1.05941908075108 1.04095649438877 1.0424597937632 0.962350189835866 1.08881135976978 1.00075693011464 1.09079319820303 1.10343206343271 1.08314570543369 0.978004570821442 0.998866466454644 1.02230704561643 0.791636510879314 0 0.964646246150146 0.967401516222227 1.05717125738008 0.992569648049376 0.945578057792936 0.972302735569412 1.0170524562287 1.06975197593733 0.996411786638578 1.0047606334759 1.03012158672222 1.02777307161301 1.0506478026287 1.06122355637593 1.0069797121773 0.955056110553925 1.05177030163922 1.0908841441874 1.04237966675955 1.09326062673693 1.10146307931539 0.984868400568292 0.967334435433534 0.998839779816564 1.01986403390024 0.964429905151097 1.06242571320323 1.09134106649116 1.1105517733242 1.10904006191297 0.998403677155796 1.02155749145822 1.00963079907656 0.977569105201268 1.01911137102022 0.97513861553019 1.00939552755419 1.00704913699918 1.00225213853724 1.02786565898966 0.985650285894465 0.97568884027553 1.03621685865881 0.95709437284527 1.03750911913455 1.01995645589597 1.03138066097006 1.06346384385409 0.972005058211258 0.942978103786775 0.875674442660275 1.03139668094177 0.996910889150747 1.08787983154309 1.01161323360619 0.974332948253166 0.985422342913968 1.07076253074668 1.08142317460632 1.0751524725718 1.00521862514525 0.971043431575913 1.00292564975688 1.02514021655047 1.00934243620676 0.959370156086008 1.01440151938527 1.0263502211227 1.04204548701656 0.937892144723953 1.03515690698437 0.923192683002406 0.93400364567256 0.942886212684156 1.02509541632629 1.03239011808515 1.05096076812507 0.95048006696145 0.996664176327173 1.02513718710689 1.00139928806164 1.0881332921681 0.995490867588474
"BourgetPaul_FRA04701Bourget_1" 1.08291904019301 1.03534235607119 1.07330389962093 1.00493371488301 1.01884322687347 1.06806962627089 1.02012982465856 1.03389296103083 1.02753698057348 1.02427540893706 1.04270098578416 1.03313423005315 1.0188446002816 0.96627079645773 1.01306002894204 0.985693441302961 0.964646246150146 0 1.01004160129295 0.947933947810033 0.9850011547557 1.00544675141186 1.03854934111058 1.04218145135606 0.954780623050743 0.988378579044206 0.980098040696594 0.940667251945428 1.04297611709965 1.05292631238095 1.05885095735059 1.06136479903262 1.0062922366072 1.03794652461539 1.07513485192938 1.03174032862816 0.970478299490748 1.03248644492215 1.02410335915282 0.99698857510857 0.988590544599189 1.04529058344415 1.02695565242744 1.06349097107115 0.978141615221782 0.977044945584529 1.01683790401583 0.975045190721257 1.06111388307478 1.03353817271078 0.993467466289815 0.925283939786711 1.00419831191294 0.988271227822536 0.936340818464442 0.951675034795534 0.956114259182688 0.967919376070956 1.00597584076961 1.02487970628544 1.05755397811472 1.0490767125043 0.953257962067681 0.955750739664862 1.02407558866203 1.06320029078718 1.07077189688509 0.977265076406256 1.03465682753008 1.0229589884677 1.02004796438591 0.93855532184158 1.0116532439526 1.00233982572476 1.0118198731845 1.03753954865134 0.98592237083644 0.983372194923154 0.981753036812397 0.96820360582393 1.03069297890543 0.999997594078502 1.00649970148168 0.971766967806789 1.05541397853238 1.0677265814684 1.00722316022044 1.024808701221 1.0517697520821 0.988833717811929 1.06631389095321 0.975957651414731 0.949666411212979 1.00345033541341 0.961057097061768 1.02560129032903 1.05131445654223 1.04066120869925 1.02811805364966 0.98206021795232
"CarraudZulma_FRA00701Carraud_1" 1.07933446919569 0.920315984195082 0.998866309136387 1.12658865860595 1.08064748851069 1.08139180329545 1.03264802271881 1.05418411747887 1.05498281097638 1.15366130055722 1.05494448031673 1.07095283841029 0.933584322383276 0.988362485170239 1.00039983321778 0.852039506974923 0.967401516222227 1.01004160129295 0 1.12535681258163 0.987663635083188 0.841355473690588 0.970478710464449 0.93592497809912 0.975357794204418 1.04707420349268 0.881877856397097 0.958677978533985 1.02314911825197 1.13032578012609 1.01971712600417 1.02011542387944 1.0239539116346 1.02683055589519 1.12778260353349 1.11733016803519 1.13514833714788 1.16865517607362 0.950344339080306 0.999059515102985 0.959827936386297 1.07174985979557 1.05090183037277 1.12629392511025 1.09791937878197 1.12496784881338 1.01282380900348 1.08842841618661 0.990341182637039 1.03741278991995 0.912224517394977 0.982777536153217 0.968857438086825 1.04172546833701 0.990522091353619 1.03862020129178 1.00414800260874 0.834604654388032 0.744360216440535 0.957859416918 1.07160287555949 1.03554700665639 1.00887925676712 1.06854834133226 1.07969071667105 0.993384457862955 0.91350376457136 0.941505480765067 1.01143632318915 1.0114396797641 1.09135225369088 1.0669415826333 0.869389772686388 0.992031815926927 1.15674289514494 1.12685097584517 1.09710962290909 1.012239109262 1.0154977736113 0.882871886298304 1.03705065795208 1.05071925267271 1.03693446472512 1.01118062544649 0.988897272827984 1.0556868671772 1.04026611116282 1.07656038537123 0.88887314977353 0.868228429137093 0.965678961784973 1.09822025520433 0.947188237723498 0.997957836328046 0.979893427232499 1.0206436925603 1.11706077114703 1.04377838449821 1.10919818433125 1.04144389001275
"ChandeneuxClairede_FRA06401Chandeneux_1" 0.970177042174681 1.05346565188975 1.03742426910954 0.934712755451479 0.961763750782757 0.967603556666221 1.02978909830635 0.934409131098337 0.943416820906478 0.9223683366043 1.04749251121915 0.991513914889633 1.06698757764866 0.989452514213731 0.985568897122412 1.04765806846501 1.05717125738008 0.947933947810033 1.12535681258163 0 1.00394350249908 1.10003173342334 0.973582637242833 1.07131933181244 1.06198479163776 1.00493465769217 1.00550739734137 0.985068906569687 1.00619222349965 0.964347745917652 1.02328930100185 0.988617678477623 0.994768276060347 1.01838814111675 0.935348774471986 0.957726743490018 0.965610939624681 0.94813397297725 1.03458972868431 1.04149121255267 1.00936092489191 0.991396805885957 1.01162577800622 0.993470524849566 0.985552450021748 0.924635143732945 0.953714380388213 0.93745651408571 0.981772366702212 0.969573088521419 1.07383156253352 0.941327137257923 0.972252423127439 0.942269913774425 1.00958443635068 0.993882676919007 1.01104199300802 1.11419401887055 1.08429265969986 1.04029501385038 0.998274208524143 0.974002236359817 1.08551764149892 0.968030472149938 0.997736599296541 1.04591910202459 1.06855499875821 1.06970202067501 1.00510724382698 1.01561491016053 1.00244127842277 1.01241982026429 1.1345017222012 1.03865413430382 0.947375865780443 0.996661345138899 1.0049294697115 1.02078164854073 0.995943234934691 1.03239309924347 1.00329896126133 0.939885361962065 1.03726402136289 1.00086925746789 1.01470664416461 1.00325349433291 1.04029050267921 0.996034350720503 1.08998688897329 1.08279615979522 1.03528525749772 0.919155167712891 1.02694200395547 0.993509920797126 1.00131438473403 0.958148010996882 0.976107180285959 0.983068221418501 0.947146858768139 0.939176387094674
