 ArnimBettinavon_DEU015_1 ArnimBettinavon_DEU022_1 AstonLouise_DEU010_1 AstonLouise_DEU012_1 AuerbachBerthold_DEU002_1 AuerbachBerthold_DEU008_1 AuerbachBerthold_DEU013_1 BahrHermann_DEU055_1 BallHugo_DEU095_1 BleibtreuKarl_DEU061_1 BoyEdIda_DEU074_1 BraunLily_DEU082_1 ChristenAda_DEU064_1 ChristLena_DEU093_1 ChristLena_DEU099_1 ConradiHermann_DEU056_1 DahnFelix_DEU044_1 DohmHedwig_DEU057_1 DohmHedwig_DEU063_1 DohmHedwig_DEU073_1 EbnerEschenbachMarievon_DEU027_1 EbnerEschenbachMarievon_DEU058_1 EbnerEschenbachMarievon_DEU100_1 EssigHermann_DEU078_1 FontaneTheodor_DEU035_1 FontaneTheodor_DEU046_1 FontaneTheodor_DEU051_1 FontaneTheodor_DEU053_1 FontaneTheodor_DEU059_1 FontaneTheodor_DEU066_1 FontaneTheodor_DEU070_1 FontaneTheodor_DEU071_1 FontaneTheodor_DEU088_1 FranooisLouisevon_DEU028_1 FranooisLouisevon_DEU033_1 FranooisLouisevon_DEU047_1 FreytagGustav_DEU011_1 FreytagGustav_DEU030_1 FreytagGustav_DEU048_1 GanghoferLudwig_DEU067_1 GanghoferLudwig_DEU085_1 GerstnckerFriedrich_DEU016_1 GutzkowKarl_DEU024_1 HahnHahnIdaGrnfinvon_DEU020_1 HeykingElisabethvon_DEU087_1 JanitschekMaria_DEU060_1 JanitschekMaria_DEU075_1 KellerGottfried_DEU036_1 KeyserlingEduardvon_DEU080_1 KeyserlingEduardvon_DEU097_1 KretzerMax_DEU069_1 KrnbergerFerdinand_DEU025_1 KurzHermann_DEU005_1 LewaldFanny_DEU021_1 MarlittEugenie_DEU037_1 MarlittEugenie_DEU040_1 MarlittEugenie_DEU041_1 MayKarl_DEU054_1 MayKarl_DEU081_1 MayKarl_DEU084_1 MeyerConradFerdinand_DEU032_1 MeyrinkGustav_DEU096_1 MeysenbugMalwidaFreiinvon_DEU086_1 MllhausenBalduin_DEU042_1 OttoLouise_DEU004_1 PolenzWilhelmvon_DEU062_1 RaabeWilhelm_DEU029_1 RaabeWilhelm_DEU031_1 RaabeWilhelm_DEU038_1 RaabeWilhelm_DEU049_1 RaabeWilhelm_DEU050_1 RaabeWilhelm_DEU072_1 ReventlowFranziskaGrnfinzu_DEU077_1 ReventlowFranziskaGrnfinzu_DEU090_1 ReventlowFranziskaGrnfinzu_DEU098_1 RilkeRainerMaria_DEU079_1 RuppiusOtto_DEU003_1 RuppiusOtto_DEU009_1 SackGustav_DEU083_1 SchnitzlerArthur_DEU091_1 SchnitzlerArthur_DEU094_1 SchopenhauerAdele_DEU018_1 SpielhagenFriedrich_DEU039_1 SpielhagenFriedrich_DEU043_1 SpielhagenFriedrich_DEU065_1 SpittelerCarl_DEU068_1 SpyriJohanna_DEU052_1 StifterAdalbert_DEU007_1 StifterAdalbert_DEU017_1 StifterAdalbert_DEU019_1 StifterAdalbert_DEU023_1 StifterAdalbert_DEU045_1 SudermannHermann_DEU092_1 TieckLudwig_DEU014_1 VischerFriedrichTheodor_DEU026_1 VischerFriedrichTheodor_DEU034_1 WassermannJakob_DEU076_1 WeerthGeorg_DEU006_1 WilleBruno_DEU089_1 WillkommErnstAdolf_DEU001_1
ArnimBettinavon_DEU015_1 0.0 1.891442241753023 3.1629623225808 3.222155979780421 2.890471379470319 2.745334563173744 2.568742768699456 2.7420359555102864 3.2420205170675405 3.1444455090619 3.19435025184718 3.38754087502533 3.10963535537527 3.1848982823651104 3.0757507535384736 3.127352461442412 3.214124900526833 2.8605840816076133 2.999683430866041 2.785150644188769 3.3034755882793396 3.11853710176338 3.0648548062166103 2.932407598744607 3.27290165084894 2.8302020527140117 3.14195624406592 3.0695721834805987 2.940547286430588 2.9662517549543157 3.141900653858772 3.2092215619692297 2.63637620857678 3.3504037969144704 3.32179626953224 3.26729745651527 3.1092514831693188 3.133653426303149 3.016767374994635 3.17314423384507 3.2289972931728936 3.3021644157440604 3.3140743506670702 2.646809867349826 2.992932634641903 3.028463641343004 2.972323960294206 3.11414798854368 3.09017849432192 3.0396122101766982 3.23800286546858 3.15382740888385 2.729957710760301 2.871388382250335 3.25661315556762 3.34164466399232 3.35852343452836 2.562145023593508 2.731180702603922 2.763842210282254 3.40181172016498 2.872551330484296 3.0126298956260147 3.1809590821024605 2.914401054889625 3.19487387270423 3.023750565629617 3.16675245717988 3.25751573068864 3.3516037114510597 3.2060887625450905 3.192288490670763 2.59140154247748 2.702179123358266 2.782532906893311 2.579776433439556 3.23759263425967 3.19960553083496 2.8818611708335857 3.2795416017102106 3.11334410080506 3.21446713155219 3.07098348677097 3.0190901468273124 3.105088725342042 3.17862664962908 2.8338831946002387 2.933850374982353 2.94764383475593 2.919817782431659 2.770994637512068 3.1383321028535205 2.695711087818776 3.020927674785729 2.894275037063759 3.145576950974323 3.017058782191504 3.14455258005097 2.881888921520944 3.31820383430661
ArnimBettinavon_DEU022_1 1.891442241753023 0.0 3.1469913653347197 3.191965316223389 2.874564849131661 2.777717401560131 2.6099133452183088 2.8177874221378767 3.3478290250252103 3.161495714107086 3.19617846665862 3.4863772018570103 3.16980155579809 3.198943133115529 3.1585788123235403 3.076520954788654 3.2480442951573467 2.816206622153606 3.016920176572825 2.8145107437209558 3.3002079524973906 3.0614002996733 3.088773412301993 2.998118375633836 3.27843030638296 3.0003593373223874 3.17148649426561 3.0438270091610424 2.97377445299601 2.93566017922626 3.10485641636813 3.2092459777031097 2.683053769559246 3.2792231119027555 3.28856657229034 3.34101811747073 3.13786902158693 3.10424144844101 3.14601794309875 3.34459512941681 3.4377886275218197 3.2971491267184705 3.24959856509357 2.684795887060308 2.8287699570576033 3.056945044851838 2.9988826851205728 3.07501183568671 3.23409818952485 3.12233667395998 3.168261815687 3.1225872870847398 2.7132009368485663 2.726598942184285 3.23839924580425 3.28214980013996 3.33154921652477 2.566942887765559 2.669572975763246 2.75600574112693 3.4042620596187394 2.9785996097190153 2.954191794219727 3.1144998581694168 2.8903286711031297 3.1581079723300496 2.871535796198375 3.0124447533483707 3.22738973205616 3.240476976785256 3.124000226033149 3.114905685822671 2.600287540061334 2.524932006119711 2.750728161126482 2.624660617183272 3.1935311093040597 3.1256913935007398 2.9201976434384562 3.2813924044390803 3.12757728114315 3.0856988410726 2.966588960805539 2.937492455261674 2.949467367529067 3.3055428796347495 2.903266462315054 2.866829916275769 2.965087914904603 2.8214778299629346 2.719909656061768 3.21840192544681 2.850884226852571 2.9717274378075658 2.892110846377794 3.17958375860087 3.1481878428969 3.022451380082967 2.970748599999461 3.231410428457694
AstonLouise_DEU010_1 3.1629623225808 3.1469913653347197 0.0 2.690921428289289 3.2231056162524103 3.24776498738126 3.31085707999007 3.1917180114243204 3.1951899730933997 2.97623134992539 2.87154607589319 2.740891820074848 3.13093513803024 3.33412100102646 3.34833065818182 3.06595761763114 2.941397027940836 3.1756496669402603 2.7997172673376762 3.18504157634292 2.78947021949987 2.7275902498991806 2.948360033760867 3.05760483634589 3.1219505822678197 3.213902946310773 3.2574082752387397 3.17294388381978 3.26680494503971 3.3713906550686596 3.14099945994465 3.2002928059409603 3.36179520512878 2.8913149316110203 3.1968966062785205 2.991240289697433 2.8879786874938693 2.934993947817196 2.987121499786355 2.950014803436655 3.12267591127685 2.8966280996079963 2.9975037305323617 2.816332587279876 3.1514916171215903 2.9216225987885647 2.855374848099758 2.9842427411553443 3.042212176286876 3.0855636831794504 2.8178604141560033 3.073789699868577 2.902555028249986 2.70419586978004 2.8672894525283397 2.709208354877926 2.76601372762989 2.850762881342865 2.9004091941911563 2.945204129050226 2.785978688970424 2.8083218285297242 2.743249707542093 2.584890892885614 2.873179990627066 3.16621459058286 3.2995567700143096 3.18129681368221 3.17252530189217 3.101267341425417 3.2081683855943 3.27956359666525 3.21643692028323 3.28390521360427 3.12962850263667 3.18945825146502 2.65813454588556 2.626681887037435 3.3050808625226997 2.65992969386979 2.8163899044798724 2.820713062266104 2.907570453983883 2.809241903213975 2.994804757206193 2.8884455949783616 3.31361080831463 3.16091433771506 3.22976485091031 3.0178523277173053 3.1484847862647802 3.092849406274948 3.39359415372565 2.931242051861198 3.1957574849266397 3.077894937744749 2.855227141614427 2.908348779367428 3.16458474278899 2.695823424988864
AstonLouise_DEU012_1 3.222155979780421 3.191965316223389 2.690921428289289 0.0 3.29851869051295 3.3031470897804502 3.62652154287654 3.08671088828261 3.18829024310901 2.631738702198126 2.714990884724425 2.610542011306536 3.1546509422899502 3.3705753136979197 3.24510074207067 3.079808926298707 2.7258446798162903 2.9336883594988663 2.9350224631940556 2.835645517238624 2.750582126513164 2.907108822280883 2.8117171308727027 3.162226515946707 3.042974709822503 3.3220687937398 3.46535255706494 3.30988387993033 3.55685589815871 3.5155930318595203 3.0707600753716897 3.22253903579455 3.65207406830691 2.5272591262140214 2.7062280481134753 2.671972977829447 2.890292532046257 2.778153940196439 2.775888777946556 2.921067858334032 2.770950390166425 3.2100128261736103 2.702650548439263 2.7595630933929822 2.84383741318072 3.0224247245105778 3.0726143542461704 2.7956738488341353 3.20481772732822 3.2360359851930696 2.815416482431207 2.6328187146724558 3.308728201018971 2.659035284143449 2.897485477404525 2.6864000839577873 2.59843214200518 3.3232934665902 3.3431715125977104 3.3307149577762 2.537190742195576 3.1996180167132504 2.632076056901022 2.770802348800585 3.0589239241211357 2.996915216582437 3.3851971754586403 3.067442669700994 2.769876115698085 2.690540659374855 2.971862806142825 3.2049031182518295 3.4000718388071394 3.4543340008295402 3.5024843748831302 3.20522505484466 3.14766550669784 3.14856682087935 2.745174468128883 2.8978632664791153 3.34737971296817 2.599867578354854 2.850203513793242 3.040334253943981 2.970937378693055 3.058465025325084 3.5340860197649704 3.2594415878904295 3.01762215548269 3.22828983225723 3.003321685629417 3.0393696787595013 3.46835621066103 2.7015118514256042 2.9191497743637678 2.772096161193169 2.9896683807210582 2.8712073355108103 2.97474668374617 2.618453144279462
AuerbachBerthold_DEU002_1 2.890471379470319 2.874564849131661 3.2231056162524103 3.29851869051295 0.0 2.530989135790724 2.329262289740483 3.049641052082114 3.1331462203402305 3.1854613595074195 3.027092851612522 3.31116877571694 2.8580488213450908 2.816075193079165 2.808635667965519 3.180442375568576 3.1661166925959705 3.147926710578664 3.082966553710811 3.18438311326845 3.123083462848821 3.2168675523612302 3.108851317160121 2.791281518458627 3.17183025708188 3.085607767986318 3.001374733586693 3.0880206134934802 3.09072413056169 3.0809056275433404 3.22182175446466 3.2005342100517 2.946141030718306 3.20430809693184 2.998617564758173 3.106993595877182 2.948094577626308 2.89723705554412 2.8735120887838432 3.063336449541035 3.064932043021833 3.0214134473606293 2.90726841220137 3.0923398091948284 3.1299255992094004 3.20656602903719 3.1788138802989 3.0175571245875297 3.1820947459080005 2.965959651463133 2.865475355204351 3.07918705321927 2.760711796825111 3.0002450752479612 3.0961859098889577 3.1166840641832203 3.13866926603189 2.995653001079848 3.0580848469223003 3.064602688474427 3.13779840826478 3.1885001183550097 3.11388213290625 3.22707808053247 2.8032189848568247 2.756117920752966 2.9500002593661083 3.025598549512853 2.9515944239100977 3.1107277830642603 3.04261231746543 3.0610662881495356 2.913046420853712 2.997065642744624 2.966205695591405 3.0480725687003423 2.992582579822831 3.03871549117462 3.0861181842116947 3.21985681171118 3.1718206606346797 2.972363478050324 3.13084375542085 3.13354463412698 3.1226985296842296 3.104535335186834 2.789054206725145 2.8296581585413048 2.98505284502716 2.981823865020612 3.0976666414414677 2.960784662831455 2.833929536679826 3.1038672284193503 3.09583834706743 3.0029926415472032 2.932049464156782 2.886102779411782 2.984053134535301 3.12489704752579
AuerbachBerthold_DEU008_1 2.745334563173744 2.777717401560131 3.24776498738126 3.3031470897804502 2.530989135790724 0.0 2.35523526919341 3.0157718590328866 3.0106379572373747 3.11423096940824 3.2014312448597297 3.3741850614439395 2.766883638543488 2.9170345763829957 2.9110701061555737 2.933393944960916 3.16434012435439 3.1119599808918497 3.148949701667 3.10316105491325 3.132752752939402 3.0885814992321716 3.1413703843463496 2.879115919505738 3.13091223522126 3.09718611712888 2.907642557950968 3.0764640588230012 2.9624654082408393 2.785645795155227 3.2075217728076297 3.07907455114674 2.731000688568918 3.3511751884486696 3.11294472114624 3.31295237106361 3.0651819375772202 3.0178787727284533 3.11350748796899 3.093446525218538 3.103626097248421 2.757614763817494 3.15798819804213 3.22502921582301 3.101264577791635 2.931832464876881 2.9471106077630678 3.1961983469299895 2.9327355566767723 2.9344119904985737 2.983930399634115 3.0503142107558032 2.637376126613032 3.17218256719808 3.2370575703816797 3.2568249351630802 3.2868236193579 2.797493251701653 2.857473916843126 2.912181865231256 3.37236127263324 3.16231688108026 3.15505158844432 3.25775891586669 3.010376172187687 2.8165474313774768 2.971146295101806 3.152160173482974 3.16788288290144 3.20753772813514 3.2028204055663303 3.1158639075307932 2.8671198010073278 2.743439108383675 2.814873913993479 3.039447606058701 3.051892270978383 3.033636541513831 3.34698953356363 3.30627742853263 2.991927546667511 3.1452150621824604 3.17335831224798 3.13381681811049 3.03279080294305 2.92032258716522 2.712215912554011 2.934411599937527 3.08324660559809 2.955771362704822 3.092413912740424 2.9931325338234442 2.771412450433648 3.0914002959483806 2.874216135986989 3.05649615670009 3.04160991048746 2.9447390974308068 2.985485616285327 3.21915592879352
AuerbachBerthold_DEU013_1 2.568742768699456 2.6099133452183088 3.31085707999007 3.62652154287654 2.329262289740483 2.35523526919341 0.0 2.847337756866617 3.017871314656297 3.34783653559342 3.2349547885037415 3.4724729827755803 2.6157617811725458 2.7035338297800537 2.796508788846822 3.04400182494601 3.316772437 3.1909234254155194 3.13789588401006 3.134456480619191 3.3290360003626605 3.2041287180772704 3.2326741542043 2.9068296414896713 3.21457927773446 2.572291396794398 2.737236831038468 2.858717616726588 2.566966490617495 2.6817007411894767 3.1605641038139103 3.0809734617153985 2.3544396346110243 3.55366470879841 3.3483866537593796 3.46580068281397 3.17628116239187 3.22388799105196 3.14256886719226 3.163903272145548 3.2798480277128137 2.941663063350827 3.40995563628835 3.15421134133723 3.24916517716671 3.0689123726215977 2.974656247342026 3.2651645570546597 2.9819013197116 2.782522869443467 3.20284338341332 3.44034575099701 2.6650727339886764 3.17941344016712 3.17649430846621 3.30040314273138 3.3856233035473298 2.810184955341685 2.857650568997735 2.844300068075518 3.58278277055398 3.047673799908671 3.1715220872344108 3.3324981684485904 2.958783445446182 3.19179823090208 2.852471499646138 3.03372004211267 3.2963742436817802 3.4294754935752803 3.216404345579307 3.039845405737026 2.45888281273242 2.703725253891297 2.605454926549112 2.81561119184149 3.040953283820948 3.0694563519494302 3.2323578543517506 3.3606432637762698 2.964400503360378 3.35183984162928 3.22779779261674 3.12917352754907 3.2569970887680597 2.971185826698494 2.356365515646924 2.845618797855903 2.844708084204058 2.919228299788651 2.8951516291338786 2.988895643138629 2.435178517709474 3.1304239586236697 3.097661639293328 3.30545713784393 3.1824356911219898 3.10744334499448 3.102394803501353 3.42476221870787
BahrHermann_DEU055_1 2.7420359555102864 2.8177874221378767 3.1917180114243204 3.08671088828261 3.049641052082114 3.0157718590328866 2.847337756866617 0.0 3.2729417298725703 2.9484610151053308 3.2017892140847506 3.1803329587102254 2.99372640192671 3.1221301723657042 3.1530606536531 2.649396430312808 3.43332024895603 2.7501697026531 2.844845483425443 2.763486394775843 3.255891164205039 2.948673663777118 3.20384594327303 2.9422482354491 3.1804705415497896 2.9803278580588692 2.9750939058985857 2.908854755085308 2.728770270536609 2.714781095881528 3.0999020972724995 2.968090180085132 2.605198082758748 3.1696309799199396 3.0796803838071547 3.1695047455096104 3.42385084150685 3.4721485237422 3.42147379641796 3.4137241793804503 3.39392105825454 3.22990801157726 3.2467676009765 2.9132096415934363 2.86434002517747 3.1696957734009805 3.0854449950007727 2.911165376239181 3.2201633468724005 3.1809137244233296 3.229400736267639 3.09761162190497 3.1316892427614693 2.871195255079469 3.33164325965901 3.3399126536743897 3.3687743554928904 2.878194768222894 2.806557529469143 2.8859146948508183 3.41182754267567 3.1386669207419198 3.1095572517274297 3.06117807642044 2.9593886560531937 3.10518296798689 2.952212148096149 3.0993680947553903 3.2309181078197 3.32473182356503 3.2234178105066302 3.06315143569963 2.575445445898488 2.3813552076934563 2.738406630719025 2.464712742026364 3.3674116641003105 3.34190615888916 2.88359882487011 2.9636491828182643 2.89554073988976 3.08395145585974 2.9645012259806576 2.985595971317279 2.7893266792882048 2.923544297088063 3.0082560971965853 2.9738358196018337 2.921868582924753 3.0501828944527114 2.734444537649681 3.49520183270565 2.768296783513298 2.982454365719092 2.8086972140734403 3.1125321648859803 3.1747386640907203 2.901745795258309 3.26809021471752 3.24903110086442
BallHugo_DEU095_1 3.2420205170675405 3.3478290250252103 3.1951899730933997 3.18829024310901 3.1331462203402305 3.0106379572373747 3.017871314656297 3.2729417298725703 0.0 2.808817047273129 2.927047420048685 2.8047150173404933 2.850030395041165 2.5383129892495573 2.771992564981825 2.778095899147934 2.522645424591634 2.955213220763028 2.905747714718984 3.0856897789126503 2.742221750711182 2.885814312663697 2.7997103617154693 2.830281409013688 2.8753744637988 2.961032676282764 2.796847062121784 3.15480973850719 2.9112035464390713 2.964863070296536 3.07798244604663 2.9576271574334037 2.954573939484132 3.1590005535957 3.0134709454003548 2.772921511277329 2.838079306660284 2.921210472640895 2.926088592478552 2.429931244341126 2.504497727038256 2.9084462254047603 2.9972421803666407 3.20935704828621 3.5024562186174 2.6885081145517544 2.715432215065837 3.46250185570309 2.308943777208406 2.618244492345418 3.177404703075147 2.984253652105454 3.119086606912853 3.47648042037629 2.9075365667428894 3.3020714516119103 3.11563501170086 3.31443148788415 3.2839536364398505 3.24794235977027 3.020650154515084 2.818576403504421 3.2010352629766103 3.4790026047422398 3.37190002122597 2.774295341336776 3.197172276383924 3.16887611743585 3.056687823728846 2.899609819192725 3.0293724456307998 2.958517095776825 3.22834898015065 3.32248534184886 3.059445002671512 3.3211000968769895 3.19571114621697 3.1793903655464 3.1506707831553804 3.12615499360186 2.89390799816391 3.18886816680177 3.3923762024412896 3.45900925865335 3.267644212765688 2.625060480745966 2.832189215724969 3.5449547876806804 3.27106303841374 3.5310454843695105 3.45882708510572 2.868550208419514 2.959190958234169 3.3007309983631696 2.868596423580178 2.9688027935726637 2.818464890807621 3.3889710387362904 2.780792320943714 3.07737244050983
BleibtreuKarl_DEU061_1 3.1444455090619 3.161495714107086 2.97623134992539 2.631738702198126 3.1854613595074195 3.11423096940824 3.34783653559342 2.9484610151053308 2.808817047273129 0.0 2.8748661808465727 2.69044438074015 3.1923416312729165 2.948921902208724 2.967008787579433 2.809772627656308 2.654623230108567 2.76144427669516 2.909209831639315 2.815580819315078 2.904011854463514 3.003442160216574 2.955592173865268 2.949244185847189 3.0111022630091 3.37845091615794 3.1933969468139303 3.2457725841469798 3.21406540375087 3.029459997500016 3.079854600784164 2.996306606430765 3.2545743914140703 2.7927901052990958 2.79114164768854 2.7818811328793407 3.1505089187149196 3.0452110251832236 3.016517022964498 2.9723916329306332 2.7539359553799283 3.054963923578321 2.686514525146784 2.783621700767716 2.828588086393812 2.9959987503300862 3.039854467078067 2.863678770925362 3.018818214354024 3.0794278690592236 2.997669896451134 2.523746082798091 3.3315907360548502 3.1906183638458563 3.044167202146906 3.009851581183182 2.877939738778101 3.267941027093081 3.307298786679658 3.32754412112557 2.618317568821952 3.09019073873871 2.981685275677341 2.918393748420944 3.1409838075569727 2.940180267776324 3.19199541521715 3.032058337999626 2.980004222635598 2.734146479387911 2.9461554555552008 3.0385224851298984 3.33983221096118 3.117784303469843 3.106304009263881 3.4497156419930395 3.2971589988565597 3.32210183617326 2.748871591845627 3.015936274253732 3.1610221263549603 2.723997488879219 3.13997835248757 3.34700417068885 3.185943663836469 2.773034031331825 3.3977850715592597 3.5139048965124404 3.26385377205788 3.51843136333651 3.1803642639465 3.2068199115426412 3.284071291263598 2.940064223701667 2.537032625424136 2.6940971402921923 3.0105147077499828 2.985640119693099 2.7752375607677027 2.665886798754928
BoyEdIda_DEU074_1 3.19435025184718 3.19617846665862 2.87154607589319 2.714990884724425 3.027092851612522 3.2014312448597297 3.2349547885037415 3.2017892140847506 2.927047420048685 2.8748661808465727 0.0 2.693508142798038 3.077762997298822 3.07542815248176 3.15113137389295 2.9970867974874276 2.8235058351031648 2.935021661480197 2.792808929713115 2.946388672401553 2.7286478266574585 2.88770725906197 2.85869294172476 2.881061921883421 3.07587960925696 3.25880394578956 3.29418188977911 3.227783719743465 3.287144713569017 3.34661973661572 3.1335210058474603 3.13300615943019 3.3627981743340998 2.890625648324311 2.946273626184297 2.894806941137034 2.878713452287433 2.788000243599825 2.8997376773100516 2.883772448208858 2.8045076642290914 3.0952331768189403 2.829615189376364 2.951532821259902 3.12894942618947 2.859839694970729 2.840572563218982 3.1004264479134704 2.794813498036454 2.880458071162855 2.9993098800893003 2.839972518521497 3.22452324598604 2.911609165982814 2.921839261009273 2.833853875458634 2.877441520499021 3.21193519947195 3.20578588135205 3.1988653019066904 2.884292163920092 3.041380693224074 2.796811646011202 2.958499676856376 3.064442298986504 2.927828252878343 3.2802588685847 3.11426350091747 2.9634605963613017 2.888399102344085 3.0869472024500997 3.18351862326362 3.1347702112811286 3.2604811059205607 3.2292186110376795 3.17511474948214 3.015329720168424 3.0757780332823 3.008050787051748 2.947055398533545 3.0282797621281388 2.749100242790159 2.974757783635379 3.1127640020010805 2.995034496010251 3.023517615757967 3.23132835235003 3.22799363872131 3.2070909288936003 3.26262000929595 3.21105265758229 3.08845349960034 3.27878513586509 3.038807777070589 3.00698477732834 2.8750373091412937 2.871080796546363 3.06338504659435 2.941751355570841 2.849212903176226
BraunLily_DEU082_1 3.38754087502533 3.4863772018570103 2.740891820074848 2.610542011306536 3.31116877571694 3.3741850614439395 3.4724729827755803 3.1803329587102254 2.8047150173404933 2.69044438074015 2.693508142798038 0.0 2.903284805550876 3.1217869242529197 3.1371699570100837 2.986258336419227 2.545169343929105 2.9095248003261682 2.803561984866465 2.907377714039336 2.5976653157098006 2.730895393409166 2.514540430784536 3.140730039458528 2.933009646978329 3.15648042943148 3.2532317078071706 3.2741922825392304 3.36695887097802 3.4097881886879 3.09325101652464 3.0807176980768256 3.5886802900638806 2.770710084183467 2.943330081207735 2.609821928455975 2.97531262913788 2.941421878227175 2.847151946820169 2.624820624654547 2.539316177080405 2.9996516326906857 2.865636410904893 3.034258597579151 3.016301814128208 2.893120936168148 2.76140005849477 3.09023633500995 2.6284703050951 2.845551782519311 2.9993147402404365 2.9570020538893207 3.29951271988689 3.137245319268165 2.657538696933217 2.841384792533987 2.627024758827993 3.4049672646620897 3.35103948505427 3.245161444661 2.544220585244381 2.878997275207495 2.8919071234319746 2.903792191806482 3.26775548572507 3.029796333585963 3.3190708808680895 3.25862486284509 3.0285172587108202 2.825858444845437 3.12999662604301 3.1332034799384263 3.3218860542941497 3.5841997359799 3.34394063494233 3.256833202075979 2.97865657961673 3.059795431046599 2.7885115220676786 2.812560856311748 2.9577057266207367 2.8173441491806392 3.19335829705493 3.18247400878147 3.2021566708590203 2.6574877768396 3.4167058698141 3.42700312367859 3.200945979208436 3.3705545014310703 3.32717824069239 3.04896041140809 3.36016952048525 3.0487145540853877 3.0611493195513213 2.8764001036285762 2.882430167619275 3.1956153227960797 2.978601610707646 2.705742844278773
ChristenAda_DEU064_1 3.10963535537527 3.16980155579809 3.13093513803024 3.1546509422899502 2.8580488213450908 2.766883638543488 2.6157617811725458 2.99372640192671 2.850030395041165 3.1923416312729165 3.077762997298822 2.903284805550876 0.0 2.702579033002165 2.615240546230024 2.9422279404973484 3.0590491059172598 3.21284595025522 3.0895797774796074 3.3030757432692903 2.930967369081445 3.017079754285979 2.931887318673199 3.003516113513033 3.1953593485550016 2.746301599098063 2.876668127415808 3.089409993152288 2.841734040922102 3.1025874466580694 3.23981393023134 3.1780030947308298 2.9081515516532797 3.2870182728459296 3.1805008875215997 3.1253029545216098 2.988115085441243 3.06517209150275 2.919941702549802 2.711623142803068 2.780296601833911 2.933929268988644 3.35693333626158 3.3277048134095604 3.3365424521618596 2.924832989256517 2.6997852761878693 3.116206978002813 2.644451702539086 2.659681397125717 3.16232756923891 3.34528612337271 2.882106907620842 3.37395721212222 2.764551995271214 3.0016123986490912 2.89618533643473 3.089518292721237 3.1316672159100296 3.09582882268832 3.2536366474561103 2.820673816922249 3.25820081640415 3.22463342763523 3.2530316868746496 3.1356713299832912 3.1260684393319402 3.1669118119060697 3.1701957960018206 3.12896597508911 3.18351621939237 3.17516514256279 2.815706237190652 3.27296045467415 3.0518637376777615 3.0031709577478383 3.00118754396932 3.027863538342034 3.047261799305423 3.2654282008834503 3.0664539765957097 3.31905589648522 3.25011942797214 3.1705341256627504 3.3554707102723507 2.7154469786775772 2.585726083659114 2.998936556296375 2.840430970845998 3.053264136790777 3.058135789649397 2.975215456454459 2.652117629139918 3.18503832060721 3.28330807842955 3.2393263882226604 3.077895629463846 3.1035748351424397 3.09974448128448 3.15983005592979
ChristLena_DEU093_1 3.1848982823651104 3.198943133115529 3.33412100102646 3.3705753136979197 2.816075193079165 2.9170345763829957 2.7035338297800537 3.1221301723657042 2.5383129892495573 2.948921902208724 3.07542815248176 3.1217869242529197 2.702579033002165 0.0 2.18247921890419 2.9929249776526805 2.877232279342228 3.1640364275152297 3.19305608481629 3.34026750076249 3.019426920958365 3.24379887484302 3.129527005074947 2.96969338364842 2.981574986599556 2.791301376378933 2.510942806962171 2.7978910775743713 2.574504202931039 2.652037553397049 2.866441484640734 2.865712547198936 2.7239621079840246 3.23711681591214 2.991104705129885 3.049391129081359 3.12164698961472 3.114046688226252 2.906341829033005 2.750221125493209 2.73479727058593 2.854250741158639 3.04570297786556 3.2585373546970096 3.306426275162859 3.032100933474094 3.1145881358686 3.167953871699179 2.814194558436578 2.813543181734115 3.22958000164636 3.2174245521630302 3.019277938593573 3.3818304030626 3.05100699825589 3.1749218424023202 3.10306219238377 3.2274785389873397 3.27324407797545 3.20452239086946 3.17483207009315 3.08239028837089 3.208603411117224 3.3613314599632003 3.048533593869001 3.0436103101105187 2.885408894263403 2.9687929082377 3.075504206267439 3.089027855529679 3.0273771904939037 2.865851262242939 3.027626435719212 3.1384613218216657 2.9908444745896547 3.3349343166119496 3.1184692568347803 3.15823352546705 3.071347923386042 3.231895423374078 2.999033718007179 3.253496516942397 3.4359024859354106 3.4080257840558206 3.42830789534918 2.80038605484074 2.577471381611459 3.203488352991495 2.953382756336423 3.3364085877615297 3.1194280981792697 2.935585130473928 2.62063769041678 3.1124403294300205 3.033541505158063 3.123648641603586 3.143797196456806 3.0574878450841663 2.901496302373324 3.116938916802845
ChristLena_DEU099_1 3.0757507535384736 3.1585788123235403 3.34833065818182 3.24510074207067 2.808635667965519 2.9110701061555737 2.796508788846822 3.1530606536531 2.771992564981825 2.967008787579433 3.15113137389295 3.1371699570100837 2.615240546230024 2.18247921890419 0.0 3.2653964816184997 2.9446755007279948 3.219465182568994 3.3365088960751397 3.217441394262056 3.1342068363931403 3.34690638206004 3.1210776844680597 3.013308083327598 3.0466377089659904 2.849450458858991 2.8202209692511158 2.979276859729699 2.903906817130454 3.09638030041979 3.042234422626659 3.040366776606102 3.065668182024673 3.1092654562116526 2.9602321877112097 2.966429893777432 2.993073146147141 3.0352145406878344 2.780160882906142 2.738993917394656 2.681891641041831 2.977718590077645 3.051826348647877 3.13354744178086 3.2518175364446007 3.25875352747187 3.18526049936111 2.717844517011276 3.0725149327640717 2.967558657570435 3.0993368551686906 3.109055077471825 2.967761773024308 3.3971040347786996 2.9193805543040092 3.0757580046334114 3.1120025010110997 3.28065916197877 3.2817962617450003 3.2241724120086195 2.983541898173344 2.910631023353118 3.172991104868746 3.23466824563111 2.9950196504940787 3.0828401890185093 2.9021715376390462 2.886855494163896 2.98683294597609 2.97776609747373 2.875202114959108 2.923547666709437 2.9319791453322974 3.30406961053059 3.16008136330202 3.23085522350835 3.08007840314862 3.12907954832952 2.8066080833813176 3.23117750608535 3.2598996499703397 3.2909747776805345 3.37483901789144 3.3418591381616602 3.4991072389492297 2.83557652743334 2.563236721382378 2.8997395681270017 2.850953625644848 3.0522482027017332 2.933871594836755 2.927843660827627 2.6887853289940837 3.075747424671138 3.069784216625296 2.990744637214344 3.061629398117076 3.13120637613191 2.560141110237106 2.9961052199196843
ConradiHermann_DEU056_1 3.127352461442412 3.076520954788654 3.06595761763114 3.079808926298707 3.180442375568576 2.933393944960916 3.04400182494601 2.649396430312808 2.778095899147934 2.809772627656308 2.9970867974874276 2.986258336419227 2.9422279404973484 2.9929249776526805 3.2653964816184997 0.0 3.100148216407855 2.604066027061486 2.804549425354697 2.776903037653879 3.0595075426470597 2.87102986223101 3.13334532409463 2.984283856977119 3.1591467873807897 3.22053914425814 2.971175331735188 3.04694396942227 2.808768703280848 2.662906252070114 3.100498041365432 2.944944442125352 2.7963999714837637 3.222876996532492 3.0581399767348656 3.2166808856849998 3.3773885425362904 3.36011959470739 3.6049013649086303 3.178099706081988 3.185561006565591 2.904260445394042 3.1416599075373 3.072858016695281 2.941136211578664 2.822743474772229 2.740955712383175 3.33430998470262 2.61845274784383 2.733533992483273 3.134980448506414 3.09658571241497 3.2326504606917004 3.26504140222817 2.924013199003019 3.1445196272725697 3.046287780833829 2.963994572306071 2.874711009180033 2.989051284869208 3.28679172106175 2.950726822486113 3.14657176737291 3.1625334532469003 3.3269804416097903 3.045993954541567 2.918579084144163 3.1825185758613 3.24044079884455 3.1526268766220102 3.1335133569551497 2.9751476309723213 2.878541036781741 2.500000797758023 2.5956745380113793 2.932995514847903 3.16707598125209 3.16473633805936 3.118186768903823 3.040626440643018 2.778478247993688 2.935080139106263 2.9853631639868743 3.073331786685884 2.8639317557914907 2.9082214746832658 2.99194938715064 3.32118640076483 3.17044939277298 3.2205638706265702 3.0374436924784236 3.5506173280696 3.12869467500469 3.11800521777403 2.667958149851324 2.896172743266369 3.2406520248542 3.0486220097666803 3.3290940175403803 3.12782613207463
DahnFelix_DEU044_1 3.214124900526833 3.2480442951573467 2.941397027940836 2.7258446798162903 3.1661166925959705 3.16434012435439 3.316772437 3.43332024895603 2.522645424591634 2.654623230108567 2.8235058351031648 2.545169343929105 3.0590491059172598 2.877232279342228 2.9446755007279948 3.100148216407855 0.0 3.011069613653776 2.9603517613641888 3.122904449156029 2.5848562808144533 2.803035529715388 2.520409088233454 3.081201481981762 2.8762241233991888 2.939276954789336 3.1405795175539 3.1900387395068597 3.2241741400593797 3.2719517211994598 3.012497482861128 3.136746112845662 3.41726676942954 2.8013829158203563 2.8586087040323402 2.570696370092977 2.75434185747728 2.7063736986093883 2.558852107920271 2.558692761026707 2.501126720798231 2.95273246955918 2.876505948642729 2.96005942755109 3.314457010516575 2.9767060292738963 2.897376875045927 3.3184507755419097 2.696567865048368 2.842593056559145 3.1826265933640503 2.830227638289858 3.2378101711026117 3.235556202473191 2.8599147513887537 3.065625124946119 2.8342112104374504 3.2928976878245098 3.35001445380442 3.1164072166922665 2.500181254660336 2.96808045937669 2.949389912512862 3.184257586441508 3.1318127263680955 3.008254604658321 3.33789961994179 3.02747796477372 2.9583641593573526 2.699935524118577 2.952342046670007 3.054239894271623 3.4714564113011797 3.64284077070793 3.3802938528370996 3.44618492465543 3.15082012768999 3.18336449555868 2.887182362536703 3.111586758558225 3.11419072666455 2.888576884127355 3.2496227197432903 3.3554068154351397 3.3297734835574317 2.820193783305548 3.2200224509353212 3.52867499608049 3.1476329192021284 3.496993798751413 3.4029087783736998 2.700931342868286 3.2674959203727276 3.0089747281047203 2.930410328935772 2.874126442673875 2.9529440440019616 3.35409876695699 2.668072693893084 2.808012771666763
DohmHedwig_DEU057_1 2.8605840816076133 2.816206622153606 3.1756496669402603 2.9336883594988663 3.147926710578664 3.1119599808918497 3.1909234254155194 2.7501697026531 2.955213220763028 2.76144427669516 2.935021661480197 2.9095248003261682 3.21284595025522 3.1640364275152297 3.219465182568994 2.604066027061486 3.011069613653776 0.0 2.5180119179637668 2.209330697814449 3.103211064327562 2.957282414306282 2.89398359428081 3.0150960014054373 3.10076812380505 3.14839564232374 3.23229571683394 3.1506137536960095 2.9962855522248493 2.884306269226733 3.103871359160329 3.0686236565889002 2.930187753141177 3.0096437191680474 2.943889600327531 2.965564536234697 3.2967447980047098 3.27987045608077 3.3296242849758197 3.14645512812187 3.046829692112023 3.23521935730785 2.949782082769797 2.766352583362249 2.817074825166364 2.923580668614973 2.829398388268682 3.185631941053815 2.902528661090242 2.98684648844776 3.2704747432095798 2.811902856444236 3.35793458868696 3.1046857954397997 3.0731189084374 3.2370093143224707 3.07651729340812 3.090308922021176 3.06520884934909 3.1263606805685202 3.2310785874663903 3.0439181156646944 3.120547716542231 3.1285304598376946 3.282515925372628 2.9912717302140663 2.996900730352082 3.10391217600448 3.1272307261616197 2.953695551045528 3.066570182544086 2.978048597453232 2.951146439345843 2.585289105678315 2.848057375843728 2.9268769963580823 3.33854658999509 3.3932564934802603 2.827440123095177 3.1402122850222103 3.005475646435756 2.782116384174607 2.923820689277173 3.20432809560187 2.874536850529813 3.014766486505679 3.32797288108685 3.20047630549334 3.0811053378785296 3.1494072274884397 2.909608129903888 3.32539258503366 3.17768570907531 3.049276876278246 2.5475738814599147 2.8376573500440827 3.11663835243606 3.15310516793159 3.0324218830098046 3.13947576059031
DohmHedwig_DEU063_1 2.999683430866041 3.016920176572825 2.7997172673376762 2.9350224631940556 3.082966553710811 3.148949701667 3.13789588401006 2.844845483425443 2.905747714718984 2.909209831639315 2.792808929713115 2.803561984866465 3.0895797774796074 3.19305608481629 3.3365088960751397 2.804549425354697 2.9603517613641888 2.5180119179637668 0.0 2.6297837209388284 2.8247160270782548 2.658416194952542 2.6908730669926397 2.9040922264625277 3.1128811219960095 3.11556645890293 3.2446070474849398 3.1827910210778 3.1466769938232595 3.12256690712127 3.1001128577935426 3.12712621045139 3.0792736391088797 2.989340670534455 3.12180076126854 2.960330739834416 3.0674417567595 3.13466161377967 3.16679107082122 2.917110214590667 3.000609623142786 3.2337683039773997 2.9911158457134768 2.876190509126757 3.15288687839431 2.755089820524581 2.6584896402189244 3.2311845791573504 2.793982950168582 2.842389694975541 3.1388803166867003 2.967691398535534 3.20654783263604 2.870338618482497 2.936342332046919 3.071777517347023 3.0083459266755987 3.021984205525318 3.074924390442418 3.13263236839512 3.10606879662269 2.901704922175912 2.923917370569776 3.1226348307467204 3.18995806286184 2.977330880803056 3.33990693218411 3.26552695259383 3.1804179033422804 3.067782710080259 3.22662483959551 3.23985068764056 3.037845214296227 2.9585207582402253 2.9581124588932552 2.890959229298615 3.13117464176169 3.10669604970535 3.031862996314036 2.977583354136979 2.875852280893826 2.8115558464299877 2.993638809411015 3.0421801873484906 2.890206374478592 2.929535349388698 3.3157371885732 3.24193883951226 3.29546449101022 3.11783898142537 3.13192708536463 3.1412761770173283 3.2587145161228497 3.15571482979306 2.88113605501427 2.948843493656925 2.873061683971329 3.26781889363623 3.0852966954418357 3.10112878929029
DohmHedwig_DEU073_1 2.785150644188769 2.8145107437209558 3.18504157634292 2.835645517238624 3.18438311326845 3.10316105491325 3.134456480619191 2.763486394775843 3.0856897789126503 2.815580819315078 2.946388672401553 2.907377714039336 3.3030757432692903 3.34026750076249 3.217441394262056 2.776903037653879 3.122904449156029 2.209330697814449 2.6297837209388284 0.0 3.12790820337495 3.0567612412193466 2.9718151172496174 2.9744883472801433 3.1172923790750398 3.18213550419979 3.27746729371413 3.2033708998069 3.17651124216377 3.086200713569447 3.131269184486623 3.1012304363857397 3.089974135873277 2.899832344484785 2.881845486981766 2.850180429653838 3.2478195679096302 3.1554946446937397 3.2280385689554505 3.21302452069028 3.089265991177728 3.37301433892104 2.918840909775054 2.718261867850953 2.814833745877489 2.999257488909447 2.956848554058139 3.037194277439399 3.0600250546499996 3.097782307651243 3.2192456800800704 2.7322813041522207 3.31377995495402 3.016830390837317 2.9972333792881947 3.16387629370931 2.947234942770889 3.15830637726894 3.072134228924681 3.0933420440675388 3.1984642748969 2.996532973672103 3.089591960936714 2.986089645314333 3.27291935819276 2.957285978383391 3.1008814339994597 3.12691850413368 3.050937739099475 2.949322916702454 3.0793292072560217 3.06126168154508 2.9728135962222613 2.672391008169781 3.0076148886562857 2.727359770272288 3.308849515880839 3.39873969997687 2.6925078511284433 3.035003702572594 3.06233429206726 2.843071780080459 2.853102580351586 3.056195721051887 2.8673511131564506 3.066896165877732 3.3731885209330903 3.01573308398252 3.0356380646671566 2.993539368564147 2.806822397203721 3.26455711647185 3.2100367757816 3.0237074236426658 2.607872845022698 2.8489697731921746 3.0181299906849848 3.1563150792868298 2.8972993759419783 3.116703761333334
