 ArnimBettinavon_DEU015_1 ArnimBettinavon_DEU022_1 AstonLouise_DEU010_1 AstonLouise_DEU012_1 AuerbachBerthold_DEU002_1 AuerbachBerthold_DEU008_1 AuerbachBerthold_DEU013_1 BahrHermann_DEU055_1 BallHugo_DEU095_1 BleibtreuKarl_DEU061_1 BoyEdIda_DEU074_1 BraunLily_DEU082_1 ChristenAda_DEU064_1 ChristLena_DEU093_1 ChristLena_DEU099_1 ConradiHermann_DEU056_1 DahnFelix_DEU044_1 DohmHedwig_DEU057_1 DohmHedwig_DEU063_1 DohmHedwig_DEU073_1 EbnerEschenbachMarievon_DEU027_1 EbnerEschenbachMarievon_DEU058_1 EbnerEschenbachMarievon_DEU100_1 EssigHermann_DEU078_1 FontaneTheodor_DEU035_1 FontaneTheodor_DEU046_1 FontaneTheodor_DEU051_1 FontaneTheodor_DEU053_1 FontaneTheodor_DEU059_1 FontaneTheodor_DEU066_1 FontaneTheodor_DEU070_1 FontaneTheodor_DEU071_1 FontaneTheodor_DEU088_1 FranooisLouisevon_DEU028_1 FranooisLouisevon_DEU033_1 FranooisLouisevon_DEU047_1 FreytagGustav_DEU011_1 FreytagGustav_DEU030_1 FreytagGustav_DEU048_1 GanghoferLudwig_DEU067_1 GanghoferLudwig_DEU085_1 GerstnckerFriedrich_DEU016_1 GutzkowKarl_DEU024_1 HahnHahnIdaGrnfinvon_DEU020_1 HeykingElisabethvon_DEU087_1 JanitschekMaria_DEU060_1 JanitschekMaria_DEU075_1 KellerGottfried_DEU036_1 KeyserlingEduardvon_DEU080_1 KeyserlingEduardvon_DEU097_1 KretzerMax_DEU069_1 KrnbergerFerdinand_DEU025_1 KurzHermann_DEU005_1 LewaldFanny_DEU021_1 MarlittEugenie_DEU037_1 MarlittEugenie_DEU040_1 MarlittEugenie_DEU041_1 MayKarl_DEU054_1 MayKarl_DEU081_1 MayKarl_DEU084_1 MeyerConradFerdinand_DEU032_1 MeyrinkGustav_DEU096_1 MeysenbugMalwidaFreiinvon_DEU086_1 MllhausenBalduin_DEU042_1 OttoLouise_DEU004_1 PolenzWilhelmvon_DEU062_1 RaabeWilhelm_DEU029_1 RaabeWilhelm_DEU031_1 RaabeWilhelm_DEU038_1 RaabeWilhelm_DEU049_1 RaabeWilhelm_DEU050_1 RaabeWilhelm_DEU072_1 ReventlowFranziskaGrnfinzu_DEU077_1 ReventlowFranziskaGrnfinzu_DEU090_1 ReventlowFranziskaGrnfinzu_DEU098_1 RilkeRainerMaria_DEU079_1 RuppiusOtto_DEU003_1 RuppiusOtto_DEU009_1 SackGustav_DEU083_1 SchnitzlerArthur_DEU091_1 SchnitzlerArthur_DEU094_1 SchopenhauerAdele_DEU018_1 SpielhagenFriedrich_DEU039_1 SpielhagenFriedrich_DEU043_1 SpielhagenFriedrich_DEU065_1 SpittelerCarl_DEU068_1 SpyriJohanna_DEU052_1 StifterAdalbert_DEU007_1 StifterAdalbert_DEU017_1 StifterAdalbert_DEU019_1 StifterAdalbert_DEU023_1 StifterAdalbert_DEU045_1 SudermannHermann_DEU092_1 TieckLudwig_DEU014_1 VischerFriedrichTheodor_DEU026_1 VischerFriedrichTheodor_DEU034_1 WassermannJakob_DEU076_1 WeerthGeorg_DEU006_1 WilleBruno_DEU089_1 WillkommErnstAdolf_DEU001_1
ArnimBettinavon_DEU015_1 0.0 1.365728610245509 2.187702399070213 1.8924983044109895 2.0681862569171634 1.9013791285916892 2.0106230950567707 1.9360491923272247 2.151345042996446 1.7353469714874254 2.072498175956078 2.091154545524292 2.158260601453578 2.0674738170031897 2.020736995974045 2.034318051011773 1.9690556905567245 1.8255739357144165 2.0178574861653074 1.851952445532502 2.264845633162065 2.217656351628418 2.114634839234476 2.1737376322511848 2.1937743019876033 2.066487526821789 2.1271369332575705 2.111510768906011 2.078260680233514 2.0970517478279644 2.1092970844038987 2.1691382683422997 1.9827969131867316 2.0476696545368602 1.9784832561585466 2.0165258385815146 2.287891632933067 2.197791059346038 2.1334046692552304 2.1450241997097654 1.893652198032812 2.1637074290456235 1.9852835071530541 1.7801226338866458 2.011398433208599 2.252771093880729 2.1863726577646077 2.113563105075394 2.11073618942606 2.1012993674881693 2.2948199501603166 2.030178098608617 2.0183087772943713 2.1026824782586644 2.1243489250939898 2.1790596674523077 2.1012261325721777 2.105948514595637 2.258606602022653 2.1773660358809845 2.0926318107316693 2.07719746707646 2.009189940305748 2.1488308752989935 2.162140042346818 2.2998302848030674 2.0478054774138066 2.147764202754306 2.016500994865781 1.9830644846285639 2.0712193271358226 2.045220868956443 2.091907813007005 2.1017391454699865 2.1192507781241283 2.2267293656314124 2.345316022612702 2.3734931652576137 1.7003313740399462 2.2169284578677377 2.1580933434022818 2.0895206142419407 2.0865869422309413 2.2000326733597495 2.217461237592594 2.1966343566567947 2.0166845683216463 2.0946004135047858 1.966879742755711 2.1500690083671836 1.9113034778219626 2.199269511353295 2.160921538664699 1.9257475754598692 1.7538922682661082 1.9430576188109472 2.1528503547683266 2.122097934467563 1.916300209368792 2.0497392870360174
ArnimBettinavon_DEU022_1 1.365728610245509 0.0 2.1886159950773982 1.8789929025521248 2.1194762779439644 1.9348940064341613 2.0120400160588776 1.9377525111678864 2.1001200238551654 1.7536481819919603 2.0760746749956116 2.203919180247538 2.205527768655158 1.9847204245652308 2.117293120357902 1.9989036664585844 1.9748352130745834 1.74968471764505 2.0258666378700267 1.8715425919339872 2.231288820548403 2.1519608720142993 2.127709860647986 2.1635238193078665 2.1843948178826076 2.090404756067115 2.1341222404597775 2.0491036618287817 1.9739646334196137 2.0286569946231183 2.0452917969314894 2.1057184908014013 1.9438685370731865 2.055254623061707 1.9850254674754695 2.1037905124060408 2.2042024755461735 2.112011045015262 2.132830763195342 2.177109378766559 2.020453868692969 2.1750375435475564 2.0343129797617054 1.7819089538968675 1.9623885149991653 2.206776279921231 2.1275873057343113 2.1042345879206428 2.1461605454439106 2.1683041415830164 2.308793404908809 2.0394878023853398 2.0137660503788015 2.0004280117510618 2.179388191049594 2.2546132858718533 2.201535536143777 2.0797086559642866 2.170590663278409 2.2092635041953566 2.1704671711089443 2.1754187461157066 2.0041599782199038 2.1181159342321463 2.159043280512658 2.2500368884175153 2.0092612028658374 1.9999852527204904 2.0694790016004228 2.0158524050537787 2.0898400084212083 2.020347732742461 2.068040760538537 1.9338640321322254 2.099614199105754 2.2657469352963098 2.3384420229983336 2.3531671473043607 1.7935565592365457 2.2501611940845563 2.103605517394181 2.116327802237469 2.0645210357718713 2.2015963750023846 2.1981346407311406 2.2181457443747976 2.0180911373241583 2.0874907976090333 2.0441549973720017 2.112147742952034 1.865545738269446 2.2115392120863455 2.2174481280301497 1.9392603087428721 1.8068345809528106 2.123585772321698 2.2354370704598505 2.017259069939782 1.9427293636193572 2.0410900538313417
AstonLouise_DEU010_1 2.187702399070213 2.1886159950773982 0.0 1.738572203151224 2.184360183671593 2.2645042382657516 2.1849075132574525 2.148546206854473 2.228848162710071 1.9690895497434908 1.9178165152288633 1.957161425177657 2.1725119092130383 2.1977792234365223 2.2304442039996486 1.9166394383624379 1.9685225283883132 2.087499361614313 1.9387633045994206 2.1056202459401088 1.844800257110138 1.9837245848275122 2.0602366092410422 2.0584806662994635 2.0933488777900626 2.152389587438072 2.262041763708957 2.0891674009593464 2.17931343895491 2.298808952847881 2.0713801495229194 2.0824427430787633 2.331631387308979 2.03618593392722 2.087799431504873 1.9352074562189192 2.1052794114409217 2.0729680154544576 2.170548778223363 2.1019038420593477 2.2301504030696746 2.0555820875546287 1.9441986119175279 1.9417142401023502 2.2202231527161613 2.1002923366049355 2.1058581894992816 2.0416798513286945 2.0357909258777385 2.0507889308687384 2.090838578806217 1.9135197661254095 2.2630048791626924 1.8165948156439722 2.0081853363538413 1.8353348160654315 1.9025953224740368 2.0308608515457838 2.047694959702161 2.0309691703283086 1.9425143060816545 2.0709086049109287 1.8897332371787323 1.8920947730824293 2.054224804236215 2.193164029877993 2.2793031895075457 2.120361158955854 2.0896545399735875 1.9946291617785799 2.1108722745214066 2.3152182953282057 2.2445285197081586 2.255935008007167 2.090757917673376 2.1776012787284427 1.9294307788291107 1.9564983841217436 2.1437126320576643 2.036236777861889 2.088441782433563 1.7480987713897829 1.8650434798217113 2.0819762331363543 2.001620927119186 2.0349089398121336 2.2274379843124663 2.3151170845187545 2.098536088620374 2.198475352894603 2.020168562998784 2.238386393381614 2.3729917712599615 1.9617863452126039 2.051097939671168 1.9998474588429356 2.0012574409556256 2.020630991841373 2.1969994781604663 2.000314115119705
AstonLouise_DEU012_1 1.8924983044109895 1.8789929025521248 1.738572203151224 0.0 2.115960723052382 2.107513602005743 2.108417771729804 2.096990900838025 2.2581948147513002 1.9344005874884713 1.94143103557805 2.0383865543530777 2.096736619245828 2.184626603103868 2.204661315539809 1.9895136424308772 1.7780187361858804 2.052101770520229 1.9781566240517512 2.1771099276145125 1.9628201986593965 1.9962242780942194 1.9011276632344247 2.079255805289112 2.20324550930635 2.185786206545877 2.2588860948827962 2.0931331938482214 2.197225197060786 2.226719634221609 2.0603624461883885 2.14714595639888 2.2665507907277833 2.0626847526784435 2.134980259553068 2.1006989648022474 2.0567395676681306 2.0204025269891166 2.07148194000695 2.221944567245187 2.2920512600985425 2.14259857874794 2.053320578461556 1.6591238873683707 2.074966658818667 2.0753473570483547 2.0528652988819727 2.077068558476873 2.111437829649126 2.0362379793150076 2.1883946505358267 2.1403891539041866 2.211372946343573 1.7924407033117895 2.0469330930783776 1.966015613967539 1.9712630582213206 1.9724920518329405 2.091083758069605 2.0522580267052195 2.0064101737886215 2.1139020776392425 1.6910522825211445 1.9933677229787263 1.951830781651384 2.275899673655203 2.173957854272948 2.028923999349104 2.1653609829724134 2.0771826414087595 2.1268522086811643 2.236258222511006 2.0659745397949933 2.096227690756497 2.1042777481562394 2.1911953905370005 2.063475995749516 2.116567903802812 1.9993256758515088 2.102804135977632 2.113521073828033 1.8973492381571462 2.058087699122214 2.164192366816284 2.253114449129153 2.1325977346837672 2.225603939305928 2.337833091635561 2.0861736625380196 2.164517669981363 1.96052929564682 2.1527876212345256 2.270242622195907 1.835696317803879 1.9851941119815375 2.087737093836591 2.155956749040608 2.0512750319878683 2.1000795816558973 1.9581580300386965
AuerbachBerthold_DEU002_1 2.0681862569171634 2.1194762779439644 2.184360183671593 2.115960723052382 0.0 1.7328816594287932 1.5866594927475242 1.950467593282541 1.9980348873995273 2.136956307341929 2.164550464024889 2.0615365362541387 1.8740832967710364 1.8666392318914617 1.9485425648844452 2.099607605453061 2.0456515909218793 2.1634402208603993 2.107957994948454 2.213808191932111 2.0164203897646584 2.0398263596956134 2.012267806781069 2.151491684154805 2.1524359057379727 2.0375747167630847 2.019310945221312 2.2208100295243742 2.1072469682421056 2.14693145304678 2.1668465734071747 2.2043216148079363 2.094678902005551 2.0887436444574217 2.0084010619445847 1.9366845362298863 1.992841540353506 2.0392534246826046 1.9051784689431155 1.9669388518863045 1.8389530328517274 2.0452255826098042 2.061920690221703 2.238666565134066 2.1346309616906676 2.2435162002508298 2.1631654224461863 2.1779907119670066 2.0749887732107823 2.145841673952602 2.0711003844225226 2.169862182994224 1.8301492850155845 2.073799951369746 2.0543279780435304 2.1640416774637385 2.1221852663293097 2.1190907947039768 2.1650920678204226 2.1316058936095414 2.0572130509372895 2.1574631552643084 2.1477782206125022 2.174928276595555 1.9951435434788802 1.9864102438699793 2.088097134969282 2.1499044442457587 2.1500132106428347 2.1493420051828838 2.1315301671064892 2.0598482998771996 2.1058488803508353 2.2559342994830685 2.2291670587435686 2.1500614056516203 2.1054373288142165 2.0747484954847146 2.234471197661574 2.0748041911689223 2.126463294429019 2.1445557048742008 2.160470762133519 2.091702938557418 2.175380205785496 1.8956345976836664 1.9586112251805106 2.0739521151780114 2.063784256878545 2.2136245666047016 2.192247405011981 1.9376768451520325 1.9949749519351099 2.0511655669564077 2.038668723270762 2.095983767473722 2.0548992094707415 2.0526865908266547 2.1010983775415797 2.048847406660251
AuerbachBerthold_DEU008_1 1.9013791285916892 1.9348940064341613 2.2645042382657516 2.107513602005743 1.7328816594287932 0.0 1.6695412580391344 1.9740195540151309 2.1133008987280153 2.0555248519961786 2.1904528237091228 2.2555456999594363 2.0608709671898953 1.9117373583274304 1.9132378523727367 2.12257170385668 2.216852601129574 2.092336519115497 2.1693075597276685 2.056132512683967 2.213628517043896 2.096090666492545 2.066442291119232 2.1851232394627536 2.1773044066953213 2.060786303072121 1.9752382981796979 2.183206833679726 2.043558875529143 2.065712545762009 2.144138929044358 2.1662534198822287 1.977557271880026 2.125983841571614 2.0317588005247953 2.134937749167339 2.108996977682917 2.1352200884018973 2.0822924969618555 2.185166473245003 2.0322289390171355 2.131296129353187 2.059640326426046 2.0757992746306035 1.987677325922379 2.221113269654085 2.098562039467261 2.012474090938371 2.1205381691288694 2.1639681193993905 2.11208382242462 2.1203812959651125 1.8423507974359101 2.109763176857416 2.2877578982566344 2.326807351166753 2.3256768692015717 2.0866123608002027 2.0979082149225063 2.1645862793723083 2.1548187584733807 2.226199311094899 2.077365617203111 2.12568900584554 2.0871600611599805 1.9459551313479557 1.958306098331935 1.976149532094122 2.069713190974799 2.108894018355768 2.0009111415223315 1.9696870202998897 2.0855756481133954 2.035240580025581 2.1966062155104633 2.122931213471811 2.1612443775728547 2.095749276816513 2.0639492281463996 2.1104341789417846 2.0678579860775814 2.1194894745443285 2.098585164544277 2.1661642507503456 2.1464157333257634 2.1045509405790934 1.9516602773665128 1.938344306365166 2.0662102402123597 1.9958900673616122 1.95177328223502 2.064018462808082 2.0098108864847215 2.017508784577355 1.9051133311921622 2.049474632233135 2.098327339825628 2.048222251977783 2.061665180340945 2.035264445204446
AuerbachBerthold_DEU013_1 2.0106230950567707 2.0120400160588776 2.1849075132574525 2.108417771729804 1.5866594927475242 1.6695412580391344 0.0 2.0138579044251426 1.936605527881497 2.124402981077101 2.052388358668118 2.0684953756984252 1.8730308319621158 1.9176500495548698 1.9890212201265314 2.1312839614037125 2.182872463354655 2.0762108951447478 2.059243025014296 1.9410025384818625 2.1111853937106972 2.1155031609819317 2.082573662125776 2.0892529901809933 2.187717217451916 1.940553919079917 2.024997260932178 2.2419404734967463 2.0774875102392443 2.126922237727565 2.2713390311328507 2.237963346904241 2.0251865687539037 2.1124860741780696 2.017647357279019 2.0971480064759054 2.157935056551286 2.1953383583129362 2.102401700773291 1.9950079261583396 1.839356841377974 2.1281389208482593 2.068486870483345 2.1884274449312526 2.1238380327841804 2.164774498704901 2.0471357724916373 2.1976135452495775 2.017877250504837 2.0199489948241336 2.075525269215874 2.215261521715248 1.815249111265805 2.1217573473625286 2.156580115003788 2.1520417212017273 2.1284376900357342 2.226091669045308 2.2614756634307183 2.2380894866210745 2.225265821955769 2.1367795412025283 2.1662061250494844 2.208376617360124 2.1039808305277794 2.0083519014269253 2.0529628743579127 2.0812965504444114 2.1017850085318273 2.084833989346444 2.116828077632837 1.9199281074047139 1.9532545487212487 2.1800888556146942 2.1731745877254247 2.158564449937808 2.150134140435556 2.1771615385650436 2.0830070903043856 2.1703888642288796 2.1432376364190286 2.0835286448262593 2.0898784704094324 2.147208418974655 2.1262547246026893 1.9915600337682917 1.8324999397227266 2.0491089324353 2.094736846801264 2.1750232252742534 2.1304420388263754 2.1211515214563295 1.898421516089839 2.140249443303988 1.9527682028756586 2.092238956834739 2.1193803186405953 2.144291382277186 2.008041464431226 2.04111081382439
BahrHermann_DEU055_1 1.9360491923272247 1.9377525111678864 2.148546206854473 2.096990900838025 1.950467593282541 1.9740195540151309 2.0138579044251426 0.0 2.074548270873961 1.8973031877419668 2.0344147081501536 2.0574284806153478 2.0037095631740165 1.9549706057806375 2.131028004413922 2.0077095089679653 2.1422416537244358 2.083487454073901 1.9943285947887328 2.1472265271791144 2.158281132876495 1.9869148666346796 2.0311158179056217 1.7964277512922489 2.1361687450772924 2.2481152102215214 1.9818869175338092 2.0788531682805074 1.9976652039294316 1.9789341123926256 2.1341225790643867 2.1454478849575445 1.9578962488238263 2.032168703655093 2.010591067975602 2.002440344568889 2.1073619336881193 2.1117875841253912 2.2055100541522266 2.172729424201502 2.104175044505791 2.113094823415085 2.0900412818737526 1.9342033182388383 2.1075719219053632 2.1086043348674695 2.1434864122600703 2.134618650354382 2.095156554733832 2.108961224213657 1.9965985187356743 2.0471887339522428 1.9784723013107852 1.9438549773910778 2.3081958278667365 2.2696776170975848 2.257429414996831 2.0575969836705514 2.175184648491428 2.215120215353793 2.1590166897846714 2.1127322494813354 2.11984585435571 2.2491371529775193 1.9336644737556055 1.9952147517047223 2.0696956311308154 2.1321744907005096 2.072156710139455 2.1250668747249124 2.1326036543202482 2.103643566717695 1.9181600238449181 1.8826510340966718 2.0984033720919535 2.043751745561713 2.0923737031721017 2.1489164376369345 2.0088103892006455 2.083809831675938 2.023676162672852 2.0855216764881184 2.205428600771212 2.184177665307762 2.0934280871075 2.0676822196299556 1.9970538528350654 2.188805016052044 2.0925317364369973 2.2125358736745344 2.098229615389009 2.217483047348195 1.8843666287039529 2.0737599869622887 2.0335610644700526 2.1730876590935426 2.0613100356860286 2.011498003576984 2.2049633781689906 2.1744046933947043
BallHugo_DEU095_1 2.151345042996446 2.1001200238551654 2.228848162710071 2.2581948147513002 1.9980348873995273 2.1133008987280153 1.936605527881497 2.074548270873961 0.0 2.1180350612592225 2.172127971051151 2.149368643225066 1.915038087964353 1.9846943071582812 1.8571255706842182 2.053648442721928 2.3312294292509543 2.2500463734950857 2.1487823115392377 2.1519145935871524 2.1694259902349082 2.196764407035493 2.2617880580014695 1.8919374834463987 2.095208932165452 2.0746204595872215 1.9371875123734863 2.0945057271023346 2.029052313475191 2.0428879294642828 2.139885541525752 2.0647212542710833 1.8712968968487984 2.1482014484653558 2.187418954658867 2.2116756116446035 1.99131019009954 2.144140232881241 2.13007041694257 2.00756231240491 1.9530242675622125 2.150397053680344 2.072650949180343 2.340543022532707 2.1235227749993 1.9683460426572044 2.104147690400512 1.9423074800279423 2.088602779951402 2.101855486110307 1.9639583684577198 2.075668369716375 1.8695655462837983 2.1574709239039764 1.9844258281267304 2.039776355996569 2.101924688679008 2.1318941401731224 2.100919100233 2.111196617348582 2.0309034865539903 2.01310603201586 2.1270506571073593 2.184519268041405 2.098143953921519 1.8666746598480652 1.97990687266814 1.9828484969405653 2.041999849374606 2.1123497456828213 2.019511633585234 1.9188847819679489 2.002935338856441 2.0598329009047376 2.0341320294898413 2.015464550606786 2.0527999488321993 2.0858525764100375 2.080213786579245 2.126592138481354 2.1991404416898424 2.292321295434568 2.1211301028595404 1.98331769745923 1.8907152932460982 2.011423609618627 1.8718921748097157 1.9963632379693845 2.1245822497674753 2.063420793523884 2.1606600014449175 2.1649243613520444 1.820374575201545 2.215201439513912 2.269177650301148 2.033175215265924 2.0092881680940353 2.003734948091033 2.0244317234431737 2.1010315057151723
BleibtreuKarl_DEU061_1 1.7353469714874254 1.7536481819919603 1.9690895497434908 1.9344005874884713 2.136956307341929 2.0555248519961786 2.124402981077101 1.8973031877419668 2.1180350612592225 0.0 2.1529373487698633 2.1706339671162773 2.2107978804840895 2.1264890637143052 2.146439414839807 1.9706450683906795 2.041060006722752 1.9917463560221642 1.956450167659896 1.9624410792043792 2.1415960154168556 2.069210313349321 2.084512613004633 1.9923109473414926 2.1591063621307973 2.220259033224149 2.0967622033408206 2.068816044929096 2.0985438246924812 1.9904787585172747 2.019025580237665 2.0729956116550152 2.0386651296982237 2.0841853078410124 2.122317002011792 2.131408342972154 2.204605352277672 2.170332535075359 2.1002229046249177 2.2935915743907933 2.243090793915286 2.206163556497137 2.0382633190897876 1.8073275827496718 1.894875698092029 2.1594797013869367 2.185979629295791 1.9965267863505665 2.1564915885636884 2.1135583158028006 2.147764480528707 1.894089247247165 2.033456277230232 1.9205369083278123 2.216608435586751 2.203907225280711 2.171978550050987 1.860050414241561 1.926675276078527 2.002238383306535 2.0942486772800284 2.1315889568120165 1.9976607432646292 2.0875858148552853 1.9731096163227875 2.1344094478923488 2.0725502926104675 2.0927225694780813 2.133265866603987 2.1736962584118564 2.0709309634221245 2.127068413781749 2.1316566703068522 1.9269332737274645 1.9176336719786347 2.050296212260066 2.275718507822501 2.203709187815696 1.9268429958926174 2.096091768548707 2.094241653852843 2.134989639323038 2.1177919980157207 2.051287285179527 2.12320139340098 2.056349295132661 2.2699810606097923 2.1286004133470144 2.0735666659779866 2.0669717287696 2.051953281521785 2.119993728057405 2.064903403098091 1.918249064571405 1.8503352100752384 2.030972728222444 2.084246917442457 2.0108011983764342 1.9830623670062089 2.1856837492616634
BoyEdIda_DEU074_1 2.072498175956078 2.0760746749956116 1.9178165152288633 1.94143103557805 2.164550464024889 2.1904528237091228 2.052388358668118 2.0344147081501536 2.172127971051151 2.1529373487698633 0.0 1.9768341026360285 1.9961554652733886 2.1791894067820126 2.1400402707771016 2.0165432019419622 2.0938878055992394 2.007976657419829 1.9265013208435693 2.079983945659976 1.9343882428154395 1.9729236122451301 2.0545614329590913 2.0777906897611906 2.0986980908016704 2.0259000446040414 2.1652319439171532 1.9549145197898643 2.0924827295320783 2.1446328763440503 2.0224724919472004 2.030047028366414 2.068891823315714 2.0314187396784242 2.100498959192226 2.1661455162290566 2.1385791143149024 2.0424413043243854 2.1065517575445556 2.0726638255079615 2.1729482121233565 2.1885798063717337 2.1090689391735062 1.9171259740724411 2.0729512763092575 1.9990415657139347 1.978557518503071 2.1563557246448526 2.081711772492647 1.9928863221890694 2.161925122656931 2.185803089857439 2.187513027914118 1.87868773994252 2.0573626566564287 2.0006506632900054 2.0945421606222703 2.0703688574322863 2.11007810446161 2.1274030339231125 2.154033445912141 2.0538808701245266 1.8947181598493437 2.0088318429193306 2.021335409723207 2.2525008697215334 2.12780283093218 2.0560816049849584 2.124747567669216 2.1369935432274056 2.121871639935114 2.129780752529935 1.9153125962778226 2.023929664099776 2.0556874515202903 2.072531939973689 2.0740942757738585 2.05501485124854 2.0852645802679537 2.012126810249023 1.9700353628522749 1.973639164985967 2.009357072422279 2.099902356462035 2.0525541024281155 2.1659649391070306 2.0994455296124688 2.1637873740068816 2.0922367025688935 2.096120026087739 1.9786407858766921 2.186897502646738 2.0910139059040866 2.1016077411729817 2.2571371198277608 2.1818592403995325 2.096184376957809 2.140734418080086 2.125041973620082 2.0717449458130752
BraunLily_DEU082_1 2.091154545524292 2.203919180247538 1.957161425177657 2.0383865543530777 2.0615365362541387 2.2555456999594363 2.0684953756984252 2.0574284806153478 2.149368643225066 2.1706339671162773 1.9768341026360285 0.0 1.8328584452792014 2.1829186866289056 2.0850196350247776 2.102951065208143 1.9754593870037358 2.0579551235878086 1.9946879259895303 2.039242480214318 1.9796912708427343 2.1802449773249855 1.9221081955378823 1.9663790024555334 2.074032937918447 1.965787249624844 2.2107679061436074 2.1324461710719365 2.26136877960774 2.3213201284318035 2.1845736029588085 2.193091730941485 2.3208316364424277 2.1177892603253987 2.1479501658723406 1.9946329067547444 2.1118046474848398 2.1566803479768644 2.0110667661916133 1.8642523945278873 1.9321030044042709 2.1149814743966804 2.0262648528443785 2.210547945193939 2.0352028354842466 2.13153979828725 2.0953531383825617 2.0798746337197467 1.8911777593681356 1.8581570159617389 2.0352914298693845 2.1300657733890898 2.248548510956722 2.0854808762954113 1.8225041845419059 1.9125166389840942 1.8474428106982759 2.2377097525939313 2.1610664368280443 2.074559762197189 1.992257448718481 1.9162192258040505 2.055504283645854 2.073139417139072 2.102198959084095 2.163560065227018 2.1609156098229603 2.125106419928863 2.095792158880553 2.053532308045382 2.106764496823874 2.181166424962883 1.9699515024587306 2.3195917400261585 2.1190716103677287 1.9505179696499155 2.074430468818435 2.125872623309377 1.8697922772213644 1.9443172261068655 2.0724478999716767 2.036411682453495 2.0659638564810825 2.111276863071896 2.193324730762859 2.0592135192157355 2.0932969031437274 2.081311570107151 1.9262542019424047 2.1373336010139368 2.111812817746827 2.0709718398215435 2.082090443622302 2.155044561759528 2.2324731637343396 2.0623357132558553 1.994064033620398 2.132749477367386 2.0296773708870766 2.18336784273643
ChristenAda_DEU064_1 2.158260601453578 2.205527768655158 2.1725119092130383 2.096736619245828 1.8740832967710364 2.0608709671898953 1.8730308319621158 2.0037095631740165 1.915038087964353 2.2107978804840895 1.9961554652733886 1.8328584452792014 0.0 2.0000417221730284 1.9273035057112935 2.0899821321062246 2.1024421077469593 2.0195677360616933 1.9927039459214835 2.0712512884615792 2.0642100671368797 2.152912961728205 1.9624912346457108 2.000386067533796 2.1672590149815014 1.9332232590299843 2.047568671196747 2.285101568898977 2.0472837912374766 2.3305160917561554 2.3023685382483525 2.265435308807742 2.1332298358583954 2.140815519641058 2.067524438129954 2.0363120601557445 2.077106041737868 2.1681712445166608 2.0707918096231284 1.811241609043718 1.7740599177071565 2.1330241504288656 2.1561587110198928 2.315018509362259 2.1782324147405228 2.0026710725099717 1.9618019590635978 2.1619770019036553 1.759303719679175 1.7873672752789878 2.107747108491953 2.2901653064861587 2.051639192021573 2.225239516859399 2.011506602969235 2.0424890447439035 1.9857515255207239 2.292535132903411 2.2871800412568137 2.234867289072048 2.155384769641607 1.9712177808459845 2.264732369162934 2.2560136024231174 2.188592259438088 2.0205121968839315 2.1387507861273334 2.1370525729393597 2.0884616468987973 2.082414063294509 2.1231605294831444 2.070089171713004 1.9302873911171066 2.337855557953448 2.2769045125168583 1.9995806958053923 2.1437922244838394 2.164698553761168 1.9703756469594218 2.0683743929033054 2.0573172988088557 2.085762206411672 2.092906628161358 2.0973023650850062 2.0883199550061806 2.002602035695732 1.958547161732597 1.963640109261453 1.946422755624921 2.1434723001077223 2.103416496746382 2.028348558647613 1.8870568602967854 2.2975997827822554 2.168694825197723 2.07084915555679 2.0203588137999486 2.1209692739458643 2.1330259165322767 2.1065185609294517
ChristLena_DEU093_1 2.0674738170031897 1.9847204245652308 2.1977792234365223 2.184626603103868 1.8666392318914617 1.9117373583274304 1.9176500495548698 1.9549706057806375 1.9846943071582812 2.1264890637143052 2.1791894067820126 2.1829186866289056 2.0000417221730284 0.0 1.6368478127690242 2.043622082038212 2.3298154088899015 2.104360273784288 2.0791119029576595 2.0636869282171078 2.0893767271279886 2.0892436740368945 2.1353705067063222 2.031704927995251 2.1627595308754923 2.1445006612269344 2.0294258242730074 2.200077959209119 2.0024640633847497 1.9919727813472452 2.0839661288796534 2.213426157180219 1.8865035375668062 2.1358370007968626 2.1023401876799364 2.1546467378007614 2.1436533368168105 2.1379360194096693 2.108631598048575 1.9823686223593155 1.9841982568419436 2.2070631899780024 2.122030243431194 2.2333311249981316 2.0738274636233727 1.9885974011866732 2.156155372217399 2.071045189681432 2.1044309611994896 2.117409763347336 1.9919306996517854 2.1664224328046173 1.8887226829574262 2.0490936747877964 2.098150812346007 2.158323223621927 2.0440777331220747 2.0665126626830497 2.1049528810975113 2.108182112460574 2.1617700314342416 2.120631992787021 2.102608117249054 2.119405209986347 2.1008394544021165 1.8032987739881918 2.0372229468562315 2.1260497547193737 2.210926691900668 2.2320865761055115 2.1717267215180134 2.007709044874297 2.0316320515027404 1.952616302156946 2.0964313454641323 2.0485305988356415 2.103538676938907 2.133020687087529 2.181121762697683 2.0891754064418153 2.1585568145770977 2.1793576733470728 2.109758172962411 2.0495377858416957 1.9636069902864435 2.0319635243753176 2.0461111178355575 1.9744097430437404 2.172709065982198 2.065664804993481 2.1175710602235656 2.174934967123665 1.8685362600838589 2.2177263709247677 2.0250159050543757 1.9931545380099367 2.087617030447368 2.0174127375412585 2.040334616583623 2.1210826757732186
ChristLena_DEU099_1 2.020736995974045 2.117293120357902 2.2304442039996486 2.204661315539809 1.9485425648844452 1.9132378523727367 1.9890212201265314 2.131028004413922 1.8571255706842182 2.146439414839807 2.1400402707771016 2.0850196350247776 1.9273035057112935 1.6368478127690242 0.0 2.1709339975695023 2.13628953695144 2.0543009402544135 2.0789537010234342 1.939569785326134 2.1581731122155605 2.1370595071187286 2.0449793180416687 2.046573737189403 2.101163553738097 2.0387049299940263 1.9760456408936768 2.1978668165591424 2.0887351118649415 2.127937610127769 2.1549341983080166 2.208367780350157 2.004743180417172 2.160253690187031 2.1100488781216318 2.106167672150488 2.096453371158872 2.138272939262766 2.053575188338808 1.880366794834604 1.7755515033209572 2.1043152613195075 2.183991462534994 2.184673300103414 2.172856414588223 2.045836476660809 2.097138763000404 2.077572106038865 1.9886689364376688 2.0604202624322365 2.096625975747542 2.1052287846984896 1.926174730112483 2.1885787606140705 1.9927013905348496 2.1506377924482742 2.1119489784797754 2.1101363557485517 2.1397219710096547 2.0712243013700915 2.1163034391098097 1.9893652519639844 2.2322033999044026 2.135429785791077 2.1789324393941127 1.9166507633210639 2.0253194871587414 2.209926378585299 2.169558540315765 2.1443037787682133 2.158029206088756 2.0310910391938717 2.061058785605452 2.1580436402349563 2.216295012367067 2.0733379019138463 2.16017370948634 2.1564883843624085 2.0783526759751294 2.0988567695158156 2.195031594075516 2.2173883719354466 2.106251782787906 2.0294223028324994 2.0721569219978417 2.041220746205131 1.9926903576217694 1.920403893427496 2.0973995002645784 2.0061189661638785 2.1322876091854046 1.9497286226857677 1.8852162628167644 2.2258283253113795 2.0558787672865666 1.9964327965205328 2.0350917145809584 2.1278628928063776 1.8312268852394662 2.089730776273341
ConradiHermann_DEU056_1 2.034318051011773 1.9989036664585844 1.9166394383624379 1.9895136424308772 2.099607605453061 2.12257170385668 2.1312839614037125 2.0077095089679653 2.053648442721928 1.9706450683906795 2.0165432019419622 2.102951065208143 2.0899821321062246 2.043622082038212 2.1709339975695023 0.0 2.201867512881159 2.0723231718575783 1.9582982486808023 2.086235088212739 2.1322430397615126 2.1004303637996466 2.1582671819360386 1.8973124361795388 2.1444204883511677 2.220210647668255 2.0312598585233133 2.0734005589504534 2.0931289369737973 2.02375437779944 2.052937734106713 2.026896008221209 2.049165051591632 2.105793064219501 2.0982283342595442 2.1903918851828776 2.0784137790111696 2.0372686845983057 2.1799273003180297 2.1215535248826067 2.1484853003863114 2.165272238673832 2.116966111183201 2.0310015441111084 2.141547700848876 1.9475004965112097 2.0781090615144375 2.0642429208184296 2.0583267158681466 1.9832988500978381 1.893107144344242 2.086185437405191 2.0163931197426908 1.965804839174377 2.0756385916111206 2.0437607236666424 2.1511023617947647 2.107900055816234 2.13980387108072 2.231520240303805 2.040155728614292 2.099112895882651 2.074670533061854 2.0847845142235006 2.0388308740077905 2.035704166704356 2.1171388231692334 2.056370127627852 2.137639266212546 2.1811443901160152 2.1000199831184743 2.1623253275794916 2.027009055248455 1.9212801842212532 1.9276516652683906 2.0463437336946275 2.008320892407358 2.0097733583756123 1.9899833530501634 2.011834821941498 1.9558871644827742 2.040173884614837 2.0533423813907996 2.027953984154996 1.953837870975644 2.11696733946014 2.11900900734229 2.1454794071433763 2.2595249992631063 2.152505017147368 2.176102405489438 2.2589301103167774 2.100603806974366 2.0712225706619702 2.1041476957386998 2.0794299393861544 2.0215631798047133 2.0477015667472958 2.1127837524760285 2.118322703538456
DahnFelix_DEU044_1 1.9690556905567245 1.9748352130745834 1.9685225283883132 1.7780187361858804 2.0456515909218793 2.216852601129574 2.182872463354655 2.1422416537244358 2.3312294292509543 2.041060006722752 2.0938878055992394 1.9754593870037358 2.1024421077469593 2.3298154088899015 2.13628953695144 2.201867512881159 0.0 2.2013991160414856 2.1886718760005826 2.0861161430977377 1.96676151889535 2.0820683886013693 1.9329577673415324 2.156261995452915 2.050187686456412 1.930197031916912 2.260310242327435 2.1083250211722575 2.2612882564505434 2.3034256428255615 2.11740443361736 2.2667775071062453 2.266253548500763 1.9767445176541552 2.048222114754328 1.9581981946739258 2.1147842579458107 2.0778204338971555 1.7429838741379133 2.1061380922294126 1.9884613187937692 2.080868321828909 2.072900295428365 2.0558640723822346 1.968070176887804 2.309274914137756 2.2231763494553647 2.024195195607959 2.3130397761472716 2.285940182497363 2.1420703489715027 2.0177610445084726 2.044801961814101 1.9519643081239513 1.974884190895489 1.9389180140140567 1.9580690041771796 2.014480264790769 2.1016441587416352 1.9169120891994245 1.764994947772596 2.1492485055069572 1.9376261074100827 1.887678605437026 1.8900600456251653 2.2110627117450576 2.124103978145221 2.0585403410662755 2.070542852138615 1.9888447147641928 2.041524479286523 2.1100506613637524 2.133714366874519 2.2696370374328323 2.2910165048953326 2.1138213500266207 2.0975140045789256 2.1418772813265914 1.9809652286043777 2.0024006819616496 2.2433214067740415 1.9907082586774254 2.041825212073669 2.018986436880829 2.084979235204084 2.1424183665496357 2.216436053215192 1.998121659976272 1.9646872413680618 2.065533675542115 2.035706074347776 1.9224006917614276 2.192684965615821 1.8610770110995234 2.0845714599036924 2.0141036954793785 2.2123343840720517 2.0771267636968607 1.7824052124240892 1.9046212320213038
DohmHedwig_DEU057_1 1.8255739357144165 1.74968471764505 2.087499361614313 2.052101770520229 2.1634402208603993 2.092336519115497 2.0762108951447478 2.083487454073901 2.2500463734950857 1.9917463560221642 2.007976657419829 2.0579551235878086 2.0195677360616933 2.104360273784288 2.0543009402544135 2.0723231718575783 2.2013991160414856 0.0 1.798639859128174 1.7258235957774661 2.199908415556105 2.138627905763542 2.0434562281125666 2.022472786032182 2.167925687916508 2.1045679644156876 2.0823303830651434 2.058983995023441 1.9940271211370435 1.989383752777253 2.0091143520561086 2.114637725614966 1.947501443705936 2.0807706414431384 2.065499549875443 2.201125065500824 2.182456297390278 2.0939522340755596 2.1569242127999386 2.20311994469668 2.0952655414314494 2.0928577789111285 2.0954040821492654 1.916500627901755 2.027721865682319 2.0940949836491427 2.0326081690843876 1.968931263327724 2.141938362525891 2.0493252560001265 2.1515655367080315 2.1504774580344574 1.9835126280726079 2.0172218247270557 2.100576501839617 2.0822582390934645 2.0856943506015515 2.059805876587552 2.1252316826339235 2.2385912688766556 2.2103740134968644 2.014007441624298 2.0070387797816003 2.044413440103721 2.0160189414027867 2.234478890590431 2.049653326190973 2.1400635772109333 2.207798326440641 2.240449910660188 2.181319720600932 2.0930876392949114 1.9635980345470232 1.8900910408281257 1.9390921761536413 2.06707736562197 2.115508825843224 2.159118942675125 1.9036305973816774 2.1824591512176172 2.024303687740433 2.1478746976477887 2.024929236197298 2.055050832122426 2.0838957266472526 2.1517954661824414 2.0489720568167926 2.036282021336476 2.0358737718709348 2.0176049120265835 1.971614013372089 2.1845112479479147 2.0313031638900765 2.005124403300547 2.1172087032218063 2.1652323159961635 2.153227091417386 2.0284697938352565 2.1089637143781403 2.065058755297745
DohmHedwig_DEU063_1 2.0178574861653074 2.0258666378700267 1.9387633045994206 1.9781566240517512 2.107957994948454 2.1693075597276685 2.059243025014296 1.9943285947887328 2.1487823115392377 1.956450167659896 1.9265013208435693 1.9946879259895303 1.9927039459214835 2.0791119029576595 2.0789537010234342 1.9582982486808023 2.1886718760005826 1.798639859128174 0.0 1.8448335660343258 2.073064605935379 2.0272809487137358 1.9873228289516496 1.9032957132083579 2.130714739252281 2.175465420354689 2.102035283388307 2.012064773317224 2.033490022660995 2.080849206087004 2.0057483042786535 2.0936640421069352 2.0980442876679666 2.055449132648406 2.089551129896009 2.059075370123926 2.1620685735218705 2.133067211202259 2.1865247307400226 2.156366737559256 2.232309885760644 2.158058824444669 2.011651951143472 2.009664697079443 2.1745941571050174 2.0476215467390437 1.9969787906872565 2.0068414875345058 2.1206889758734118 2.03190848997705 2.1142413350725757 2.028616945681218 2.0277560279717797 1.9547831899799701 2.077895996815153 1.9424609635750079 2.021752868733289 2.1154025461528354 2.1947445750316015 2.2532179427412737 2.1213266285457406 2.059023435821844 1.9619272500639713 2.113659177353788 2.0289767553250626 2.136914796260652 2.239229590662989 2.1658324773116755 2.2134230606575347 2.2167015922334086 2.1696285754101994 2.1481447431732303 1.9655966654836998 1.9767554021466962 1.9799927759860725 2.0723639056780474 2.1047877086655804 2.1195004268952604 2.0015361549816806 2.0357605026035643 2.0610859677801363 2.0620903216868327 2.0348529046016193 2.0843583534482413 1.9844675931859763 2.003091600499634 2.0936690757158827 2.2251900785535463 2.1597072456604707 2.207676424824165 2.085646772933234 2.280089239152285 2.101725665325265 2.0513826547525764 2.0352522617129587 2.0811499355231264 2.024412514820495 2.102794255457191 2.123892344868463 2.0886760681463485
DohmHedwig_DEU073_1 1.851952445532502 1.8715425919339872 2.1056202459401088 2.1771099276145125 2.213808191932111 2.056132512683967 1.9410025384818625 2.1472265271791144 2.1519145935871524 1.9624410792043792 2.079983945659976 2.039242480214318 2.0712512884615792 2.0636869282171078 1.939569785326134 2.086235088212739 2.0861161430977377 1.7258235957774661 1.8448335660343258 0.0 2.201951189317346 2.1701386354743963 2.0915363275847625 2.0401771149214225 2.1461567156296004 2.0835146648084146 2.03019930732838 2.0575520545828727 2.0725622704788496 2.0079360905579104 2.070495924041504 2.1442947769589242 2.000751755276646 2.1097874311507776 2.034104089533418 2.1235802791656835 2.2211925524887217 2.1251477172546736 2.1579750768830386 2.164166356333202 2.0811578108296933 2.0612684364396614 2.0689226251355235 1.9286826014432283 1.9962055742004745 2.1921685362385306 2.034511147343062 1.9869167962863998 2.0749037496291622 1.974186868818735 2.1838398784597803 2.1980239826843446 2.0702773612240155 2.099523716490197 2.049895252547442 2.1181106663660154 2.0716034468574525 2.0953604813958666 2.15865479105742 2.184213140769626 2.1635071237742203 1.9130526337334652 2.0299849100131517 2.0670783381490723 2.0326289599938585 2.2315253249021274 2.1381871829319223 2.143978340212339 2.2114602203794234 2.2104312895788243 2.203212766252224 2.1177693341506245 1.9649067027258085 1.9396542126385485 1.9449920566373553 1.9527353634657054 2.115716001906095 2.175688329499457 1.8103975957129248 2.1390324819027735 1.9798801950328027 2.164776948289319 2.1028329337547307 2.0566474337706655 2.1830862767351165 2.0960918378946376 2.022567353838433 2.07092097101802 1.9786281398917445 2.0845282747637572 2.0067464651332436 2.154098823446761 2.087379963080302 2.0405358446516604 2.0301551546414185 2.173237904580466 2.067363850356063 2.123461120455995 2.0142549680898814 2.0293782897234687
