 ArnimBettinavon_DEU015_1 ArnimBettinavon_DEU022_1 AstonLouise_DEU010_1 AstonLouise_DEU012_1 AuerbachBerthold_DEU002_1 AuerbachBerthold_DEU008_1 AuerbachBerthold_DEU013_1 BahrHermann_DEU055_1 BallHugo_DEU095_1 BleibtreuKarl_DEU061_1 BoyEdIda_DEU074_1 BraunLily_DEU082_1 ChristenAda_DEU064_1 ChristLena_DEU093_1 ChristLena_DEU099_1 ConradiHermann_DEU056_1 DahnFelix_DEU044_1 DohmHedwig_DEU057_1 DohmHedwig_DEU063_1 DohmHedwig_DEU073_1 EbnerEschenbachMarievon_DEU027_1 EbnerEschenbachMarievon_DEU058_1 EbnerEschenbachMarievon_DEU100_1 EssigHermann_DEU078_1 FontaneTheodor_DEU035_1 FontaneTheodor_DEU046_1 FontaneTheodor_DEU051_1 FontaneTheodor_DEU053_1 FontaneTheodor_DEU059_1 FontaneTheodor_DEU066_1 FontaneTheodor_DEU070_1 FontaneTheodor_DEU071_1 FontaneTheodor_DEU088_1 FranooisLouisevon_DEU028_1 FranooisLouisevon_DEU033_1 FranooisLouisevon_DEU047_1 FreytagGustav_DEU011_1 FreytagGustav_DEU030_1 FreytagGustav_DEU048_1 GanghoferLudwig_DEU067_1 GanghoferLudwig_DEU085_1 GerstnckerFriedrich_DEU016_1 GutzkowKarl_DEU024_1 HahnHahnIdaGrnfinvon_DEU020_1 HeykingElisabethvon_DEU087_1 JanitschekMaria_DEU060_1 JanitschekMaria_DEU075_1 KellerGottfried_DEU036_1 KeyserlingEduardvon_DEU080_1 KeyserlingEduardvon_DEU097_1 KretzerMax_DEU069_1 KrnbergerFerdinand_DEU025_1 KurzHermann_DEU005_1 LewaldFanny_DEU021_1 MarlittEugenie_DEU037_1 MarlittEugenie_DEU040_1 MarlittEugenie_DEU041_1 MayKarl_DEU054_1 MayKarl_DEU081_1 MayKarl_DEU084_1 MeyerConradFerdinand_DEU032_1 MeyrinkGustav_DEU096_1 MeysenbugMalwidaFreiinvon_DEU086_1 MllhausenBalduin_DEU042_1 OttoLouise_DEU004_1 PolenzWilhelmvon_DEU062_1 RaabeWilhelm_DEU029_1 RaabeWilhelm_DEU031_1 RaabeWilhelm_DEU038_1 RaabeWilhelm_DEU049_1 RaabeWilhelm_DEU050_1 RaabeWilhelm_DEU072_1 ReventlowFranziskaGrnfinzu_DEU077_1 ReventlowFranziskaGrnfinzu_DEU090_1 ReventlowFranziskaGrnfinzu_DEU098_1 RilkeRainerMaria_DEU079_1 RuppiusOtto_DEU003_1 RuppiusOtto_DEU009_1 SackGustav_DEU083_1 SchnitzlerArthur_DEU091_1 SchnitzlerArthur_DEU094_1 SchopenhauerAdele_DEU018_1 SpielhagenFriedrich_DEU039_1 SpielhagenFriedrich_DEU043_1 SpielhagenFriedrich_DEU065_1 SpittelerCarl_DEU068_1 SpyriJohanna_DEU052_1 StifterAdalbert_DEU007_1 StifterAdalbert_DEU017_1 StifterAdalbert_DEU019_1 StifterAdalbert_DEU023_1 StifterAdalbert_DEU045_1 SudermannHermann_DEU092_1 TieckLudwig_DEU014_1 VischerFriedrichTheodor_DEU026_1 VischerFriedrichTheodor_DEU034_1 WassermannJakob_DEU076_1 WeerthGeorg_DEU006_1 WilleBruno_DEU089_1 WillkommErnstAdolf_DEU001_1
ArnimBettinavon_DEU015_1 -3.5824721704960005 -4.139371139250192 -1.944411945736877 -2.7339269632540253 -2.381755842931619 -2.835159517614883 -2.5979383635280184 -2.971058640828439 -1.889724385698897 -3.399303572640739 -2.1633602045089697 -2.1424611991207145 -2.0774795395665495 -2.1854726996741314 -2.407711747317309 -2.4389006644903786 -2.4943030934685972 -3.006434412926801 -2.4965641599153328 -2.949866652944228 -1.6079992399224017 -1.83615139954908 -2.162044761252546 -2.1007212266925315 -1.722350601957594 -2.3620199688881915 -2.166409955158214 -2.0501779923770695 -2.308123309567313 -2.1983158624598897 -1.9962733190711839 -1.7941053580291746 -2.6408454482004426 -2.1041566125489086 -2.3279931217523107 -2.3411400295524443 -1.6057131864924385 -1.7488144674651163 -1.9849089894986904 -1.9508394610991113 -2.6019460732442017 -1.7724070678467612 -2.4108994086391533 -3.0946253184789807 -2.3510840553140255 -1.7216182431356721 -1.9613446156174212 -2.029761848299816 -2.136722579072865 -2.2200122060718672 -1.4618939562339381 -2.282829008334128 -2.4192407136332035 -2.2804607889336257 -2.0250456988828938 -1.8060855215145255 -1.9574904732599334 -2.271095947172336 -1.8922620475639094 -2.0708836778612354 -1.87266541073743 -2.1837080084743565 -2.5386335155222226 -1.7890763053249494 -1.9694408013158626 -1.5541911681493559 -2.345853054414178 -1.9266279411636846 -2.2626272251174164 -2.454837213471837 -2.1177065635244614 -2.176472357700478 -2.339104625512386 -2.3312507450263174 -2.2170657894738093 -2.0611366562900995 -1.369988884273923 -1.266727422817908 -3.4614162308686667 -1.741473091597347 -2.000147929767586 -2.0701251053622722 -2.2222264663015 -1.9563824293581622 -1.8664585178399784 -1.8675209851370318 -2.4703126578626846 -2.2866740986737857 -2.4881432282422384 -2.084329172828824 -2.737428913608466 -1.85272295479069 -2.196602679947469 -2.717884458391159 -3.2819097298535573 -2.497606080722485 -2.04437496104312 -2.055978589080042 -2.7885178930831387 -2.1732002168265008
ArnimBettinavon_DEU022_1 -4.139371139250192 -3.5824721704960005 -1.8292322023509697 -2.717165337921995 -2.3105560196445967 -2.9074919214154717 -2.5758459065261463 -3.0098645094621257 -2.022735609329498 -3.248025394713946 -2.2234889085807246 -1.6829300012654977 -1.9669094468003305 -2.380677631126536 -2.0740080813541213 -2.5266406249283926 -2.341661133351337 -3.264766645248122 -2.481871429196795 -2.945090274369343 -1.6836233167131558 -1.9703650072907877 -2.0105138745972315 -2.1462711496102336 -1.7577372236497228 -2.2729368430791066 -1.9918468863343743 -2.2753025805940643 -2.6653560345610927 -2.431814523206739 -2.2970367762909345 -2.065179513672491 -2.7861649225298457 -2.071811214388649 -2.354069076387771 -1.8983097024064175 -1.815177420404275 -2.0657965303149153 -2.0170967888362084 -1.7915196728376974 -2.1962269418389058 -1.697778268466553 -2.1784423339934613 -3.132941253384038 -2.551265260326934 -1.879651876648226 -2.191362148386197 -2.1496940979942085 -1.9402460335519485 -1.9611488362733605 -1.5076074357720952 -2.267494245158204 -2.38597603094016 -2.556058414582258 -1.7864504667634031 -1.546188857858275 -1.656899751278361 -2.3495920431909463 -2.0761360477552384 -1.9501571944322056 -1.6414177618693737 -1.8273966009004554 -2.514489782657817 -1.9715982270688317 -2.1428053657051014 -1.7477538477752292 -2.4084569250964396 -2.3626699905597826 -2.216496464438974 -2.239319468312177 -2.0898147691612206 -2.268543221353235 -2.430199448124221 -2.786632312839619 -2.322077927425568 -1.9889233298288806 -1.4090121639241493 -1.338362445883723 -3.14703067479905 -1.6219846356600733 -2.1451783745514197 -1.9977465148905813 -2.3772254987206396 -2.0103905578885857 -2.040797962618082 -1.7084733409731665 -2.5101956524146636 -2.2699192994321984 -2.3321846088428866 -2.1432340122117166 -2.8400459528915256 -1.7604324886102234 -2.0244513839271607 -2.700546613310956 -2.996851638347734 -2.033038181732318 -1.790844881491861 -2.5063626626351967 -2.5703894541177084 -2.1641875976104927
AstonLouise_DEU010_1 -1.944411945736877 -1.8292322023509697 -3.5824721704960005 -3.295480651636389 -1.7581461360422568 -1.5981507166398305 -1.7312681852602083 -2.0100235348522526 -1.702553904782312 -2.5072921309009573 -2.8652488889903047 -2.7106430445193763 -1.9261064297634247 -1.6466607576422612 -1.590850003778169 -2.7943108977553 -2.563268130433269 -2.1100158817206083 -2.7528259725931834 -2.1098860977537153 -3.042831788602669 -2.704413429200449 -2.4034561608068916 -2.277488692749828 -2.155124461705152 -1.7852725147274227 -1.4615121118591734 -2.0767949914789097 -1.730227670128699 -1.3711124357243063 -2.212984536102101 -2.1822970155673356 -1.2769679814264816 -2.344792984282641 -2.101426016522923 -2.7010531430837146 -2.265084888169839 -2.300776402301741 -2.0314617522947844 -2.1982577864954167 -1.7330161446855208 -2.3752039261748887 -2.533387956589914 -2.768467083724349 -1.8584763701373106 -2.2975925263950985 -2.218648094530282 -2.51413322332859 -2.4134306366803306 -2.2740948386371134 -2.23568164621188 -2.579052860202668 -1.8023612384902834 -3.1450466061522646 -2.425689505645821 -2.9181513436847046 -2.6459696408821216 -2.503856010328684 -2.410601224409426 -2.3798217759509406 -2.7404120339537315 -2.3553618951942523 -2.960671429785632 -2.9893285410189216 -2.3819563439193647 -1.8645318778812627 -1.4770586825424985 -2.090777741570221 -2.1822184115775394 -2.4201149928098524 -2.058829174590118 -1.5074356198411996 -1.7097527418372154 -1.6519239324819535 -2.2028175650883437 -1.938564418021816 -2.799029354946364 -2.692790746567326 -2.0002250537883643 -2.4926093847999335 -2.3647697705908164 -3.2531533395526515 -2.838743884799019 -2.2752354842477978 -2.5351582297269397 -2.476535970365727 -1.6752979395811436 -1.5147951386980116 -2.0972694005977193 -1.9461992992300174 -2.3459743444100214 -1.6981227835655877 -1.0777046484362733 -2.6075572368903264 -2.3112067396185685 -2.404594256063928 -2.6197319478432353 -2.453065581243836 -1.8903973712801274 -2.479325958422896
AstonLouise_DEU012_1 -2.7339269632540253 -2.717165337921995 -3.295480651636389 -3.5824721704960005 -1.9695663103805516 -1.8923273159143128 -1.702577265206892 -2.181017790616558 -1.643590891549029 -2.825521613358813 -2.7390297314802265 -2.587666522574676 -2.106247174801485 -1.6877295238890364 -1.7143171164995992 -2.520114532772305 -3.2729778271706715 -2.4344434608158716 -2.613551016134212 -2.0505068516507454 -2.655801942151667 -2.521706751406242 -2.939272391923461 -2.052511087267393 -1.829503382738486 -1.6857675587544654 -1.2694444638842013 -1.977009110539428 -1.473673514612405 -1.3802741054269423 -2.159099336793839 -1.9259252888210183 -1.09563177775916 -2.4367442940236876 -2.1271277957208907 -2.3250807981828103 -2.3398326656412345 -2.5370184043153365 -2.4007309570783613 -1.8731227736541225 -1.8871401890106254 -1.8696957971923778 -2.4325324707922205 -3.575502592610276 -2.374417111862529 -2.192100003355829 -2.1144963298437167 -2.4686998928526527 -2.104152743781618 -2.192651366609278 -2.1130014800140575 -2.300239290953164 -1.5137199308716482 -3.2466552096985644 -2.3242852243329 -2.675832553081793 -2.6725293325838377 -2.356056375823364 -1.97712919529272 -2.0815680153565332 -2.6805862188844407 -2.0593620869144633 -3.5638535748242846 -2.701954243422339 -2.6478497839267883 -1.6611630325528528 -1.6885091062031752 -2.429441554498092 -2.095582468246269 -2.3796369235891137 -2.138222223551336 -1.7106643613580637 -1.908551982187164 -1.9470005461916906 -1.899264912702533 -1.755372304355417 -2.348122029376645 -2.073279869059568 -2.6119163445966116 -2.138532055416984 -1.9317273243117399 -3.019979287086711 -2.495810759333449 -2.0361605743776257 -1.7382864020573046 -1.9187227002477882 -1.3004822029145806 -1.5117575001970835 -2.207749709376741 -2.0014189592611795 -2.751173778493854 -2.0626286462490437 -1.2945011094051286 -3.087525778986077 -2.60112983126769 -2.2559900914774578 -1.98571397980314 -2.3563708893881943 -2.1657272705545916 -2.7757041209734625
AuerbachBerthold_DEU002_1 -2.381755842931619 -2.3105560196445967 -1.7581461360422568 -1.9695663103805516 -3.5824721704960005 -3.3283866955665053 -3.6088861539842116 -2.5268232624987754 -2.3944230220337475 -1.9984099969901206 -1.8726667419837555 -2.086304190085088 -2.7983910582196168 -2.928376044567134 -2.7241294746410865 -1.896610313562267 -2.3626329132491004 -1.8451763943215254 -2.0162522214443803 -1.8143112525716465 -2.4817679526462393 -2.3445186663428244 -2.493114144254774 -2.1457815816093846 -2.040007566552466 -2.4451050922280606 -2.381159864631231 -1.8365543738662349 -2.139400506808397 -1.9718619403231652 -1.9159971171468373 -1.7378604571947533 -2.2623242237854493 -2.1076232507088184 -2.5035146626978784 -2.5712560124806854 -2.4907822584983976 -2.298601362949403 -2.71289792059541 -2.4356591891875974 -2.788255415905893 -2.355590154964014 -2.237832477924512 -1.8453567855604847 -2.0020943140014795 -1.7316805040895462 -1.9543108479623783 -2.0263083524513705 -2.228675028200384 -2.1505725769095436 -2.224346508270816 -1.9894457028386971 -3.077839048006534 -2.316152580561904 -2.2203483200938194 -1.9265852944591328 -2.075691409404886 -2.2316020014683673 -2.0189340702464675 -2.144959068091135 -2.2259250920211877 -2.042168548391775 -2.0589241411493133 -1.9080777361572114 -2.659858694184268 -2.5459751856563004 -2.2756820494730086 -2.097009246432791 -1.9982624551955237 -2.03091770248016 -2.045829034257791 -2.155920909631164 -2.2810414577914857 -1.9026051501091128 -1.8460605139565858 -2.0462315786408496 -2.316653623670877 -2.2523391541934794 -1.8560194205967306 -2.0918764565158345 -2.0634868432288727 -2.059125793536828 -1.963149711037723 -2.2119968357848743 -1.9528478868270827 -2.7462767939143284 -2.7090987184816093 -2.301693661611688 -2.382097920816456 -1.9661190852152999 -2.0349944547906174 -2.613011315965982 -2.578120355767898 -2.354483630870227 -2.3812523390308007 -2.180487559355948 -2.326309003793123 -2.333546911275533 -2.2038505337018646 -2.2927943907525394
AuerbachBerthold_DEU008_1 -2.835159517614883 -2.9074919214154717 -1.5981507166398305 -1.8923273159143128 -3.3283866955665053 -3.5824721704960005 -3.483006721966029 -2.628086509633207 -2.1907425550257447 -2.263298378793151 -1.913044229135807 -1.4568009395865635 -2.3067720352101984 -2.945171958838429 -2.8183694977683387 -2.0671680011557965 -1.709383347178774 -2.25453837483458 -1.9022467499434426 -2.322408340166984 -1.680777136539025 -2.0923454149563634 -2.190214679670064 -2.1041353699176426 -1.868997598560749 -2.281143037989898 -2.6240863537716885 -1.9174464484107512 -2.4702932235459043 -2.4117681976007193 -1.9276971166292274 -1.9350038016553095 -2.7117276565838004 -1.955833881446744 -2.3630012937649703 -1.9348086650922596 -2.0987992217912805 -2.0781425594550513 -2.2352096268778117 -1.6936260693384015 -2.2446836503414436 -2.0298427832007584 -2.216597503930284 -2.234613378490726 -2.453536221770786 -1.9221063330072825 -2.312773003617419 -2.365974978040519 -2.229802993917234 -2.158512685341465 -2.151266149410534 -2.0494149705581326 -2.9333615848749557 -2.0959298867000933 -1.5109175585991468 -1.4066361367408127 -1.3912409093539602 -2.3947422140948826 -2.3560280720226765 -2.0948614902241887 -1.68042735103385 -1.7448331549073455 -2.1763188384252854 -1.8904856388474076 -2.1488236660960625 -2.573218319675582 -2.720237437070696 -2.4945706324656376 -2.191073066445742 -2.042782806706279 -2.4172145837799475 -2.498988356266026 -2.3251364424864818 -2.641379229599899 -2.1495879100929938 -2.2111963071249567 -2.007238384229661 -2.1281756334436848 -2.0523352383807194 -2.0021141082601663 -2.178623415064977 -1.8994845565892011 -2.1027890935851508 -1.9933469094128442 -2.058751563698772 -2.10356344607826 -2.7156617859920464 -2.7755187458176236 -2.2292408448458128 -2.5498533128001863 -2.708637368761216 -2.1569399893247865 -2.545178571719735 -2.3849963936310026 -2.8756488038248635 -2.3331367785378556 -2.1829476648184407 -2.5140849326229024 -2.3125926105668273 -2.2697464426472136
AuerbachBerthold_DEU013_1 -2.5979383635280184 -2.5758459065261463 -1.7312681852602083 -1.702577265206892 -3.6088861539842116 -3.483006721966029 -3.5824721704960005 -2.5432948559045467 -2.547806733715287 -1.7979490074577142 -2.075677494757807 -2.0196223874861845 -2.8201962778170078 -2.901063512473344 -2.7007310163072407 -1.971922782877317 -1.818911971366764 -2.2369397660913313 -2.3024219650899402 -2.486262437814441 -2.120462220864155 -2.061438631987569 -2.129322978648121 -2.3508475217825553 -1.7632128326695664 -2.6513179822941755 -2.5135940139408577 -1.9328607389311996 -2.2951928731633706 -2.271624739535048 -1.6878036249987083 -1.711053457555957 -2.3983048022506126 -1.7960055266594541 -2.3133941134781586 -1.9140342771212169 -1.8829842281993117 -1.7477810020269904 -2.071352720488985 -2.366151614328744 -2.887374408077426 -2.1768367172239396 -2.096160173916631 -1.8827267276343154 -2.0816258848916656 -1.9971943245606687 -2.4736546400161865 -1.815712249370482 -2.541605030539763 -2.543597904754719 -2.1683683051852074 -1.6435839333659494 -3.164755154574315 -2.070266523910439 -1.9115873322941122 -1.8152098816920126 -1.85394777167219 -2.156657610668839 -1.8742904165360514 -1.9539297201222143 -1.3645327692264217 -2.1726806487983197 -1.8093011822284333 -1.6673254179208246 -2.339776469499472 -2.448001693315621 -2.4873204335647423 -2.2227818087952884 -1.927472595674811 -1.9684331172881764 -1.9178897231250436 -2.707959298592816 -2.7236580799602246 -2.2317323269875553 -2.2561854634075633 -2.188832843703836 -2.0951109796265066 -1.9719252248990806 -2.1248576272143027 -1.7372709177691397 -2.0630188874457716 -2.058191014887626 -2.0945207289765344 -2.067336791459718 -2.0736525881153125 -2.487266091361328 -3.0135764636088416 -2.4442863379166355 -2.281831829655786 -2.029710840648001 -2.1631309580065357 -2.134927777922153 -2.942286158301248 -2.01007685690882 -2.6150614480881584 -2.0398095092581694 -2.0812564786164907 -2.0228813772748016 -2.60736320155343 -2.1785393137451443
BahrHermann_DEU055_1 -2.971058640828439 -3.0098645094621257 -2.0100235348522526 -2.181017790616558 -2.5268232624987754 -2.628086509633207 -2.5432948559045467 -3.5824721704960005 -2.0372794690080953 -2.761486013978692 -2.2352478171436676 -2.1559119986414252 -2.398807171329229 -2.6596784228345447 -2.1585820864018883 -2.4491566946407977 -1.768016947367932 -2.4793647087874477 -2.4208713167278217 -2.250941419540051 -1.7316311645368458 -2.479065101376396 -2.2646228426714203 -2.8819128696597285 -1.9191917126416822 -1.88401360555347 -2.6841142977572217 -2.419883805655418 -2.6732545295334957 -2.6476859686497125 -2.1612848630889925 -2.1880762391096344 -2.723217585102554 -2.2740723574909296 -2.3288343449757107 -2.40857175858122 -1.827780149552977 -1.8645727509652645 -1.6472739828642846 -1.7278769925070592 -1.9934546014278733 -2.043963694483901 -2.0829468131742233 -2.7264695306987 -2.362281966634888 -2.1105058694805257 -1.967978986930493 -2.1832874930219477 -2.024777040555618 -2.071140320494668 -2.1866946534901492 -2.3178073696839654 -2.619332116059365 -2.6389405164713144 -1.3189954948114633 -1.4200231534899157 -1.5302336986583513 -2.4157915920103092 -2.059428492516945 -1.9738335892418624 -1.6446314322290605 -2.1263443293683304 -2.0468081272835827 -1.8230000222363931 -2.698155001150282 -2.288205907545274 -2.467525043941687 -2.1162494557739806 -2.0747809814198837 -1.904360648617604 -2.0171249822343063 -2.2499353664758095 -2.8055450531710378 -3.1114317404303775 -2.3651516925354024 -2.420596669033208 -1.893250458434168 -1.7816018981935104 -2.641853544579665 -2.1588961458723888 -2.469342543656139 -2.1874596560019035 -1.9267009583704713 -1.9599834524876731 -2.0152578851823435 -2.4575554113834723 -2.4268827734969114 -1.9741291525180487 -2.23199679665226 -1.8840075106556506 -2.485588985672835 -1.4260596203772289 -2.9341746188842235 -2.323141711948 -2.5246707676528692 -1.8691089376406824 -2.1519609857086204 -2.4805705275200043 -1.8249131211690726 -1.775217496874578
BallHugo_DEU095_1 -1.889724385698897 -2.022735609329498 -1.702553904782312 -1.643590891549029 -2.3944230220337475 -2.1907425550257447 -2.547806733715287 -2.0372794690080953 -3.5824721704960005 -2.2087267473105516 -2.0491140821094675 -2.2147393813199048 -2.8522356938733724 -2.6983322462364767 -2.945370986666014 -2.2741793587592785 -1.728647691065982 -1.913091463590869 -2.2475430870169255 -1.9991854469149741 -2.213057109272393 -1.9385305870413272 -1.9522303530823306 -2.828999609954964 -2.2972493100734845 -2.5134159388631576 -2.911391029861708 -2.070697429800091 -2.584847817898667 -2.4103635029398043 -2.0624292146984717 -2.3902196437968213 -3.004159773103464 -1.9394855278519707 -1.9008175578772677 -1.8739763448056683 -2.6551305084658243 -2.102910375202808 -2.075991496932613 -2.518219663478051 -2.6217232545256235 -2.119364796304039 -2.2674638503306075 -1.3984486998058425 -1.7566542428946292 -2.6375459601165154 -2.2846893482894863 -2.325422595618626 -2.3109716127240785 -2.3202668037774217 -2.400838813535623 -2.248950667797622 -2.7093982571267277 -1.838279241354416 -2.6041157213721187 -2.2210931407140007 -2.1334622637352347 -1.82136458374549 -2.0465708225018733 -2.04936620103234 -2.361592799057432 -2.402708341306335 -1.9484415441194927 -1.5586470014270313 -1.9000892749218312 -2.8782114882072776 -2.4920106720701343 -2.4915819688398995 -2.301460312034058 -2.1779373657106147 -2.3810525503690667 -2.7273103883111944 -2.354246044057818 -2.1550720102935332 -2.2920509802500155 -2.4110827048894854 -2.322795473858476 -2.193845518783406 -2.203980260662856 -1.9930428330766905 -1.9005859014739235 -1.5456065817163576 -1.9570341725103813 -2.2440103953985937 -2.675109776197288 -2.678769401507023 -2.8271810156845354 -2.256387240511648 -1.930016977228855 -2.0294571909496475 -1.672524133678968 -2.128151264095889 -3.0568894469501076 -1.6468388642409302 -1.8337907685279495 -2.5146297254457646 -2.5390917036533294 -2.2082801992310945 -2.5052185606839346 -2.161033291111467
BleibtreuKarl_DEU061_1 -3.399303572640739 -3.248025394713946 -2.5072921309009573 -2.825521613358813 -1.9984099969901206 -2.263298378793151 -1.7979490074577142 -2.761486013978692 -2.2087267473105516 -3.5824721704960005 -2.077201290375362 -2.068241645197473 -1.64351727350934 -2.120288056994034 -1.9627279880899062 -2.5594681251702447 -2.35462251416723 -2.580164696624883 -2.6171205355872074 -2.608916277334859 -1.9369594630150622 -2.228816940207384 -2.2648929013724857 -2.5059522024343557 -1.9715160190591212 -1.6542269061162398 -2.1381077127836616 -2.2420529967314193 -2.2020163121680087 -2.4289260153176375 -2.3333157031759697 -2.279773411093853 -2.2043651946949927 -2.4051179728280507 -2.2381447613746364 -2.2530874921962853 -1.8681115007191647 -1.9585285796901872 -2.19366349260178 -1.67674511856655 -1.8628261439609934 -1.79578514872731 -2.536650822320936 -3.006172857785611 -2.7510966607032414 -1.9920126637832412 -1.9438805349117563 -2.5093290772074326 -2.097807740825374 -2.0563080581341753 -1.955688587509782 -2.774972089131679 -2.1739640778475344 -2.636962217710293 -1.8830400520543447 -1.9414178585420976 -2.1144339314494087 -2.5971524272448896 -2.4362645004994574 -2.256538750166962 -2.3448730313680124 -2.1063928293757987 -2.5805415899296382 -2.2269414244896093 -2.5142284680032274 -2.035367730839132 -2.2574731385129647 -2.2659055787188294 -2.2243803831785542 -2.116842179758182 -2.3656280390119115 -2.22378977068299 -1.861826760795463 -2.7482399832581255 -2.660858552453092 -2.113669296063004 -1.6108455001950999 -1.7266163134166896 -2.8685530217294493 -2.123841015111898 -2.1836960390686815 -2.1976278448778843 -2.1611578729839347 -2.1202016602227753 -1.9457958304829301 -2.343843078489769 -1.4389471426298444 -1.7929212541121786 -2.294527030210037 -1.9652514063771003 -2.373991867158758 -1.8665353231219333 -2.022891246894218 -2.7671715388906835 -2.9714564997211443 -2.3823568822336214 -2.3089272822203326 -2.4938477367222407 -2.5343058925091477 -2.0534615346747844
BoyEdIda_DEU074_1 -2.1633602045089697 -2.2234889085807246 -2.8652488889903047 -2.7390297314802265 -1.8726667419837555 -1.913044229135807 -2.075677494757807 -2.2352478171436676 -2.0491140821094675 -2.077201290375362 -3.5824721704960005 -2.6120705012569854 -2.4322696050152928 -1.7375499527320726 -1.8902950066716242 -2.3857682116963477 -2.3129243568362448 -2.459971416421551 -2.6836214119593107 -2.336712442129167 -2.8869851603043473 -2.6370665655476815 -2.511256060051984 -2.2142872850622326 -2.2493074489768587 -2.249554760502839 -1.7516757861174916 -2.542673804404737 -1.8982291740449821 -1.868080759525865 -2.385616783051474 -2.340726019746614 -2.0837925775123716 -2.447351766187284 -2.4419475241924835 -2.194210169069912 -2.3069759723407 -2.4817111377352084 -2.298321242535806 -2.46674798969356 -2.0409283714854882 -1.8728239339172938 -2.176640688135779 -2.710451020988218 -2.1588213036229784 -2.3747613544536232 -2.568419637085822 -2.01063783369869 -2.32680545401163 -2.621764838038017 -2.144874373437415 -1.9842813424210648 -1.7531113062895256 -2.931273874523235 -2.347307840453681 -2.5943542662060173 -2.325490466090699 -2.1686853080633686 -2.0648498843318235 -1.9805001034372227 -2.2261620319865365 -2.423984943605431 -2.7878412369444523 -2.4431258415630515 -2.4599825494640326 -1.8235133845137521 -1.9209277855516913 -2.330733507476124 -2.269602468681811 -2.2337768657675303 -2.133709612083415 -1.9684333503406353 -2.6704831133618683 -2.194503135558333 -2.2358938623482105 -2.1548647567928563 -2.2367820951955637 -2.3211583269237828 -2.136948717888339 -2.4259220514974307 -2.4894477860982165 -2.6945631067067115 -2.524924391129028 -2.1227251090146613 -2.268801620343285 -2.0319897689650386 -2.0495972876426474 -1.820270801408721 -2.1102310156477073 -2.07704309379932 -2.397117140028755 -1.8764591618509354 -2.0268977742779968 -2.258255163191412 -1.8078665758716403 -1.9161433511590544 -2.2988360996161386 -2.0140923628164806 -2.0626258958486625 -2.423105899185133
BraunLily_DEU082_1 -2.1424611991207145 -1.6829300012654977 -2.7106430445193763 -2.587666522574676 -2.086304190085088 -1.4568009395865635 -2.0196223874861845 -2.1559119986414252 -2.2147393813199048 -2.068241645197473 -2.6120705012569854 -3.5824721704960005 -3.085057040304072 -1.8589707437107263 -2.07576197342543 -2.1821551530728103 -2.6434760389485072 -2.30945399082267 -2.5524214728698182 -2.467035816918449 -2.5977573307029314 -2.12859177659204 -2.7988157934227136 -2.4219681122768786 -2.1943799768388716 -2.6593016705365535 -1.631672678145091 -1.959931219624134 -1.503905575475497 -1.169292598031589 -1.908170018668277 -1.9473404294740235 -0.9943537760470715 -2.325694256838971 -2.1562094192789028 -2.7482769734245043 -2.290654267162127 -2.1482856161721413 -2.6115167933971244 -3.074767442251143 -2.8639951526898004 -2.147065363557145 -2.434082073039736 -1.819961835551205 -2.3869008504611497 -2.0891551572540688 -2.2836430310319678 -2.2234470097094614 -2.9073121047355985 -3.1013236381497142 -2.2476782810385694 -2.1211536132357343 -1.5159524539794553 -2.051681634887871 -3.137050424315278 -2.956456989819499 -3.115937356396577 -1.4111597947606676 -1.6855593440465093 -2.0837343234645687 -2.6073029157435053 -2.953308675026676 -2.402494565385186 -2.3203437041024455 -1.9505259572377123 -1.8553920516537596 -1.74934735141382 -2.0816833421990295 -2.162156796118526 -2.4669762553699446 -2.0685040803489385 -1.7974722442601194 -2.475517709338822 -1.1318876162195732 -1.895328640468847 -2.5517669786189408 -2.23400961114167 -1.9871652793483454 -3.0493774215317058 -2.626070015333221 -2.2346529060282836 -2.393619466628662 -2.223557963161168 -2.151827640587948 -1.664172311263559 -2.3797498513543998 -2.012765036340586 -2.020866982733403 -2.8252312661481778 -1.8578594453968997 -2.0686579716633036 -2.281180706588701 -1.9801339535643967 -1.854269286250561 -1.7484304292561224 -2.2592906391728946 -2.5134906333468927 -1.8869772127894155 -2.406220399901708 -2.059409151994703
ChristenAda_DEU064_1 -2.0774795395665495 -1.9669094468003305 -1.9261064297634247 -2.106247174801485 -2.7983910582196168 -2.3067720352101984 -2.8201962778170078 -2.398807171329229 -2.8522356938733724 -1.64351727350934 -2.4322696050152928 -3.085057040304072 -3.5824721704960005 -2.649235202409193 -2.8228592560704246 -2.2126551796481384 -2.3298340261440873 -2.349639300298966 -2.534569297340425 -2.2674925478459556 -2.2452047532338355 -1.8765626618827618 -2.499323590119374 -2.417648704685074 -1.7861185899510414 -2.775628254707135 -2.2937960601821596 -1.5352370844266447 -2.3274872933674833 -1.5189188103936797 -1.4435054924999675 -1.568426465580194 -2.1637934319662797 -2.009083541653291 -2.2543570124532573 -2.3961165085097536 -2.2464104014682116 -2.063226087487978 -2.1556889405466086 -2.979933167498195 -3.2253379271327134 -2.2899073223681774 -1.8309266180687414 -1.3918825388881144 -1.8048073479818918 -2.4305567376842077 -2.627577726392558 -1.849130321778722 -3.37274312307088 -3.2836400785800905 -2.0939305641473185 -1.3952274014887052 -2.3947567769834635 -1.4507746522251603 -2.779394037196685 -2.278646208380015 -2.7052000584832014 -1.5179483137108587 -1.518805736592571 -1.7087263465209994 -1.9481029317725325 -2.6699086885660224 -1.648840398690375 -1.5798990837275984 -1.742470415706145 -2.2391538986970057 -2.205117993731287 -2.0556329827742728 -2.1563036148183996 -2.209732878335386 -2.0864170713428427 -2.3796976308003552 -2.782850848939432 -1.527041888014591 -1.645869403594578 -2.6077953293894636 -2.0310223511136543 -2.0351327187210377 -2.6534686305562674 -2.1170617114899533 -2.253890971938653 -2.017952799718466 -2.0924226778719373 -2.1455908711080456 -2.059350490739112 -2.506849598140326 -2.7733230199276337 -2.6974050029754304 -2.810165501157437 -2.1058600374836365 -2.292049345083857 -2.3628292602418113 -2.9203158380880363 -1.5707818159951836 -1.876358574522704 -2.096998072923251 -2.3923754638455565 -2.0824092077513043 -2.116768123595542 -2.097097550839495
ChristLena_DEU093_1 -2.1854726996741314 -2.380677631126536 -1.6466607576422612 -1.6877295238890364 -2.928376044567134 -2.945171958838429 -2.901063512473344 -2.6596784228345447 -2.6983322462364767 -2.120288056994034 -1.7375499527320726 -1.8589707437107263 -2.649235202409193 -3.5824721704960005 -3.516185108920999 -2.286812935066244 -1.640525999701063 -2.1184281281479063 -2.1567691625843812 -2.030366196755608 -2.1141244287331187 -2.1213871050084254 -1.9521468665688848 -2.4393246587140927 -2.086762749532119 -2.318125067694472 -2.611657611425643 -1.9685373013680425 -2.704113539440482 -2.6918150254398125 -2.318064112195825 -1.9835665155566107 -3.069473140172718 -1.9173842762050202 -2.185348504622962 -1.9454984754713132 -1.975785796423345 -1.9293959258675268 -1.9974075842332515 -2.6323574373922947 -2.5741735811049273 -2.0627604525345857 -1.9666706008443327 -1.705445974673431 -1.9762936055752205 -2.461508646970775 -1.9867986313516919 -2.0990618574045445 -2.22785408750117 -2.2758491058875854 -2.3449248802076954 -1.8779715539756634 -2.8456117327905015 -2.0530115820373136 -2.1779135554104 -1.9399749048437518 -2.1334816821666798 -2.1874901778261644 -2.097653016783337 -2.0105016037317265 -1.9270472244320833 -2.0663603269467363 -1.9129094458079945 -1.8654748649527548 -2.129937059987887 -3.140336166431236 -2.5364379321712147 -2.19240045996594 -1.845562806355539 -1.8146612903554789 -2.017277576631373 -2.5311705889228353 -2.437875637587706 -2.6396052652432163 -2.2271674448638157 -2.2020116691615956 -2.1918160546127297 -2.095385539532835 -1.9075089066728645 -2.00891385521893 -2.0746000340222044 -1.6698501294691526 -1.9868554109472343 -2.2091805232268786 -2.377192942945523 -2.5132345518328743 -2.5926444188036792 -2.4904160285125605 -2.026048667791245 -2.0707790402569284 -2.014206821978435 -2.0315066382141507 -2.919125239488877 -1.7428776927751888 -2.293200230004688 -2.3815333825413805 -2.071281297906267 -2.288885472284283 -2.316364938773343 -1.98919450421446
ChristLena_DEU099_1 -2.407711747317309 -2.0740080813541213 -1.590850003778169 -1.7143171164995992 -2.7241294746410865 -2.8183694977683387 -2.7007310163072407 -2.1585820864018883 -2.945370986666014 -1.9627279880899062 -1.8902950066716242 -2.07576197342543 -2.8228592560704246 -3.516185108920999 -3.5824721704960005 -1.830438658057351 -1.993770100969592 -2.110570221353394 -2.010582731077204 -2.402894145584685 -1.9969658251062345 -1.8058890370393266 -2.3367710260230803 -2.375617702308202 -2.180611850052169 -2.6548623111103837 -2.7849740809306787 -1.9773309414883449 -2.364591515891582 -2.2590500743332025 -1.9600308978846104 -1.9533907435162274 -2.6610429276476872 -1.8375444876964981 -2.2634228298772907 -2.1472020972547066 -2.1772485871638607 -2.029109157510135 -2.4152471080921916 -2.8215465790904726 -3.078063937553113 -2.211130713603953 -1.8710266961963946 -1.8750910989355405 -1.696694994673645 -2.188386899880429 -2.2026190869375206 -2.266896108692246 -2.5705105482071184 -2.318837177895421 -2.1427695354359386 -2.0473347613825648 -2.7316075672222335 -1.6164195233842666 -2.6076377306012755 -1.9118931053787183 -2.074524341945315 -1.9675863302060534 -1.8585901786323007 -2.17486220568892 -2.084947082091979 -2.4134838878255978 -1.6023407843160025 -1.8975186046048718 -1.9225330136621341 -2.7720045389817676 -2.5035682688896004 -1.992507143742016 -2.0463123400644463 -2.059243332091981 -2.1511647990311684 -2.560576752039113 -2.356290051712497 -1.9286991389191748 -1.766822928089122 -2.115727581720421 -2.030104923300688 -2.01230700241025 -2.431257477166545 -2.08222819495672 -1.7142762232888178 -1.519595923508334 -1.9481658605083396 -2.2757392250678885 -1.999319626870963 -2.4599525678794456 -2.6166932840619923 -2.6263803381375883 -2.2623154855392698 -2.403556564405208 -2.05090855428988 -2.5568903100942855 -3.039562256217119 -1.6888860150062774 -2.1538102107119412 -2.394483804933974 -2.38549690979375 -2.053601370559113 -3.013022030398202 -2.190704915212019
ConradiHermann_DEU056_1 -2.4389006644903786 -2.5266406249283926 -2.7943108977553 -2.520114532772305 -1.896610313562267 -2.0671680011557965 -1.971922782877317 -2.4491566946407977 -2.2741793587592785 -2.5594681251702447 -2.3857682116963477 -2.1821551530728103 -2.2126551796481384 -2.286812935066244 -1.830438658057351 -3.5824721704960005 -1.7721884656501568 -2.4406266714328098 -2.732114255281228 -2.368923127008239 -2.091602391197577 -2.3208273681769036 -1.91633636334063 -2.729193546621592 -1.98217908013805 -1.8041687029095244 -2.444236861837158 -2.350984230187644 -2.3126071478610104 -2.47849375782459 -2.4041689824402805 -2.434908080975431 -2.487727875089804 -1.9191556911647816 -2.026314614387187 -1.8189055013355544 -2.0178951767317757 -2.2592575661538805 -1.479175840996786 -1.960142962471393 -1.8568610143321824 -2.0877722830334635 -2.0237406644049916 -2.373635881859561 -2.1071575267507083 -2.6439668596683856 -2.4586400064834844 -2.1657284964502885 -2.3551812680137556 -2.5961508328299643 -2.497028548803824 -2.257757227461089 -2.264187011073872 -2.5129257291688627 -2.3088837794950976 -2.3623409288270025 -2.1230107600883525 -2.192618846904551 -2.122103502151807 -1.9727960742877106 -2.1583809027077883 -2.3032147529028024 -2.2092662202190563 -2.286895148685047 -2.11549344452195 -2.1333292183183516 -2.261218048036457 -2.312098865705156 -1.9723233322997242 -1.931904199655056 -2.1577544994354403 -2.075168642494214 -2.575151843809639 -2.860447313265462 -2.848223173013419 -2.4323138733655414 -2.3429269447243946 -2.3893518694141442 -2.619258094043787 -2.335761337522315 -2.680784554610717 -2.3126763437642666 -2.3754933677753804 -2.410224386731574 -2.7169090912555496 -2.1480730141057824 -2.117870678038386 -1.916402661247607 -1.7270640294810247 -1.9439007563220547 -2.100515103229594 -1.4068544689343434 -2.062871614892304 -2.2003255045074437 -2.361333570904218 -2.250659662293653 -2.329153483571075 -2.3357447942448553 -1.9538963755216419 -2.0683576843837597
DahnFelix_DEU044_1 -2.4943030934685972 -2.341661133351337 -2.563268130433269 -3.2729778271706715 -2.3626329132491004 -1.709383347178774 -1.818911971366764 -1.768016947367932 -1.728647691065982 -2.35462251416723 -2.3129243568362448 -2.6434760389485072 -2.3298340261440873 -1.640525999701063 -1.993770100969592 -1.7721884656501568 -3.5824721704960005 -1.8174554405296728 -2.0175506570207506 -2.111493805115732 -2.657931851736006 -2.3047624181169457 -2.8070672020560092 -1.8625503299540032 -2.404810734700004 -2.8582216778799996 -1.704868005961748 -2.004914550470444 -1.5754774390269588 -1.340243569551505 -2.11836732654239 -1.751364554429559 -1.4185555358367963 -2.587736362253518 -2.4397565898078777 -2.799699816104289 -2.3020293686758695 -2.3538181215584255 -3.459989209733506 -2.345107029747914 -2.716829041976365 -2.280455113460031 -2.286794713347284 -2.4134121747759436 -2.2707444103012007 -1.5857855174025959 -1.940891936889299 -2.199731344955651 -1.7706609306714596 -1.8393007887841373 -1.9660354596581124 -2.405754690650097 -2.039645780416446 -2.5635883250345906 -2.6724834353737896 -2.697037832189999 -2.6902002190783936 -2.2508271890153226 -1.9053688507773368 -2.530789622889445 -3.2825541233703084 -2.205516556891299 -2.686711906344668 -2.726346661429158 -2.7364480142199747 -1.7303555430632709 -1.9321027902036143 -2.3072550094670135 -2.3555785391561956 -2.7674482381231273 -2.52048610261658 -2.0249931552314204 -1.8195935322087538 -1.1687056610121647 -1.3247802780480504 -1.8916327333687772 -2.180212471600143 -2.0691383616828922 -2.6348564465429574 -2.332064451190506 -1.713069248758091 -2.608596196849426 -2.1879011010030984 -2.295451199167989 -1.9053170113714006 -2.217788866972426 -1.5856711543970283 -2.1036853502754522 -2.5121461706833537 -1.8013849106661848 -2.174678176037646 -2.837775792319959 -1.628004909481739 -2.878546393288238 -2.2208880544998135 -2.380128739395121 -1.9761334144497935 -2.0033785308050027 -3.1289098449122204 -2.9142243712696305
DohmHedwig_DEU057_1 -3.006434412926801 -3.264766645248122 -2.1100158817206083 -2.4344434608158716 -1.8451763943215254 -2.25453837483458 -2.2369397660913313 -2.4793647087874477 -1.913091463590869 -2.580164696624883 -2.459971416421551 -2.30945399082267 -2.349639300298966 -2.1184281281479063 -2.110570221353394 -2.4406266714328098 -1.8174554405296728 -3.5824721704960005 -3.2111895695841395 -3.3027940549550263 -1.9279066813938308 -1.9940652133555834 -2.2857922635445154 -2.480437637923519 -1.985290773562649 -2.128599708767654 -2.180289856545051 -2.308428087662842 -2.4869942035175816 -2.520665017761607 -2.4572401160707487 -2.1845779631751725 -2.7919548924486812 -2.2711964256861696 -2.4025770353577265 -1.9452369698260181 -1.7919040801841009 -2.0635290620639384 -1.7338600993147721 -1.8033371164220153 -2.0677583568832665 -2.0159219954022345 -2.162084318175318 -2.6876064464512606 -2.3344559372791527 -2.2739280808658915 -2.5232253205132493 -2.500732042656793 -2.127126686959484 -2.384162188109795 -1.8108252067429067 -2.1808892450677257 -2.308032580486594 -2.3867608808597645 -2.1770821984562367 -2.033100699072768 -2.236869558045463 -2.0824943110882415 -2.1029831568606694 -1.758313670948856 -1.7124829201599117 -2.412251446454782 -2.482192964793378 -2.1218961232840785 -2.201779776374574 -1.791883712786448 -2.262895044898445 -2.0501089556034318 -1.9412463681823837 -1.91436868980364 -1.981031771981602 -2.250488395274686 -2.660052467754846 -2.876346526513544 -2.677394255593726 -2.385727939890553 -1.8669266814655974 -1.6941979455275091 -2.8137634946330037 -1.8893987022634007 -2.479569838595068 -2.0198441789569266 -2.525900171230082 -2.258983480901772 -2.288165034260676 -1.9630245400705708 -2.2127585136100776 -2.243010004260025 -2.373606188551756 -2.3327715609398774 -2.6525159599404913 -1.7368170787007 -2.3426959886650014 -2.3550672540200384 -2.246480848597426 -2.112347770948363 -2.022528293749928 -2.3038329592686173 -2.0456258668324114 -2.210072382869349
