"ArnimBettinavon_DEU015_1" "ArnimBettinavon_DEU022_1" "AstonLouise_DEU010_1" "AstonLouise_DEU012_1" "AuerbachBerthold_DEU002_1" "AuerbachBerthold_DEU008_1" "AuerbachBerthold_DEU013_1" "BahrHermann_DEU055_1" "BallHugo_DEU095_1" "BleibtreuKarl_DEU061_1" "BoyEdIda_DEU074_1" "BraunLily_DEU082_1" "ChristenAda_DEU064_1" "ChristLena_DEU093_1" "ChristLena_DEU099_1" "ConradiHermann_DEU056_1" "DahnFelix_DEU044_1" "DohmHedwig_DEU057_1" "DohmHedwig_DEU063_1" "DohmHedwig_DEU073_1" "EbnerEschenbachMarievon_DEU027_1" "EbnerEschenbachMarievon_DEU058_1" "EbnerEschenbachMarievon_DEU100_1" "EssigHermann_DEU078_1" "FontaneTheodor_DEU035_1" "FontaneTheodor_DEU046_1" "FontaneTheodor_DEU051_1" "FontaneTheodor_DEU053_1" "FontaneTheodor_DEU059_1" "FontaneTheodor_DEU066_1" "FontaneTheodor_DEU070_1" "FontaneTheodor_DEU071_1" "FontaneTheodor_DEU088_1" "FranooisLouisevon_DEU028_1" "FranooisLouisevon_DEU033_1" "FranooisLouisevon_DEU047_1" "FreytagGustav_DEU011_1" "FreytagGustav_DEU030_1" "FreytagGustav_DEU048_1" "GanghoferLudwig_DEU067_1" "GanghoferLudwig_DEU085_1" "GerstnckerFriedrich_DEU016_1" "GutzkowKarl_DEU024_1" "HahnHahnIdaGrnfinvon_DEU020_1" "HeykingElisabethvon_DEU087_1" "JanitschekMaria_DEU060_1" "JanitschekMaria_DEU075_1" "KellerGottfried_DEU036_1" "KeyserlingEduardvon_DEU080_1" "KeyserlingEduardvon_DEU097_1" "KretzerMax_DEU069_1" "KrnbergerFerdinand_DEU025_1" "KurzHermann_DEU005_1" "LewaldFanny_DEU021_1" "MarlittEugenie_DEU037_1" "MarlittEugenie_DEU040_1" "MarlittEugenie_DEU041_1" "MayKarl_DEU054_1" "MayKarl_DEU081_1" "MayKarl_DEU084_1" "MeyerConradFerdinand_DEU032_1" "MeyrinkGustav_DEU096_1" "MeysenbugMalwidaFreiinvon_DEU086_1" "MllhausenBalduin_DEU042_1" "OttoLouise_DEU004_1" "PolenzWilhelmvon_DEU062_1" "RaabeWilhelm_DEU029_1" "RaabeWilhelm_DEU031_1" "RaabeWilhelm_DEU038_1" "RaabeWilhelm_DEU049_1" "RaabeWilhelm_DEU050_1" "RaabeWilhelm_DEU072_1" "ReventlowFranziskaGrnfinzu_DEU077_1" "ReventlowFranziskaGrnfinzu_DEU090_1" "ReventlowFranziskaGrnfinzu_DEU098_1" "RilkeRainerMaria_DEU079_1" "RuppiusOtto_DEU003_1" "RuppiusOtto_DEU009_1" "SackGustav_DEU083_1" "SchnitzlerArthur_DEU091_1" "SchnitzlerArthur_DEU094_1" "SchopenhauerAdele_DEU018_1" "SpielhagenFriedrich_DEU039_1" "SpielhagenFriedrich_DEU043_1" "SpielhagenFriedrich_DEU065_1" "SpittelerCarl_DEU068_1" "SpyriJohanna_DEU052_1" "StifterAdalbert_DEU007_1" "StifterAdalbert_DEU017_1" "StifterAdalbert_DEU019_1" "StifterAdalbert_DEU023_1" "StifterAdalbert_DEU045_1" "SudermannHermann_DEU092_1" "TieckLudwig_DEU014_1" "VischerFriedrichTheodor_DEU026_1" "VischerFriedrichTheodor_DEU034_1" "WassermannJakob_DEU076_1" "WeerthGeorg_DEU006_1" "WilleBruno_DEU089_1" "WillkommErnstAdolf_DEU001_1"
"ArnimBettinavon_DEU015_1" 0 0.44903729584838 1.04538514680387 1.23195897788647 0.898106800394386 0.871776659951273 0.683399828266616 0.80859577210037 1.14198253205839 1.2186758819553 1.13849510761531 1.24880066421649 1.01469908037378 1.13321313029704 1.06585637268479 1.08152456459776 1.19354492914977 0.996646739756195 1.00058497792032 0.92705669997679 1.12090929400436 1.00791445679274 1.01223395530418 0.877606019024607 1.1507131396783 0.862163912859555 1.04993020049815 1.03970790182667 0.93672827805542 0.956891257037241 1.09919390817634 1.12148588744688 0.75135439955923 1.27420748932484 1.28428941955255 1.20926684645362 0.977605012469119 1.05403298815246 0.996183241380909 1.09278721879304 1.25805120183125 1.18935524286111 1.25836471840252 0.868200849295762 1.02968929993357 0.938053928806064 0.919386070199806 1.07068382295173 1.03758355067492 0.997593253368908 1.07873663589819 1.1315554319181 0.82839022951421 0.870923249318525 1.15307878840571 1.19286262682276 1.25280471786927 0.654076710238477 0.701530954078822 0.766389670090778 1.30341922929882 0.916187160400974 1.01011937142297 1.12447868459066 0.903511512917929 1.0293221264079 1.01578336628579 1.09052492503207 1.21669220645012 1.27768211609882 1.15569923296653 1.16145258412733 0.674085508544505 0.744310015452604 0.806452255025954 0.59209815057714 1.04631111738166 1.0157598918711 1.05221659934963 1.12850683349394 1.03195146212162 1.15187969646798 1.03253800884582 0.937516499043582 0.993612956645872 1.06112689102777 0.892416342406454 0.920225854872781 1.01648079212462 0.895928213882519 0.899459214648161 1.03557199365079 0.709201519781234 1.06468863069975 1.04097408547031 1.1723657499632 0.965603673286934 1.07716442978509 0.963638130451967 1.23940354773203
"ArnimBettinavon_DEU022_1" 0.44903729584838 0 1.05611029530918 1.22745637226601 0.850434400177274 0.848084647121002 0.716603439479349 0.854695202394721 1.23557433278915 1.23801964542734 1.12526727548626 1.27994304345572 1.02793122212609 1.18821585150067 1.08765454887472 1.06598940361481 1.23714210547286 0.991103433765114 1.0072236470381 0.929963895801163 1.1379586937456 1.00990195749944 1.04390288711659 0.922623114200046 1.15684622801238 0.971949198156407 1.09477506422187 1.04126487534369 0.994414090338383 0.958399430053347 1.08167126703084 1.13352465084672 0.794333917567371 1.22684303384007 1.25168014373327 1.2497513291323 1.03760757792748 1.05894203800534 1.07484236056094 1.19925934711546 1.34086454342771 1.18881562110493 1.20909807888662 0.887286286826098 0.926395339694092 0.970550687353108 0.949952124330203 1.03152842152959 1.13271919796511 1.03513171348803 1.01305766110356 1.10456993903174 0.827912112282474 0.815925584390601 1.13126967126804 1.12947281074059 1.19164548156187 0.666526258234317 0.70744279472657 0.755004244390405 1.26982159221338 0.961112627607541 0.979472870293767 1.07744786029018 0.85548349494676 1.0181443022952 0.937915041978935 1.05185363713706 1.15342778811483 1.21031927718881 1.0891087419882 1.11799573646014 0.684654812726695 0.687812076784875 0.782281139507462 0.600243072804782 1.01862410255169 0.97668345170133 1.04519453460306 1.11914277322611 1.0676036936914 1.05551932986521 0.954654941308983 0.871451351249104 0.876734166707857 1.1496468339425 0.931432790936109 0.88494200252358 0.98231476360739 0.855262692413309 0.887616782072218 1.0918680195791 0.794996676636541 1.02051633247913 1.03921570708433 1.10270571763212 1.01799682671468 1.01489842173453 1.04054492997438 1.193209137133
"AstonLouise_DEU010_1" 1.04538514680387 1.05611029530918 0 0.903444047293191 1.122036185228 1.08863375756068 1.1814941276343 1.09026334385795 1.0711549667539 1.03033145016288 0.940408326691061 0.838004335351719 1.04320667819035 1.19881195297871 1.1856693101537 1.09101874219746 0.996410741280648 1.12135793805421 0.889988394773888 1.10971579844308 0.919651313404644 0.803375497307296 0.941416494257408 1.04086317115632 1.07213330366707 1.14255459828112 1.12306811840112 1.12408235325852 1.15965811428875 1.17296404074714 1.09551758416453 1.12918560282904 1.15245813972183 0.937471858822944 1.13645925936441 1.03794158320494 0.882731278853462 0.939606459400273 0.930888884912095 0.941215179664223 1.01820369424267 0.916064180454166 1.06434444559028 0.895914784845736 1.0221903623347 0.904152548016246 0.869237875525416 0.963243303457309 1.02739831494259 1.06768807456212 0.855033041368221 1.1379408998979 0.829971227224736 0.865329520197464 0.93268093323617 0.894255311205924 0.922247036130442 0.883590117865615 0.919540557693541 0.972621296563516 0.878892145240946 0.843986561072809 0.857411008474059 0.73233894851772 0.899968705350894 1.05718597889987 1.12881507089585 1.09631094686228 1.10395018360261 1.10628824397984 1.12893263494526 1.07528141617776 1.06764340947792 1.10939065539977 1.07087428656672 1.07348515179717 0.787895359889131 0.759730922214884 1.1695511161199 0.745900076696942 0.83029623326385 0.998057633875272 1.02254028388144 0.849860664658438 1.0059860023718 0.911091086607957 1.15162397339987 1.00082279358072 1.14800234803286 0.940257134593255 1.12634330059392 0.997977964079608 1.16813778412547 0.987641454951627 1.13365454221812 1.08831688044645 0.893398230950261 0.943445397188046 1.04745566502087 0.809800725346025
"AstonLouise_DEU012_1" 1.23195897788647 1.22745637226601 0.903444047293191 0 1.1981266642728 1.22325989154183 1.45578698654071 1.04047761338301 1.04914202839557 0.758265553880099 0.829286615435017 0.688232824185886 1.09930288349162 1.22679434799685 1.12409489760295 1.07860641240961 0.895106881215956 0.933437376182652 0.973074351603947 0.819520739832001 0.850210897045945 0.953404172436474 0.899959998946318 1.13131792733234 0.974880554543403 1.19595807045138 1.2872144126353 1.2263847855518 1.36584744716699 1.32868437445726 1.0700047695117 1.12700565370459 1.41986395075357 0.635883571589695 0.75718827618039 0.725411426182004 0.917507481553053 0.836474591260522 0.811682226469422 0.868293425200752 0.695815817958275 1.13391870155418 0.771744486086545 0.981012803984434 0.860717896632434 1.01698978358746 1.08697059719485 0.806229309144519 1.11790855630292 1.19585579180164 0.781647656723927 0.663342748727612 1.19448338044859 0.835938604131933 0.935128965265601 0.797017735543548 0.728651451861093 1.28626646870553 1.24952433071976 1.26107961241815 0.646785990781945 1.12032772003319 0.855088233982486 0.825286772774851 1.07805835440286 0.907217749872457 1.24617391610963 1.04822078794689 0.777248768840056 0.750456084964196 0.942973487976945 1.06839707276101 1.32205793410344 1.31988701637138 1.35028278591843 1.10455981637524 1.08295721289361 1.08198475504119 0.818998752000301 0.917061405733355 1.23828584306985 0.732111795015941 0.857819683391787 0.971310445170931 0.897394862534365 1.03703903884756 1.35501708083482 1.03966854510898 1.00015624866193 1.09967307472643 1.01234190208401 0.976817846655171 1.27320936455822 0.855573894686439 0.957472507572876 0.822497387341367 0.956015590049421 0.906558666036351 0.965936437443325 0.735031532390775
"AuerbachBerthold_DEU002_1" 0.898106800394386 0.850434400177274 1.122036185228 1.1981266642728 0 0.781479591306115 0.711248422270473 1.09502507149088 1.12898014665826 1.09978565508488 0.99426668467406 1.23865274272073 0.986184514459996 0.939047224612866 0.892261069560602 1.15215186493661 1.11009795612247 1.07845394593895 1.05842520470843 1.05791145580602 1.0884511152856 1.15267713735342 1.08087206699617 0.795162539695127 1.06799512832846 1.04910105487921 1.02197735042205 0.98513443832128 1.0408710427809 1.02726466225381 1.10900463561136 1.09198916282128 0.933223997215906 1.13921527340133 1.00784759116274 1.13938328868531 0.990877269815389 0.947536660800402 0.982835762752681 1.10492562144518 1.16685349405495 1.01490863718434 0.943994245445435 0.968510834237238 1.06545538862581 1.05827344674076 1.07792891515819 0.94460433757185 1.11614623565908 0.917829991418353 0.909277414373773 1.00015589361562 0.906428912274372 0.97998302771232 1.08126743109404 1.04226875559414 1.06956087362571 0.948411118864988 0.98539760070763 0.998580041244497 1.10491328781536 1.07343712095472 1.03133137750707 1.10586760173798 0.854907406038 0.852719784999891 0.939731123414295 0.963924969051123 0.934296429761647 1.03303474156213 1.00316090925506 1.06470070486893 0.89607247095086 0.878288727174304 0.896152795601545 0.988400734625492 0.94347834575131 1.01699776056017 0.966584866387705 1.16581733899439 1.08919936034987 0.941363073665454 1.04797800901093 1.07082898830298 1.02996575741777 1.14657839980148 0.871312509732833 0.86649574493265 0.967005821653694 0.897663074110812 0.981338565074428 1.03067829645047 0.892730416544876 1.06466809518678 1.06663648597462 0.98597268961552 0.950448166581436 0.919868540163507 0.963761822010411 1.09228969231021
"AuerbachBerthold_DEU008_1" 0.871776659951273 0.848084647121002 1.08863375756068 1.22325989154183 0.781479591306115 0 0.675569041611586 1.03027829277543 0.972032233690275 1.08409441016439 1.07325048209863 1.20143396177769 0.835065281229599 0.963943031156832 0.98169264882191 0.935569507837779 1.06225885880838 1.04804754652745 1.06249016571181 1.06522774945365 1.05105008615503 1.05930573399408 1.10479660827069 0.829826738286538 1.04936519139407 1.06430881917165 0.954893517273872 0.999114649734071 0.954748833680571 0.821985440560185 1.12002938981972 1.01413652030349 0.810488624945515 1.22418531168283 1.08821001565061 1.19493394444005 1.0300239600339 0.976977614173483 1.06253830878457 1.05170917193386 1.10330733119907 0.816547669678279 1.11754685924021 1.14243370744626 1.10700104969517 0.866194885950851 0.920224039960493 1.16193711748823 0.904966453064002 0.877131856697474 0.963051846907605 1.01850238264683 0.831765778610921 1.09984688741223 1.0756969640872 1.0692308036771 1.09152888824327 0.812933068657212 0.851042496143304 0.874321938295516 1.25848357467809 1.04494128214187 1.10563409570132 1.17702568164633 1.00566321628908 0.929666688382834 0.997803973955571 1.14509951568732 1.11884733092927 1.13340902869429 1.16851936972688 1.12618632392726 0.876046139042615 0.776124312330978 0.765475368400519 0.977819665809151 0.987404655611073 1.01661442114753 1.26520780086791 1.20265052710004 1.00659266729337 1.10956652313493 1.11032250451801 1.03856996917946 0.97952669746246 0.937366606672843 0.821830589321243 0.981462336178929 1.05938255861994 0.982012629114153 1.09017838475742 1.01533981739558 0.840570793508304 1.08371026106019 0.952845933015562 1.03855136153152 1.00890453923421 0.929606553828096 0.982647569420554 1.17198381736889
"AuerbachBerthold_DEU013_1" 0.683399828266616 0.716603439479349 1.1814941276343 1.45578698654071 0.711248422270473 0.675569041611586 0 0.890283076498144 1.08301999850985 1.25184751247634 1.20042226418801 1.34596406268512 0.808296379401288 0.812419721933308 0.848188874989118 1.01860640671098 1.17118808030305 1.11924650626827 1.08895955246107 1.16891118768261 1.19546460547722 1.12129351721802 1.15973473617275 0.894542719369565 1.11240519851947 0.744457617941634 0.807726233246838 0.794853256692008 0.680646391595145 0.717411697697855 1.01018483763824 0.988302696891719 0.555394187155773 1.39149992979208 1.26597683471403 1.33184406866152 1.09483797372898 1.11367167984215 1.09234999830326 1.15752400239658 1.29676740788498 0.913892932031667 1.29328738107679 1.05072258567826 1.13853207976764 0.996984888518327 0.958937420144086 1.12477041593735 0.979932407583977 0.838691940064288 1.14016245974028 1.24752826305324 0.833751420983698 1.09750173539361 1.09093075668406 1.19188195616649 1.26154165002944 0.731240721686125 0.786919222769105 0.784683040566988 1.37281393199167 0.976965571978681 1.09759136243639 1.18358480074423 0.917553595609539 1.1484509799633 0.866153138433638 1.01282874707458 1.21823067945396 1.31170886436635 1.15432727493521 1.08523377260891 0.632534314545163 0.688041773441525 0.62057121328745 0.795843182267577 0.974210994521858 0.98998608648638 1.15991155289565 1.22566995201512 0.936614514416267 1.24813341562888 1.15571640586886 1.04028933189399 1.14265081158007 1.00863813952597 0.612511505779824 0.873687797470697 0.860255855549349 0.881791522178671 0.883014791973289 0.960597263615649 0.622476960094562 1.05874488575263 1.10952291863084 1.2132207927934 1.09977181355748 1.03739647100226 1.05998924465657 1.31538421071958
"BahrHermann_DEU055_1" 0.80859577210037 0.854695202394721 1.09026334385795 1.04047761338301 1.09502507149088 1.03027829277543 0.890283076498144 0 1.21014756350976 1.03406555493772 1.16760753782934 1.14544928646858 1.02875110905206 1.11609151570849 1.05483462785062 0.775750873502105 1.29290323384018 0.765639420492549 0.931717765432778 0.758435212748834 1.17321710728626 0.999301963273343 1.16690060750031 1.10565396548148 1.11211656104743 0.878875177722419 0.98405919184138 0.8927366553441 0.796618249281706 0.810301982427315 1.01631528694102 0.912290710985632 0.736384780016201 1.14163801161458 1.09296349970424 1.14639389985446 1.31066877228671 1.33000608691255 1.2448966361206 1.25796211432454 1.26599421289102 1.1435059540878 1.16991422475822 0.979780106977875 0.844928872721747 1.09667424203265 1.03435211366307 0.885661788030441 1.15831835580624 1.11088602171784 1.23121337392364 1.07115086618246 1.10678055215333 0.957391691940938 1.14964332932482 1.17359204282362 1.1827308641873 0.893448111803099 0.79995082280581 0.831179652807198 1.28512660665706 1.06940751550822 1.05829973623869 0.9424607776388 1.01784874587616 1.13244455346604 0.922411675915192 1.02637701566213 1.17866348096033 1.21754663826082 1.12507071488556 1.0053095406333 0.736985762661869 0.560232061782639 0.765974505363312 0.612882548185714 1.27844352888938 1.22706321049794 0.901585130155005 0.975857992515588 0.928468667688456 1.04871643126141 0.902307596722338 0.930549853388929 0.878348759255344 0.906602004457811 1.03986117100512 0.915422893213714 0.924868869466042 0.959618240608901 0.738486804432655 1.31741143214115 0.886020527292464 0.966668912208343 0.847390246053983 1.04169622873505 1.13871925676093 0.942576469192146 1.11766858453192 1.14496177457451
"BallHugo_DEU095_1" 1.14198253205839 1.23557433278915 1.0711549667539 1.04914202839557 1.12898014665826 0.972032233690275 1.08301999850985 1.21014756350976 0 0.82740222026993 0.885963490591495 0.792208378824902 0.930245637789916 0.665619742946461 0.913316432409035 0.856595445832694 0.524748666951492 0.854622786554228 0.855139509905363 1.02022937669394 0.72945820533812 0.856605693789196 0.731476097026729 0.943216715649528 0.877706494482833 0.914826759172169 0.858909299359046 1.10818721028768 0.91178932019482 0.968463755781234 1.01495621578131 0.94585995851858 1.01959063271253 1.08269267377841 0.957300511004345 0.780285932264993 0.884292727721374 0.899011680970835 0.921546952172302 0.601748243539591 0.688622938893407 0.88096630708027 0.988389394463341 1.02828708531062 1.35592188692228 0.803971774846814 0.760945511224722 1.4110502402069 0.478200679296863 0.687307167688007 1.19053831289497 0.980242181529478 1.18830976392629 1.29244672894934 0.949578403099141 1.23029858480555 1.0636023454534 1.21934081109093 1.18973125272724 1.15600483886352 1.02732409122227 0.898668765104584 1.12880721419691 1.31643707744255 1.27441497743584 0.918439066848424 1.17204548287204 1.150309231926 1.0519299963536 0.900961362378144 1.04073420557282 1.02631068729545 1.19458719707417 1.23547978326152 1.06323973530421 1.23350141881786 1.12987375302973 1.11005597254215 1.09487441373951 1.07262088575585 0.86740176870845 1.03470512242478 1.25477541662184 1.38255616418411 1.27435706191432 0.706710786177459 0.964525872741167 1.42272225691908 1.17935019584919 1.38607183250919 1.30740278419324 0.837905664974224 1.06310445804935 1.16096588154463 0.794970616354908 0.960932995528005 0.875402754199342 1.32378205419724 0.840699439821004 1.03409572529744
"BleibtreuKarl_DEU061_1" 1.2186758819553 1.23801964542734 1.03033145016288 0.758265553880099 1.09978565508488 1.08409441016439 1.25184751247634 1.03406555493772 0.82740222026993 0 0.86440908511732 0.723474217206956 1.09845793908993 0.931539147378005 0.955057315057255 0.903370168665918 0.766234373064425 0.844400586568337 0.975747224938957 0.90586333118182 0.923494990502805 1.00332521806207 0.949141609328998 0.989317128442762 0.969770111753043 1.20265767642154 1.11868385678125 1.1615175913876 1.11880344236689 1.06029003497273 1.08400723607491 0.985066622902905 1.20346940434094 0.809968007362893 0.804984763067144 0.786479616837994 1.03516090287109 0.983527023596474 0.988286127238468 0.870762846802283 0.738722878494277 0.986370394715248 0.753748304216053 0.958917427833427 0.953924879781777 0.955457751563447 0.967437414133127 0.925364330712142 0.952770446606544 1.04298343064284 0.975267224319774 0.728899446075536 1.26380258263462 1.20009990140028 0.951877449974646 0.930590537144962 0.840016926781781 1.3173892733536 1.3064931583424 1.2772564406818 0.689661782024976 1.02278766485533 0.992386033805839 0.928392333783689 1.1370430882497 0.934737807092575 1.11982481552267 0.992277896509726 0.925276094665328 0.740004235085287 0.936642222972354 0.970710781894128 1.22824228192534 1.12483906662221 1.14149313306496 1.33335133291714 1.10572261874522 1.17085221514938 0.84270731589602 1.00538553818596 1.09162964608295 0.754492337600812 1.05881468638926 1.26569600942278 1.12339053265673 0.836246828242666 1.20475767022553 1.35175377394038 1.15936929912982 1.38549666081081 1.1113373223015 1.15464162294605 1.2292853253479 1.00667296511802 0.741564799471165 0.798248681295924 0.977984808081733 0.998420802385571 0.871831612679871 0.694773392570818
"BoyEdIda_DEU074_1" 1.13849510761531 1.12526727548626 0.940408326691061 0.829286615435017 0.99426668467406 1.07325048209863 1.20042226418801 1.16760753782934 0.885963490591495 0.86440908511732 0 0.804322321889385 1.08676191784998 1.03751034069408 1.09493880500589 1.02091629102706 0.840264054550865 0.972903030915061 0.910532672098293 0.93345231534521 0.816925064558335 0.940773294922568 0.864200240625855 0.91527354081056 1.0187825585282 1.21067436633238 1.18666405261115 1.20800656653617 1.22676121347938 1.2186602645258 1.10693260378643 1.10733393022426 1.2649625904366 0.921707816266394 0.892704682304062 0.841104081272924 0.834988528085039 0.832631982684419 0.882901678765613 0.872399353388915 0.804649044524087 1.01457599164628 0.857025377889294 1.02626877610447 1.09605798983027 0.946475448446311 0.915443442641067 1.02326334838209 0.829704694477216 0.918964558831966 0.92527460944829 0.82751148732333 1.12077257187906 0.995065809832637 0.93699085296991 0.883909173625996 0.874175351092362 1.15108704579466 1.12706728078791 1.12112838514448 0.839602634729279 1.00707424950626 0.924436112973664 0.991358335625144 1.04801137808963 0.852553711015163 1.18369082857733 1.07115011229536 0.913770142336012 0.85781052986329 1.02505946154357 1.11115889406577 1.16145401674795 1.22344161383836 1.16465475864475 1.12744735314721 1.00495942428725 1.04826209920681 1.008266683628 0.983571029934634 1.06826089598733 0.83077504927065 0.986538345061172 1.06571489863138 1.00640020102541 0.959313156347037 1.15678350486605 1.13373021360723 1.13712201961502 1.17524491794411 1.19925407773444 1.01116341816497 1.19965251063805 0.989486007332639 0.90256623419029 0.868844747022085 0.873487510990232 1.01382453893692 0.939598562499919 0.85795484300355
"BraunLily_DEU082_1" 1.24880066421649 1.27994304345572 0.838004335351719 0.688232824185886 1.23865274272073 1.20143396177769 1.34596406268512 1.14544928646858 0.792208378824902 0.723474217206956 0.804322321889385 0 1.00587315426512 1.03989898685244 1.10505375822735 0.967612631218937 0.691565479580297 0.935389446288242 0.876720894353129 0.921737588062087 0.735319245294794 0.728726460357899 0.689221571291182 1.15994731428344 0.957987095990264 1.12895909086417 1.13869253490975 1.16819089921535 1.18259235962946 1.21140236320249 1.0104211701428 0.986318951739266 1.34795110448673 0.777342280981962 0.899469764589425 0.697901725008816 0.93051383359663 0.891103000225845 0.879618829415097 0.772783332999867 0.68408047812438 0.971486180313976 0.912112562862524 0.963930338379461 1.01541076086905 0.895410995020083 0.801860537961283 1.05168574967366 0.782226777321262 0.936389424597799 1.03022392958316 0.933232148320561 1.15181168648801 1.10914276626369 0.826336946153136 0.906873970851964 0.782968374181095 1.2460205271344 1.23823452723266 1.18389220687913 0.681810676884586 0.930838143504316 0.907565706318253 0.914378448425017 1.19544855110715 1.00039639612106 1.20688438105595 1.14337824199426 1.0066710656735 0.851062796854596 1.08040423112476 1.06074152076539 1.26738896439969 1.32178999269238 1.23716539199027 1.23011156582494 0.980577035164179 1.03128655779362 0.893143608206114 0.918199189070846 0.968314961925554 0.876666869718186 1.13331923395794 1.09478216333133 1.11784443158743 0.744955013035297 1.28769914567904 1.30453547012892 1.16906269256874 1.24268108917283 1.20281006809336 1.02211823209915 1.26856803417905 1.0212239223151 0.973697739962041 0.918392043024543 0.94000339232074 1.13118221352775 0.991605890987626 0.723171671909017
"ChristenAda_DEU064_1" 1.01469908037378 1.02793122212609 1.04320667819035 1.09930288349162 0.986184514459996 0.835065281229599 0.808296379401288 1.02875110905206 0.930245637789916 1.09845793908993 1.08676191784998 1.00587315426512 0 0.780284341595291 0.753720136347925 0.944914371634506 0.98871187299471 1.16892868393912 1.07948558878114 1.19201630926507 0.956329652489499 0.99845933861123 1.00782509871776 1.03511043197094 1.11606387885315 0.8527237152423 0.926283456655967 0.982004923458191 0.89595798568911 0.948468841130449 1.07592965777609 1.05011663915648 0.88888918353752 1.15926775221358 1.11775562969503 1.08596818767981 0.98191025999414 0.97846791169375 0.959993165106616 0.907655913229975 0.948166550950654 0.881576531600722 1.22047747801864 1.12669803470128 1.19071264984258 0.976743137202113 0.820543020862763 1.05883116036309 0.833466735719445 0.834332080419939 1.09577917172398 1.16126401886834 0.906152142167689 1.23226766348193 0.787408022069503 1.01881904480443 0.921117222402708 0.978186852739213 1.0095566421897 1.0012583898676 1.13468536179764 0.888959720056272 1.08529415583525 1.08616374371054 1.1396211900559 1.1369663840695 1.02080031578055 1.07705025536045 1.10834854958134 1.0773547833624 1.09580492771922 1.0890320600596 0.903957676253213 1.0450344637477 0.944268223219132 1.00023742082648 0.966692331316882 0.962811685012914 1.05087927351064 1.19704386955139 1.05232980904399 1.23213923558643 1.16756013049088 1.1018594014706 1.24555707888337 0.815832901036753 0.711038050105304 1.01609307456761 0.900466210892439 0.986849468687547 0.994245349829327 0.998851735570785 0.801151868675663 1.0222002221743 1.15356979733902 1.18135804621767 1.07049403621996 1.04656135838867 1.02568698608765 1.09477177419626
"ChristLena_DEU093_1" 1.13321313029704 1.18821585150067 1.19881195297871 1.22679434799685 0.939047224612866 0.963943031156832 0.812419721933308 1.11609151570849 0.665619742946461 0.931539147378005 1.03751034069408 1.03989898685244 0.780284341595291 0 0.561150340162852 1.01031034722474 0.781069499627828 1.09568945830594 1.13236970908164 1.26504305685999 1.01616594698721 1.16184046569621 1.07391211765206 0.977257697973234 0.924030463145636 0.766535485448953 0.619102958892437 0.788416715432893 0.673299312774935 0.743093976831627 0.878578765293352 0.817397301036206 0.82542113627142 1.14899547244971 0.970835901645055 1.00425508901045 1.05618869236722 1.06571542555296 0.945258659757928 0.83529912370128 0.834148332309781 0.799695784026159 1.02982790515668 1.10589435927778 1.24318412761438 1.05788157181838 1.03720779709118 1.13447779679422 0.840662369764602 0.817564837547359 1.20777258859202 1.11368162227505 1.07665621312348 1.30178730297501 1.01627542575039 1.08288028519721 1.1120149785352 1.16160442207114 1.16972695468105 1.13809445641464 1.08185424616476 1.0360564397953 1.16419003334837 1.25310860490313 1.02112764263463 1.1250078681614 0.895077064536697 0.93112092845477 0.985098505318139 0.978895794709889 0.959023462586074 0.91162818396415 1.01704738380023 1.1330625254046 0.968411222479995 1.24635580334447 1.05298852089 1.06798256426343 0.999787194056422 1.17461931115339 0.942154112492659 1.16256923902619 1.28817612137553 1.29120890247469 1.35969609763825 0.845410293685988 0.655321376101576 1.18190772598053 0.907501387790263 1.25352971544081 1.07311925533017 0.892394748824588 0.796455959836742 1.0220523899918 1.05460966401066 1.12973214480011 1.10766196126234 1.07887638969551 0.945902697498269 1.07278263505276
"ChristLena_DEU099_1" 1.06585637268479 1.08765454887472 1.1856693101537 1.12409489760295 0.892261069560602 0.98169264882191 0.848188874989118 1.05483462785062 0.913316432409035 0.955057315057255 1.09493880500589 1.10505375822735 0.753720136347925 0.561150340162852 0 1.14846801781433 0.944153992304254 1.18221871763177 1.25122753707119 1.2404337789036 1.04601928849456 1.23743710950199 1.0854796823259 1.00433483955733 1.00989694593767 0.845378498833636 0.861575744107181 0.909386779092179 0.890358549961935 1.00173768549902 0.996481293514759 0.943748089367862 1.02839166235232 1.05830460317846 0.92734330544372 0.957993634196379 0.979515486755961 0.994892092500244 0.82948555807187 0.890483717176202 0.901834588586934 0.954932131494795 0.991438780084667 1.04262703973213 1.16287905055583 1.20202527402374 1.10121621355249 0.792732132701223 1.06531090595623 0.970553420639944 1.05635024965825 1.07223041344603 1.02483927879968 1.25214615147933 0.949011487005783 1.03183186248658 1.06243155130991 1.1928117855833 1.18432550633605 1.15710915800918 0.971567117516379 0.983317162485822 1.07321577307646 1.15149564287712 0.949345123087935 1.10663586562142 0.924824561085223 0.833138682796216 0.92874965961555 0.94516907482787 0.844585363883868 0.92299828155967 0.938522022528698 1.16769575356817 1.04908405538839 1.17005608464538 1.00249621490652 1.04145355451653 0.820134283605556 1.15133168088915 1.14284732778108 1.17658673436572 1.25984408240277 1.25672426039683 1.36257472731346 0.871413595414125 0.693304950811728 1.00265078324716 0.865814675919257 1.06510018524764 0.929543171773141 1.00662990213522 0.806520147920399 1.00135715925107 1.07474538947641 1.03466089469763 1.04637739965209 1.06325062283207 0.769379223714965 0.985560639392883
"ConradiHermann_DEU056_1" 1.08152456459776 1.06598940361481 1.09101874219746 1.07860641240961 1.15215186493661 0.935569507837779 1.01860640671098 0.775750873502105 0.856595445832694 0.903370168665918 1.02091629102706 0.967612631218937 0.944914371634506 1.01031034722474 1.14846801781433 0 1.02415935798137 0.680845367205476 0.878184171424441 0.804206801224302 1.00477537740413 0.864869396696199 1.06065102011307 1.06494881495049 1.07848677675979 1.07643004039966 0.977776172992317 1.00525860682381 0.830913573429308 0.76336832816175 1.05153792154611 0.965900690382171 0.830651456488188 1.16903579352622 1.04982426527297 1.10063898679504 1.27645592724185 1.26373616216245 1.41063204149053 1.11729252120492 1.11496239703212 0.869760458542622 1.08636059531344 1.06013720398926 0.914055579453444 0.918788482097199 0.768744515632348 1.23692066310768 0.723369821609339 0.829729338020335 1.21376086082256 1.04329485198808 1.20025040122537 1.22738547822617 0.927931383797727 1.09763328909691 0.971408366657399 0.945788352997671 0.868212548682684 0.883296960678298 1.23107348014526 0.9239908341204 1.09664425908679 1.08302637032449 1.26582293323694 1.08261707466796 0.892557141187118 1.11957870381732 1.13926198226082 1.04756716610182 1.07268626135301 0.922476256879271 0.892897658864594 0.666152918012636 0.733740554227678 0.939053170756955 1.15081492092254 1.13949717318447 1.08633438492891 1.064286285412 0.872003769209327 0.969626296080012 0.978761970156043 1.0566885391576 0.927619998460521 0.908151208825322 0.968061335989479 1.19310902480967 1.02054007882112 1.11714969937755 0.945149006496724 1.31308566922792 1.08665695951008 1.08285004678927 0.711447519224259 0.916701739699118 1.18894185338681 1.03451854218657 1.22347943452362 1.06765975018363
"DahnFelix_DEU044_1" 1.19354492914977 1.23714210547286 0.996410741280648 0.895106881215956 1.11009795612247 1.06225885880838 1.17118808030305 1.29290323384018 0.524748666951492 0.766234373064425 0.840264054550865 0.691565479580297 0.98871187299471 0.781069499627828 0.944153992304254 1.02415935798137 0 0.958496208916283 0.897993425227819 1.08799343349438 0.726255855735346 0.839507358479396 0.681038590462901 1.03936503560033 0.901562429204161 0.977594596318031 1.00518642865685 1.12964736454587 1.08151590172855 1.11436782047925 0.983187216399648 0.987310948835802 1.2239258332335 0.885925470033459 0.884466770455162 0.694777062165893 0.773840484478947 0.766353562348871 0.767204345396979 0.635105391591355 0.630250469270893 0.947783373610356 0.902602238833876 0.951814864167277 1.2995051214536 0.876739855905666 0.837544913477307 1.25985114075474 0.650675825802988 0.759907026486695 1.09895446307647 0.901558552503275 1.21618046213544 1.21245175767251 0.912554746680776 1.08641899858552 0.907571337410449 1.24381109793325 1.25626714615202 1.17219180320602 0.735113453670855 0.90510018995099 1.00912991832589 1.2122237392334 1.17240774761613 0.964596397163297 1.22185094890876 1.01502084303477 0.947275049590233 0.765636200746398 0.940249090619357 1.03592243620559 1.31588208634805 1.39862609095723 1.19466794809007 1.30713758776275 1.08235784023194 1.08047511239311 0.932913605752513 1.12166763865529 1.00369561421392 0.92931287138728 1.20009339618014 1.27231102266922 1.25979137976389 0.809113092356311 1.12122294741655 1.43582798933314 1.15010457437631 1.40149704768341 1.30732569338798 0.81832304574966 1.16602684988458 1.09048481346382 0.940668022894047 0.940474726912102 0.877907005823512 1.26547175793487 0.875161268951894 0.898605603804399
"DohmHedwig_DEU057_1" 0.996646739756195 0.991103433765114 1.12135793805421 0.933437376182652 1.07845394593895 1.04804754652745 1.11924650626827 0.765639420492549 0.854622786554228 0.844400586568337 0.972903030915061 0.935389446288242 1.16892868393912 1.09568945830594 1.18221871763177 0.680845367205476 0.958496208916283 0 0.729770884097796 0.539930726150844 0.997905543274392 0.950116964945827 0.943703634011325 1.00958423179306 1.01691042431786 1.08338263427297 1.15053824494309 1.09655462388251 1.02344019227571 0.944521529397164 1.08711659024195 1.01045615339251 0.966438355155054 0.988015085355387 0.933333230472534 0.903550981721817 1.16395349113867 1.19089612536089 1.22020674278787 1.04642311488338 1.03736890497248 1.17187374798282 0.954547178276663 0.900753304445795 0.896845549217177 0.916251496647943 0.863132215227399 1.17349180250041 0.883813600843072 0.982075787987472 1.17431463055383 0.80299683516196 1.30634916269119 1.09257466558779 1.02869994228465 1.18027369286727 1.0343432845948 1.09783867485376 1.01326501184055 1.00728019001541 1.1100233744223 1.05014150401343 1.09586019331209 1.13054703418722 1.24417698529069 0.918107169822136 1.01162792085824 1.03409290659909 1.00307054227484 0.862920751638778 0.982234176138146 0.958612416532342 0.98985934415333 0.757604927098218 0.938457423716503 0.923392333442114 1.24233971725102 1.26469553757215 0.93261770549189 1.04635872569377 1.00138458412873 0.818814607957179 0.935902294489509 1.14481654476011 0.890128343291576 0.981044932854967 1.23955186034712 1.16352447556341 1.0609024875655 1.13185331769777 0.95444323371891 1.18993148399428 1.13542657175618 1.07306364121901 0.637880059555874 0.819937549297983 1.03464475300613 1.12893247366593 1.01870140073016 1.10124780394571
"DohmHedwig_DEU063_1" 1.00058497792032 1.0072236470381 0.889988394773888 0.973074351603947 1.05842520470843 1.06249016571181 1.08895955246107 0.931717765432778 0.855139509905363 0.975747224938957 0.910532672098293 0.876720894353129 1.07948558878114 1.13236970908164 1.25122753707119 0.878184171424441 0.897993425227819 0.729770884097796 0 0.79721210510344 0.852071003743168 0.771419512997969 0.787821094557568 1.01164764517826 1.04196990223383 1.02956207168546 1.1614102135304 1.15065666723497 1.09830610021079 1.07889650520859 1.07195261454541 1.06159276709849 1.02877448486036 1.00032980792573 1.05916974236695 0.94840952665605 1.00282901123085 1.03964061562391 1.07505669345174 0.886573731951077 0.936771606408322 1.14717117758503 1.05108495787066 0.921228046606303 1.07247594024501 0.821920284862157 0.748601838502264 1.18959818525854 0.813914818482763 0.890638216166328 1.09574198517203 1.00053441312167 1.15891799014106 0.958891196209121 0.93803091556188 1.11402943819386 1.00989420043338 0.992210051972818 0.997313833088068 1.00263884553257 1.04981768043551 0.916718573235466 0.988443231591488 1.07251359276336 1.15976752598833 0.939088316342646 1.15694642581676 1.13773815617749 1.0659259926502 0.987202553188279 1.11446376354823 1.12301254180186 1.07179620467931 0.975765951304934 0.985863929518299 0.902575620034389 1.0827311781747 1.04898888138641 1.0336297510011 0.990690801266115 0.88213311180721 0.864474362873565 1.00052307420002 1.02372486498489 0.952461339599159 0.949458981720895 1.21902194678486 1.10235510924111 1.1526960520002 1.03298358376833 1.07409391629011 0.998965144098098 1.1717119083659 1.1248577509588 0.928200796882516 0.967129563174258 0.904994583880442 1.17753721218525 1.05085108698318 1.06721283963545
"DohmHedwig_DEU073_1" 0.92705669997679 0.929963895801163 1.10971579844308 0.819520739832001 1.05791145580602 1.06522774945365 1.16891118768261 0.758435212748834 1.02022937669394 0.90586333118182 0.93345231534521 0.921737588062087 1.19201630926507 1.26504305685999 1.2404337789036 0.804206801224302 1.08799343349438 0.539930726150844 0.79721210510344 0 1.01089240791991 0.996794061982726 0.958975969516007 0.988994218302182 1.04327765396833 1.10686829451989 1.23748331663816 1.13425047846995 1.13022418349756 1.10385532451232 1.10354975546677 1.02642034193117 1.07351399368435 0.9041242721494 0.913723204837184 0.864630156848778 1.1053243587123 1.09488349320987 1.13067962645764 1.09740322511085 1.0641668277824 1.29019382856616 0.943679354575864 0.854696007219021 0.865842554319801 0.938764416700427 0.955673871408577 1.04605925630149 1.0146311239328 1.09341786915875 1.09645986724728 0.748503307361405 1.23337076779253 0.984104475602627 1.00227282359842 1.08693316702149 0.9648611429188 1.1056557220235 1.0196693383508 1.03090097270159 1.10767777025454 1.04721371868098 1.09560333630026 1.02173593550994 1.22718723528092 0.875111844376251 1.02529268164951 1.04224880955076 0.949099456148735 0.880694352723254 0.970155940200341 1.00958378139794 0.993676903733442 0.812165992517587 1.02580324775573 0.811354021414884 1.22830703224291 1.25414525585805 0.868369368266218 0.994643935027914 1.07167723073432 0.833710923393504 0.873744877796858 1.04465564874281 0.842017671302731 1.03959310218618 1.28153386530243 1.0053830599816 1.06615867506649 0.982691782122037 0.882397539944925 1.15939518170437 1.12516272118275 1.03531400619361 0.726235242869391 0.819689212188275 0.995345508177345 1.080815988252 0.970511296896713 1.10896439473347
"EbnerEschenbachMarievon_DEU027_1" 1.12090929400436 1.1379586937456 0.919651313404644 0.850210897045945 1.0884511152856 1.05105008615503 1.19546460547722 1.17321710728626 0.72945820533812 0.923494990502805 0.816925064558335 0.735319245294794 0.956329652489499 1.01616594698721 1.04601928849456 1.00477537740413 0.726255855735346 0.997905543274392 0.852071003743168 1.01089240791991 0 0.66628885704393 0.603097080838285 0.999897862884121 0.999981801939111 1.09671107167591 1.18856252904399 1.18907606690715 1.22187554121956 1.27357160847284 1.01793153554516 1.10596280758909 1.28598370345814 0.87436287987329 0.891279055549131 0.810457858621902 0.839061053705201 0.829785273420232 0.835265195419764 0.694341111558297 0.730818068165164 1.03887312628113 0.939338294332385 0.972939085975428 1.21417582747352 0.79680468625168 0.760206912127304 1.14276768881466 0.73294139747126 0.849451754141903 0.949651461177227 0.932450236038865 1.09763282837945 1.03351122319543 0.898409732637812 1.05977321159652 0.961140229130902 1.12721606362631 1.12090370291675 1.04286466864107 0.861503507254448 0.903375235609484 0.975150526729396 1.08450422074434 1.17479592921916 0.899619356160303 1.28113857139957 1.14971065158367 0.965989532209992 0.83611373793549 1.01996611925821 1.1193447660541 1.19154474372801 1.30354716909788 1.19763826699746 1.11751371975758 1.05043124498236 1.02951973527765 0.98243519966538 0.971660863407988 1.03798465605719 0.942649428511946 1.12584311803065 1.14099360827158 1.10587525262813 0.876811631273347 1.14281996689552 1.21516701379776 1.23103055363957 1.17907066070706 1.30735515321764 0.978408323295987 1.14582197012482 1.09250312628789 1.01121811095176 0.917929620930353 0.804210380709704 1.1640613916531 0.944916461846913 0.907303402765006
