"ArnimBettinavon_DEU015_1" "ArnimBettinavon_DEU022_1" "AstonLouise_DEU010_1" "AstonLouise_DEU012_1" "AuerbachBerthold_DEU002_1" "AuerbachBerthold_DEU008_1" "AuerbachBerthold_DEU013_1" "BahrHermann_DEU055_1" "BallHugo_DEU095_1" "BleibtreuKarl_DEU061_1" "BoyEdIda_DEU074_1" "BraunLily_DEU082_1" "ChristenAda_DEU064_1" "ChristLena_DEU093_1" "ChristLena_DEU099_1" "ConradiHermann_DEU056_1" "DahnFelix_DEU044_1" "DohmHedwig_DEU057_1" "DohmHedwig_DEU063_1" "DohmHedwig_DEU073_1" "EbnerEschenbachMarievon_DEU027_1" "EbnerEschenbachMarievon_DEU058_1" "EbnerEschenbachMarievon_DEU100_1" "EssigHermann_DEU078_1" "FontaneTheodor_DEU035_1" "FontaneTheodor_DEU046_1" "FontaneTheodor_DEU051_1" "FontaneTheodor_DEU053_1" "FontaneTheodor_DEU059_1" "FontaneTheodor_DEU066_1" "FontaneTheodor_DEU070_1" "FontaneTheodor_DEU071_1" "FontaneTheodor_DEU088_1" "FranooisLouisevon_DEU028_1" "FranooisLouisevon_DEU033_1" "FranooisLouisevon_DEU047_1" "FreytagGustav_DEU011_1" "FreytagGustav_DEU030_1" "FreytagGustav_DEU048_1" "GanghoferLudwig_DEU067_1" "GanghoferLudwig_DEU085_1" "GerstnckerFriedrich_DEU016_1" "GutzkowKarl_DEU024_1" "HahnHahnIdaGrnfinvon_DEU020_1" "HeykingElisabethvon_DEU087_1" "JanitschekMaria_DEU060_1" "JanitschekMaria_DEU075_1" "KellerGottfried_DEU036_1" "KeyserlingEduardvon_DEU080_1" "KeyserlingEduardvon_DEU097_1" "KretzerMax_DEU069_1" "KrnbergerFerdinand_DEU025_1" "KurzHermann_DEU005_1" "LewaldFanny_DEU021_1" "MarlittEugenie_DEU037_1" "MarlittEugenie_DEU040_1" "MarlittEugenie_DEU041_1" "MayKarl_DEU054_1" "MayKarl_DEU081_1" "MayKarl_DEU084_1" "MeyerConradFerdinand_DEU032_1" "MeyrinkGustav_DEU096_1" "MeysenbugMalwidaFreiinvon_DEU086_1" "MllhausenBalduin_DEU042_1" "OttoLouise_DEU004_1" "PolenzWilhelmvon_DEU062_1" "RaabeWilhelm_DEU029_1" "RaabeWilhelm_DEU031_1" "RaabeWilhelm_DEU038_1" "RaabeWilhelm_DEU049_1" "RaabeWilhelm_DEU050_1" "RaabeWilhelm_DEU072_1" "ReventlowFranziskaGrnfinzu_DEU077_1" "ReventlowFranziskaGrnfinzu_DEU090_1" "ReventlowFranziskaGrnfinzu_DEU098_1" "RilkeRainerMaria_DEU079_1" "RuppiusOtto_DEU003_1" "RuppiusOtto_DEU009_1" "SackGustav_DEU083_1" "SchnitzlerArthur_DEU091_1" "SchnitzlerArthur_DEU094_1" "SchopenhauerAdele_DEU018_1" "SpielhagenFriedrich_DEU039_1" "SpielhagenFriedrich_DEU043_1" "SpielhagenFriedrich_DEU065_1" "SpittelerCarl_DEU068_1" "SpyriJohanna_DEU052_1" "StifterAdalbert_DEU007_1" "StifterAdalbert_DEU017_1" "StifterAdalbert_DEU019_1" "StifterAdalbert_DEU023_1" "StifterAdalbert_DEU045_1" "SudermannHermann_DEU092_1" "TieckLudwig_DEU014_1" "VischerFriedrichTheodor_DEU026_1" "VischerFriedrichTheodor_DEU034_1" "WassermannJakob_DEU076_1" "WeerthGeorg_DEU006_1" "WilleBruno_DEU089_1" "WillkommErnstAdolf_DEU001_1"
"ArnimBettinavon_DEU015_1" 0 0.883749192314897 1.05490380100929 1.01840601622795 1.01341997353021 0.972638097950794 0.977274198960921 1.04983758085515 1.02442249023531 1.03945805920281 1.01820407928856 1.08098938045479 1.05380448432599 1.01762379958286 1.01405909093818 1.04797184868931 1.02115965267128 0.969370887983503 1.02244081082191 0.966640429974258 1.066875955208 1.03810093789991 1.02677738564679 1.0341615433474 1.02341773579195 0.993670542128817 1.05897019033535 0.989779386535349 1.00973862598248 0.998410926778895 0.989288196074802 1.00301448271403 0.973275260061926 1.01806946974705 1.00851973470192 1.03497600374798 1.02994358013992 0.995097743100679 0.977074415463086 1.01809791598902 0.983721120691425 1.01820352797403 1.03657133436038 0.926604797931501 0.969681374908861 1.0106560086363 1.01009446496835 0.99662419857502 1.02118436589865 1.02605531320499 1.02983047095453 1.00336530771284 0.9475017423418 1.01038435796543 1.04312713619888 1.05489979209383 1.02923994936405 0.954704692885655 1.00165083106269 0.991088127738126 1.00892909507346 0.953903230636972 1.02958190367235 0.97374408290372 0.975062809028226 1.05071103013449 1.00984873896559 1.0115440387886 1.00974206365507 1.05605857426756 1.00627356624563 0.995389395967573 0.969760712034989 0.994826507066002 0.987763597124848 1.00160273675131 1.04983310935939 1.03133765022336 0.987680456628894 1.05376888498838 1.0303938022764 1.01177882597595 1.01973029514957 1.03346633347773 1.04393251111927 1.04394673783297 0.981148360548541 1.01739496249429 0.960277486635924 1.00264053806973 0.95463222392956 1.03079793521141 1.00553593054435 1.0050306848992 0.987802244793046 0.981900558853667 1.01521118701249 1.0207960850896 0.992975113102595 1.0313038394567
"ArnimBettinavon_DEU022_1" 0.883749192314897 0 1.01538758497793 0.994497566032337 1.03744553758365 1.03290986346004 0.976332312084897 1.07341899681602 1.04415696588865 1.01829460874289 1.04011660899011 1.08751426390486 1.08115729071619 0.999549446798689 1.02527811882186 1.02909944110868 0.990592746964077 0.968992241578954 1.02918774603303 0.988108222160209 1.05629529058333 1.00169293091344 0.997828012180823 1.05394860794962 1.02676986371127 1.02326012694124 1.01972405135768 0.993673384516032 1.02678929151771 0.999846018351844 1.01066567980072 1.02454484932613 0.989839642774778 0.996595046769835 1.01384965153001 1.00932937946607 1.02360902411003 1.00382831712701 1.01957561859985 1.04954541885821 1.04207232082507 1.0050379942919 1.00012557423261 0.944470145900267 0.953717944371582 1.02492245066354 1.03332820280309 1.01524441709297 1.03254591988189 1.0304475715817 1.03630685727028 1.00026187970925 0.928973505616663 0.975249985796574 1.01898967105609 1.03107239921004 1.02883009669792 0.957662107421419 0.967380371114289 0.978647106751225 1.01684216185274 0.956769681370114 1.00570497869632 0.982969028046677 1.02427923147577 1.05272902692552 0.961017614259077 0.966514067148152 1.03947436873917 0.998020918330246 0.994806691169349 0.980388364454301 0.979706989666931 0.96179860268773 0.998141837520364 1.0224057830503 1.0413921769641 1.01075985338723 0.989445418648204 1.05000336165071 1.02605076253539 0.98200509584572 1.02375773400797 1.03290717411649 1.04237348501002 1.05268303389258 1.00813698320849 0.991110889930396 0.989427704110428 0.963680836195896 0.936077248607323 1.03641622153797 1.03350349116241 1.00365078019451 0.953305261484294 1.02428126022441 1.04930246193157 1.02949758814398 0.967058661894987 0.997727326856594
"AstonLouise_DEU010_1" 1.05490380100929 1.01538758497793 0 0.954225074564469 1.01064129800485 1.04625470944833 1.02890148721238 1.04465797806307 1.02842705190762 0.974003711376029 1.01654322765724 0.986053674229248 1.02581965199543 1.02288043182029 1.04214776152974 1.02741744603469 0.983998242445609 1.01182068026137 0.990533694442666 1.03169122707081 0.989258893922554 1.00815504072002 1.02414666383576 1.00653988590003 1.01778770481678 0.985414892359403 1.00389617609066 1.00264287975231 1.00998971234039 1.04918372566014 1.01887512250198 1.03497300048265 1.04884142171524 0.970490003120441 1.01497012425715 1.00350053221698 1.01127598601529 1.00105984640048 1.02111658360261 0.999510928618102 1.01848944652565 1.00021043564671 0.96242503307301 1.00092708142936 1.05669918454688 1.02393276399696 0.989802587521714 1.04795889617066 1.02307368105629 1.00449064179433 0.973144046078623 0.96248594044131 1.01482157595687 0.983855747500216 0.964704942267572 0.930600122099579 0.916108799475098 1.00890240183526 1.00464722543817 0.987574353491271 0.988120769938408 0.991673485935113 1.00114971561437 0.995321495735547 0.99646323601614 1.03620614458236 1.03920189275533 1.03920683772541 1.03496837631024 0.998331386482478 1.02732441823067 1.07748456467048 1.05224248105224 1.06566164661681 1.03176130694954 1.05037777655896 0.976740190033608 0.963719895201412 1.06777666546386 0.978741205533086 1.01354478621661 0.964549694385924 0.963405194564704 0.975993570224386 1.01763425448341 1.01101186454939 1.05409040972742 1.04259133597944 1.0326334225899 1.02831647893362 1.01138377049722 1.00681812884103 1.03829431048567 0.989350299846065 1.04201087544153 0.993490940006012 1.01796532424265 0.993428249070055 1.04758453601733 0.94450768483401
"AstonLouise_DEU012_1" 1.01840601622795 0.994497566032337 0.954225074564469 0 1.03002332887384 1.00023779818607 1.04612757383516 1.02076370326057 1.0364202919438 0.987267758551334 0.976250355157645 1.0067752506821 1.0142500255921 1.0337779579474 1.02325278255142 1.01878685591604 0.988685418566943 1.02310253080312 1.00772512914556 0.999102165614963 0.975117959643341 0.991270449561452 1.0145829751536 0.982924288693267 1.00151028424173 1.01938261653734 1.0117308546594 1.01341763454398 1.04391882473749 1.03111273206353 0.97474627401254 1.02595728769651 1.03623494667204 0.966533613040301 0.957298536375873 0.986510109663072 0.988652286681496 0.996883116808587 1.00145150936781 1.00301047901545 1.04214403971425 1.00086809358534 0.981781313588613 0.969370563038292 1.00865521694946 0.988138709038118 0.95412179463792 1.03310609505933 1.04068049654072 1.00267622707666 1.02730510882408 1.01093108632884 0.987394772461131 0.988030401652626 0.975550215131663 0.975422534064056 0.967786836079002 1.01115635602863 1.02085175458823 1.01054983893085 0.998451027408673 1.02817118780257 0.986715031438499 1.02318578650218 1.01649331816412 1.00448263121903 1.0282158424596 1.02675773069239 0.989030330832159 0.98522871945691 1.00939211940626 1.04105747505324 0.993260102876849 1.04925769611301 1.05790110094742 1.01123187795559 1.05360458766873 1.0217896969434 0.99559753442716 0.96941849339449 1.03035035834459 1.01218203619477 1.03290392033584 1.02935048084669 1.00099946106927 0.965664185566514 1.01300232297672 1.09471511113137 1.00245451560995 1.06735018998257 1.04526883664944 1.02642198145903 1.03141514124167 0.983920586814324 1.00776209608809 0.967975351365074 0.992580958293477 0.984896438490634 0.992814724906605 0.992428783164117
"AuerbachBerthold_DEU002_1" 1.01341997353021 1.03744553758365 1.01064129800485 1.03002332887384 0 0.946430269955432 0.889384972716838 0.977060745389166 1.00107386292506 1.02819330507203 0.973655389463762 1.01549664042577 0.951624294752244 0.978406111902851 0.992266889568605 0.959516167289006 1.04500046053701 0.996199657437414 0.979037671627241 1.0457050011795 1.04254322132753 1.04605675851203 1.03882720362093 0.996991174765121 1.05240261648911 1.04381671444045 0.988463949499814 1.03303826175132 1.01876349024241 1.00227256197725 1.0418436732956 1.01716678770353 1.01224955335051 1.01966338039359 1.01521281005738 0.989149045693675 0.98617156032289 0.959765881711569 0.957430931826262 0.968202791037146 0.951648978881341 1.00986610988891 0.964165145411434 1.05455169710001 1.01248650892927 1.055230741385 1.03831006627972 1.03411144956165 1.03714126878873 1.03062596143351 0.959865668605674 1.02974105176538 0.982381257720648 1.02068638448091 0.993912188881788 1.01394187987453 1.02545600343103 1.03711536673705 1.02913290202067 1.03789320476174 1.00836212806469 1.06231353573366 1.03885734928979 1.04873593212656 1.01627989645391 0.96295946281259 1.01094114661584 1.03125417379005 0.981652506356581 1.03083494093011 1.00115148839367 0.970940174436995 1.02223223764951 1.06540679654968 1.01237094901313 1.02066912119088 1.05007001214599 1.01017508414988 1.05219139838085 1.00555559744848 1.03435690974393 1.00117048790738 1.02568087576103 1.03642645085415 1.03483404344565 1.0007806712642 0.994213736804102 0.980936818034756 1.02841877504715 1.04077918075097 1.07074600297651 0.973376549158935 0.994847099682743 1.03356037827938 1.02778786588474 0.999997653602143 0.991047369090164 0.981830915361784 1.00810977952704 1.01748130218335
"AuerbachBerthold_DEU008_1" 0.972638097950794 1.03290986346004 1.04625470944833 1.00023779818607 0.946430269955432 0 0.92871471560874 1.02344720978758 1.02186022978762 1.01246132590232 1.05830378063539 1.03415810308585 0.957836833069198 1.0421745660646 1.00399566648544 0.973247369165947 1.00990300628761 1.04488441236477 1.02005975733403 1.02846004464463 0.988493019215972 0.992788554589522 1.00728596072451 1.03467708517121 1.01250850236061 1.01899722430491 1.00320724903765 1.01913689545468 1.03178821690673 1.00119463967803 1.01945646812 1.00888922879931 1.00498037554193 1.05052356711603 1.01946013482492 1.04210503904981 1.00155109311668 1.0090400569219 1.02959426952975 0.953705091395318 0.981867466788441 0.930132209295665 1.01278861042663 1.05034522167374 1.00168495779065 1.02132503353294 1.03244477991415 1.02114011914673 1.02416492886566 1.04397827376084 1.00195470057416 0.993361273388983 0.933572964124654 1.02816818691607 1.03819093169414 1.04967452921964 1.05352435866613 1.0182472527201 1.02778259611832 1.01865339745956 1.00332950086538 1.0296769578944 1.01697223834252 1.0042862655528 0.983096162815147 0.942787864455887 1.02791452114607 1.01404093537109 1.01723161385096 1.02039384997783 1.02662890888358 1.00118707900458 1.00741503765669 1.04057670674321 1.04789912026801 1.04434041942882 1.02009864850208 0.990361740247771 1.01775677106871 1.03648197981201 0.969620721271271 0.96994386675299 1.01974446862726 1.04143604160531 1.01736263267481 0.964654903379117 0.978186909702734 1.01903882532679 1.00505153941524 1.00900891750295 1.04106980276815 0.959301441451654 0.988071063606525 1.00752791720516 1.00786520044073 1.01475032751418 1.01199587143391 1.04664168067507 1.00458127876899 1.02023533827282
"AuerbachBerthold_DEU013_1" 0.977274198960921 0.976332312084897 1.02890148721238 1.04612757383516 0.889384972716838 0.92871471560874 0 1.00439757352968 0.963657618571458 1.00149818745275 0.983177909620881 1.04845274573649 0.923535119805102 1.00433841170758 1.02242977674157 0.97768848926797 1.05508855723386 1.04296981024081 1.03347719370547 0.97415237351625 1.07810056364075 1.03153168435914 1.02756152505972 1.02731035140581 1.01299873487708 0.926989150958831 0.986895202523609 1.02818527870184 0.935856430303481 0.995537639573895 1.05523097189767 1.00725986692384 0.893948172411198 1.0526243796718 1.04853573583035 1.04418474759819 1.01046857829213 1.01831729255027 1.00595870157778 0.996868702622558 1.02288396942592 1.01635797609436 1.05220787849828 1.03399448229252 1.05754668046433 1.02462707196143 1.03875677018652 1.0534095110203 1.03284389727958 0.999330855739351 1.02477262875863 1.07237335608561 0.984792727820653 1.03382878615422 1.01807873742214 1.01930135202813 1.03311967592956 1.07889576847061 1.02711319918168 1.02829916932235 1.0486180665629 1.04765650358138 0.994207791064801 1.03892398766453 1.04883480411155 1.04021754755319 1.02551818663635 1.00613908869173 1.00326183561631 1.03712292485332 0.992513190110057 1.00009610859438 0.952498928326141 1.03858776566913 1.02370727023163 1.02360419557607 1.03455646688339 1.028815347691 1.02656680636408 1.03171048594945 0.999273652032011 1.03959636267291 1.02294195396221 1.04478681803767 1.05959158013689 0.988418467081909 0.927952587086513 1.00649486921157 0.997684226278814 1.00889879567744 1.00393860356111 1.00669165112535 0.973320904936026 1.02055192389645 1.01549734629083 1.02982373593907 1.03565327526679 1.02256842149191 1.06743625337614 1.05330382773089
"BahrHermann_DEU055_1" 1.04983758085515 1.07341899681602 1.04465797806307 1.02076370326057 0.977060745389166 1.02344720978758 1.00439757352968 0 1.00319618757274 0.977730368788441 1.00491666793512 0.997925357080485 0.977297149364457 1.03576081838714 1.06310897417378 0.934110740575965 1.03581587461252 1.03535786939837 0.945488203776166 1.02338413009321 0.986833039255129 0.976912744123559 1.0109678741166 0.917187596085448 1.00173666948929 1.04728449217629 1.04045416833721 1.03976202263653 1.01177764793537 0.982826006562061 1.05393699142775 1.04285005870065 0.972744849783244 1.00645169754454 0.981197052352875 1.01782443143239 1.01667135578076 1.04611010994204 1.0579804342749 1.04750457744249 1.05262882058882 1.0307461328247 1.02464333052027 0.9963243237699 1.04069225959847 1.03084946451424 0.998866213189913 1.01814101457152 1.00505949036222 1.02209495020486 0.961392486966159 1.01714569571983 1.04850092006124 0.97109226053625 1.02867577386426 1.02529130879596 1.05657916905927 1.01168481700486 0.993956568304523 1.02192662257061 1.00912736449648 1.03186932280115 1.00684660934133 1.04925295941015 0.995293660254599 0.96002156464174 1.05444125274 1.03790457279947 1.00080376049477 1.02691193141897 1.03979836408376 1.04309815195128 0.958105492575008 1.01469090386021 1.00944048356414 0.93365160450736 1.00454850872258 1.01850175325198 1.037260783337 0.972306958556666 0.999111955218566 1.01098659399434 1.01543292397197 1.01076115968835 0.895069611215011 1.04371074322724 0.982633032048211 1.01705419715846 0.995156905751681 1.03020513285255 1.04961558033604 1.02861447189835 0.990770179911269 1.0190152555377 1.01091087854689 1.00346780766041 0.99905511512135 0.992037192184559 1.06421855295258 1.01379494302933
"BallHugo_DEU095_1" 1.02442249023531 1.04415696588865 1.02842705190762 1.0364202919438 1.00107386292506 1.02186022978762 0.963657618571458 1.00319618757274 0 0.988953566100742 1.01430238166924 1.02110733318771 1.00650819812599 0.983043786503424 0.968432253844487 0.941948036532943 0.968574380635152 1.05262890605063 1.05203690753837 1.01698591318988 1.02842321751261 0.991831803602671 1.0413066414374 0.973922944808389 1.00937071860253 1.0754654960701 1.03899715202461 1.00126473132169 1.04393642135488 1.01279639176859 1.02327782698953 1.02621586709668 1.02668461556808 1.01386859871636 1.00159431288701 0.957872766588236 1.01666829051219 1.0032729336698 0.98176975976153 0.929366127906857 0.92080061980328 1.01198126144297 1.00358031187885 1.04512827701642 1.03601621176215 0.965237947957694 0.983443145563454 1.01014004460125 0.919410131105583 0.977159529057004 0.980620760649967 0.997779700572146 0.968305991360649 1.08402166944425 1.00584096498686 1.03136621261986 1.01786764788386 1.00580708571446 1.03431080096092 1.03534929256397 0.99771542804874 0.952820024559882 1.00749895121694 1.03017688401956 1.01339702577403 0.956820031817644 1.02699985709484 1.02330617769814 0.997816356010536 0.992067000656101 0.994625264110161 0.989817068346432 1.01626206411212 1.03688563071933 0.987961359409422 1.06723535793242 1.0470743647754 1.03650567400536 1.02703438750924 1.0008983273903 0.98323974959169 1.03874524864978 1.05802062190685 1.02574625507359 1.01012853883466 1.01318660511863 0.954388744629399 1.06527022063673 1.01886280010446 1.06349427845846 1.03380790637844 1.02047686039211 0.994267400688096 1.02953917431424 1.0233667823801 1.0367860916859 0.993528685421405 1.01623937244603 0.990796684487103 1.01623767966756
"BleibtreuKarl_DEU061_1" 1.03945805920281 1.01829460874289 0.974003711376029 0.987267758551334 1.02819330507203 1.01246132590232 1.00149818745275 0.977730368788441 0.988953566100742 0 0.992983518625323 0.968664132158264 0.991384312641497 0.997984466017509 0.970240100848018 0.961047444789371 0.935008310254341 0.980280827435808 0.98315167159172 0.970007323619963 0.941690700293409 0.989436300466654 1.00519425598822 0.990618759054624 0.996341980651537 1.06081921804013 1.0337864643257 1.05100641537947 1.05990693985889 0.981422420246449 0.990698855539324 1.00759124135876 1.01318556065404 1.01846639606973 0.999629959601284 1.01190664939392 1.04418623481278 1.01168463082451 1.01139967652765 1.02045955022868 0.980688601690161 0.996599972457203 0.999822806359639 0.941162853758541 0.95209719171254 0.999620268081679 1.02089385583725 0.979571709073606 1.03633932240225 0.996146155841424 0.97681315875023 0.918399237903225 1.01948288495777 1.01073242926823 1.03231691975949 1.03007859904993 1.02487941584075 0.959553487603844 0.986408804694768 1.01227087716516 0.97833350603589 1.03200392293016 1.02520111212578 0.987951350944875 1.0144494274405 0.975923110407389 1.04582815096752 1.03036991046786 1.04521904227992 0.997511323159891 1.02211587380766 1.05213606055943 1.02505366865653 1.03383825531525 0.997174415572438 1.0508618126843 1.07643265268012 1.04914210325969 1.00867557128225 0.985122765274922 1.03700127999254 0.985363252259636 1.04778232752557 1.02522694936429 0.998876570602179 0.967013705525665 1.05064183300012 1.05480042777694 1.07549111903638 1.04535666015986 1.05779039807431 0.977187951238211 0.992722124305668 0.998082174220622 0.943706282587629 0.941272860281485 1.0308237898743 1.01193954247648 0.959045464148976 0.973531432215816
"BoyEdIda_DEU074_1" 1.01820407928856 1.04011660899011 1.01654322765724 0.976250355157645 0.973655389463762 1.05830378063539 0.983177909620881 1.00491666793512 1.01430238166924 0.992983518625323 0 0.965773185643097 0.998287031291954 0.9570613452827 0.98853262574631 0.986317404674325 1.00301694985302 0.988563387047055 0.955464649842499 1.02178366060046 1.0193849300651 1.00149732163394 1.0359679832568 0.966338159831274 1.04102704140619 1.01525035791067 1.01103450848752 1.02469130537638 0.982988586277927 1.04141871783948 1.02199664183329 1.01571158310262 1.03595654315492 0.998678105834723 1.07545081142123 1.04931529965964 1.05597737563521 1.00194117610653 1.02579931820068 1.04398782620035 0.984941646081934 1.01509067380061 0.973600318006282 0.981747156050857 1.0009386651594 0.938013856745432 0.976927978111083 1.02867978390006 0.990221893513537 1.01480769936839 1.05220258956546 0.986009531799947 1.01255417238019 1.00518619298711 0.998058626286812 1.00559280969083 1.01837683109114 1.02220698414756 1.02775074632234 1.01704720055252 1.04570888816589 1.04368931966972 0.95858163304369 0.988786167891629 1.02806187955655 1.01803147605343 1.02183098673867 1.03348779795164 1.04775216168408 1.03225316178665 1.0302810265664 1.01153354456267 1.00361729307336 0.997710653493421 1.0323840403484 1.0108265632884 0.999361792211164 1.02076001506392 0.976947045300468 0.984264200293442 0.980038105217486 0.998144934128003 1.01800791671116 1.01188537419305 0.984047303874891 1.02562104463201 1.01963830811584 1.01126947802982 1.02453765307931 1.03296537028323 1.00141049409494 1.0128014025986 1.01753650305318 1.03815425918103 1.03777467569171 0.967038666298639 1.0099836098868 1.00518289531929 0.976103886842032 1.0224592137504
"BraunLily_DEU082_1" 1.08098938045479 1.08751426390486 0.986053674229248 1.0067752506821 1.01549664042577 1.03415810308585 1.04845274573649 0.997925357080485 1.02110733318771 0.968664132158264 0.965773185643097 0 1.00617801392205 1.01232608272024 0.989164542613204 1.00348336813286 0.955394152212046 0.983940737566055 0.981060723318605 1.01580016219382 0.950276220396119 1.00751702147646 0.953323334918959 0.980729525799488 0.967416098361145 1.05315815440779 1.00600880873199 1.03629842208929 1.05182529714332 1.02216868364736 1.02191909846216 1.03944828484581 1.03514925315185 1.02100252674808 1.02944205132606 1.01840121579679 1.04433705852358 1.03501029910997 1.02355664420208 0.999866815793138 0.98822472909187 1.00705830512668 0.984637972641255 1.00321845817329 1.00877700809453 0.980080598584095 0.982820661330408 1.0181278469873 0.971590320499672 1.02750961144985 0.961706262145897 1.00360328953789 1.02127258179511 0.982220883999595 0.982272653168224 1.03519948125003 0.996961441643776 1.01318633340954 1.00430032657578 1.0095512616368 0.959266598863429 1.04327331650286 1.00799918323281 1.00106752912367 1.00251207954469 0.967787098858143 1.01359447531359 1.06130487595141 0.99992496841316 1.01464929323486 1.00609848208886 0.994276153523986 1.04207223191809 1.07314252597828 1.02400666944082 1.02972709162077 0.990593157293341 0.981304217360709 1.01540246042377 0.957466406077092 0.984252230213573 0.97226897388636 1.02968118961805 1.0492161705267 0.98385655631143 0.962071844277903 1.05422139710685 1.04796204494738 1.07191848615548 1.03838760651903 1.06310824061244 1.01781437207767 1.01791025203985 0.964145361646108 1.00856757504777 0.965074384061746 0.981966969625383 0.99266067215995 1.00151239096367 0.981200103305816
"ChristenAda_DEU064_1" 1.05380448432599 1.08115729071619 1.02581965199543 1.0142500255921 0.951624294752244 0.957836833069198 0.923535119805102 0.977297149364457 1.00650819812599 0.991384312641497 0.998287031291954 1.00617801392205 0 1.00234206641382 0.977456166952583 0.990830953005102 1.06579830146098 1.02711874139982 1.02824752376079 1.07530991083368 0.973838780778936 0.961016499980969 0.956464078492437 0.98199278541418 0.994750909735681 0.9845807596662 0.962045503581245 0.998127075521547 0.96579458447016 1.0413396216582 1.03194546289306 1.01641507328899 1.00971733071312 1.06260901194529 1.03723504139706 1.03661893077492 0.999225402235243 1.04797556563263 0.948846973240216 0.92742114214303 0.976162249741134 1.05618286382039 1.04461916772925 1.05682969700378 1.05220112504458 0.972143922065207 0.95717075650061 0.987340989862133 0.994323322022987 0.994846686967433 1.02308818987991 1.03940710123318 0.999820698531373 1.00276798585155 1.06551411695254 0.978875705302271 1.03681966166943 0.999720564540944 1.00751901889492 1.00766417397051 1.04926615448103 0.998931521988557 1.06548799415026 1.02510991672112 1.01867036537695 0.976605485751071 1.07831206223007 1.04096094207515 1.02539574175353 1.02563391695215 1.0411668320352 1.07583633317079 0.994281438585594 1.10382535010884 1.01578382005349 1.0395675291021 0.998220676832068 1.02645541731591 1.03371717378963 1.01884129663478 1.00015417085049 1.02092855021591 1.0311135263605 1.03078240356945 1.04554828610442 0.959158456819169 0.988230722520941 1.03122437144558 1.02239088246593 1.03442584926505 1.05482353337639 0.985927801397304 0.974507981370499 1.05083331475821 1.0488947943523 1.00839180555148 1.00950945284753 1.01751788795492 1.03898776164962 1.02222998945022
"ChristLena_DEU093_1" 1.01762379958286 0.999549446798689 1.02288043182029 1.0337779579474 0.978406111902851 1.0421745660646 1.00433841170758 1.03576081838714 0.983043786503424 0.997984466017509 0.9570613452827 1.01232608272024 1.00234206641382 0 0.909033136962003 0.980618314985041 1.01823560895751 1.02771639017711 1.02227247270128 1.00926232847193 0.976364213521655 1.03453068123926 0.997528513644397 1.0120080073602 1.03013117096676 1.04878426390419 0.994198637134253 0.985224085805508 1.00691063111532 1.00173678527882 1.00338611806176 1.01890007435115 1.03036608134951 1.0164494683509 1.00500961994506 0.993287306763909 1.01087865878033 0.988791242253332 0.930391747586147 0.986482839517904 0.966681160286841 1.03700131665881 0.96747862098989 1.0524381440172 0.993704804393899 0.990132060257746 1.02464323872286 0.990681558615389 0.983106146769189 1.01186747825645 1.00333014972835 1.02856126521025 1.00724265984014 1.01344216822896 1.01244946925063 1.02812746162865 0.95903247027218 1.02804259103065 1.05043079123878 1.00912238090724 1.02745275040281 1.00689580537249 0.975148768348034 1.02061908228703 0.999406248356691 1.01555526452654 1.03187417213931 1.02537967804676 1.02290069469168 1.03731295567895 1.02747340812767 0.997821126089295 1.02346271791404 1.0310219990326 1.01251480653011 1.0428707493962 1.03808659949006 1.04700514648058 1.01258526222292 0.997675809865758 1.02619590434564 0.987466228731257 1.06822425502086 1.06542481208029 1.03547777855735 1.00416767637728 1.01204404510156 1.02271783073043 1.01341931437978 1.02182864316239 0.99701477094133 1.01321762645796 0.952474174105698 1.00663480475238 0.973697474015563 0.990388515652016 0.991980961350326 0.970474383876886 0.967418263723805 0.991970808439735
"ChristLena_DEU099_1" 1.01405909093818 1.02527811882186 1.04214776152974 1.02325278255142 0.992266889568605 1.00399566648544 1.02242977674157 1.06310897417378 0.968432253844487 0.970240100848018 0.98853262574631 0.989164542613204 0.977456166952583 0.909033136962003 0 1.0320340727931 0.965145725531131 0.991356153672654 1.01709389202773 0.967470723160096 1.03488039604437 1.01577320153059 1.02615568613059 1.01564784463422 1.01519465537517 1.06505718290103 1.04034007009871 1.02833382436966 1.03066208149054 1.07732705633051 0.99640446326692 1.04604319371334 1.07286471743356 0.980103996358603 1.03066042101587 0.990886108522913 0.99715166724039 1.00055548692846 0.989447737184412 0.947058932413633 0.92076266575821 1.01215124778717 0.9985268842686 1.02231921467134 0.988962006461601 1.01644749178212 1.05152889999992 0.951559326185626 1.03156544279654 1.00150282632659 1.01161293224965 0.992736690413125 0.999781441821238 1.0246645565506 1.01712697712162 0.985480347003101 1.00843283677312 1.01884082502776 1.01505686619902 1.0279879908195 0.984644514463735 0.951096498921704 0.993326875378806 1.0093365416382 0.995715227628844 1.02410199828968 1.01286575949944 1.023333313579 1.0249063576478 1.0022412770006 1.02280115028316 1.0405344945378 1.00660493594709 1.0601477490209 1.02633077045952 1.0141443144402 1.03338380102526 1.03669126462353 1.02387574933334 1.02881215090173 1.01828279373743 0.989381970838594 1.03604668799729 1.04743800377993 1.05408401162048 1.00203695987663 0.965311833706732 0.949697267360994 0.995084801103766 0.993589982028359 0.977485407705284 0.961380346630663 1.01560614423603 0.986696043005628 0.968554599837216 0.968331654400463 1.0180472529957 1.02223808665145 0.941020356018209 0.995597188832501
"ConradiHermann_DEU056_1" 1.04797184868931 1.02909944110868 1.02741744603469 1.01878685591604 0.959516167289006 0.973247369165947 0.97768848926797 0.934110740575965 0.941948036532943 0.961047444789371 0.986317404674325 1.00348336813286 0.990830953005102 0.980618314985041 1.0320340727931 0 0.997157766831595 0.988220487179636 1.00368721274908 1.00550828337405 1.02048699610066 1.02135942501896 1.00954470128144 0.974422790512959 1.02346415206112 1.05906230893245 1.01341348613532 1.0413528204471 0.999338016540897 0.962030765606071 1.04957821664414 1.00096771050532 1.01199091511442 0.984058218962892 0.966557580082236 1.03345242447375 1.03019291053954 1.05503663012862 1.04522169493989 0.999578366797738 0.995780956854631 1.01519663805383 1.00513098298843 1.012951829825 1.00664652580526 0.967957158490322 1.02149384017002 1.04735530276895 0.946347609992741 0.972875316068183 0.932116788819696 1.03629207089517 1.00386719689284 1.03516837228888 1.0039725282485 1.03807467791677 1.04563931091713 1.0066462633966 0.995068246469349 1.06241087678519 1.00952612885136 1.03068171754024 1.02228030104058 1.05936438316982 1.00651729916924 0.937097868390917 1.0280239067736 1.04418402733009 1.03574503565059 1.04184012355689 1.02789920508231 1.02443193443119 1.03299681427454 0.97257448148241 0.984163575300234 1.0166748002564 1.00347045899882 1.01807671522662 1.05676101001462 0.975753850237758 0.980788875214791 0.973051573965689 1.01625276871368 1.02125592282636 1.00402221565654 0.988649039711484 0.999839771149501 1.04918852259736 1.05900005880283 1.03609033825492 1.06088424112395 1.08240034474714 0.99807310610602 1.00929616650038 1.0019512955605 0.983004408529236 1.02978328779394 1.01208794188542 1.03093673658044 1.01669330521646
"DahnFelix_DEU044_1" 1.02115965267128 0.990592746964077 0.983998242445609 0.988685418566943 1.04500046053701 1.00990300628761 1.05508855723386 1.03581587461252 0.968574380635152 0.935008310254341 1.00301694985302 0.955394152212046 1.06579830146098 1.01823560895751 0.965145725531131 0.997157766831595 0 0.987314547544413 1.02795620363235 0.997617087554499 0.956622946461214 0.98475539478072 0.967546196437722 0.976627696691492 1.00051459061336 1.03719785719923 1.04409463164753 1.0037027177067 1.0287247922623 1.01059660971255 1.00326144354618 1.0642593987102 1.04736382840767 0.974683893321059 1.00656812792777 0.995291535471531 1.00697455192799 0.979647092028743 1.00042917698655 0.981276494990735 0.989474271830189 1.00600818172648 0.984365522586154 1.02540454579469 0.980459516252265 1.00611325982789 1.02141634040815 1.01456756575775 1.00400499370929 1.03568785795282 1.0224606569369 0.96051003568957 0.965934102659112 1.02961815142063 1.00980277326485 1.020034718029 0.99481101157157 1.0133796580553 1.01194460974328 0.960452733708751 0.960993480850863 1.0522168343118 0.993795053638295 1.00370656439117 0.998086724549326 0.967211348313434 1.03794856679797 1.00906256810346 1.0210663426898 1.03028410610824 1.04356666107049 0.976589216531483 1.05418493096318 1.05696972606682 1.03031004506448 1.04797675090873 1.03659377210609 1.05404160350946 1.00851746441609 0.981622276669145 1.02254544989098 1.00995680474275 1.01010905531464 1.04655053917844 0.990087707777952 1.01834122957627 0.986969190768131 1.02086677571238 1.0072416735114 0.991406433129693 1.04106218420627 0.988045746998275 0.991687329261348 0.98876518665066 0.985649526195225 0.957083428617612 1.03580323200334 1.01818143172476 0.941907763095891 1.00961356037185
"DohmHedwig_DEU057_1" 0.969370887983503 0.968992241578954 1.01182068026137 1.02310253080312 0.996199657437414 1.04488441236477 1.04296981024081 1.03535786939837 1.05262890605063 0.980280827435808 0.988563387047055 0.983940737566055 1.02711874139982 1.02771639017711 0.991356153672654 0.988220487179636 0.987314547544413 0 0.971573138639628 0.921712093339807 1.04580202494923 0.970548893204285 0.959020987053524 1.0250825007385 1.03206673283539 1.02708106620816 1.0423827893466 1.03802996375722 0.995770890070366 0.980062142956035 1.02396456697384 1.03471804745069 1.03222828184526 1.01539161011383 1.02810153722455 1.01760216298137 1.04066300478138 1.03150363999216 1.00825831181794 1.02119277883131 0.973991947119893 1.00422177034437 0.981453895500614 0.942937776115213 0.94430048069005 1.01062468044707 1.01309518529122 1.01642782864385 1.00493347528912 1.01537936729203 1.00879112510522 1.01214974313709 1.01690910180636 1.01076034201578 1.01977725130648 0.999660448419891 1.02469259111285 0.955199497858576 1.01863846523224 1.03589863616329 1.02409024947315 1.00203957493435 1.03307065794792 0.962113491350985 0.997970170716128 1.00602897605459 0.979798927844622 1.02607808665931 1.06407500277368 1.04318414450802 1.0350504403313 1.01384151521052 1.01097503859326 0.955491682169729 0.974659387667422 1.02084738078503 1.01062522849611 1.01806247607289 0.979999906690754 1.02647012463095 1.02462007741301 0.948159949714648 1.02363529248544 1.03242132269158 0.99514882924629 0.987387384934802 1.04454774715881 1.00868690721785 1.01947809287769 1.00519524967327 1.00892618999352 1.03457133916404 1.02796823381343 0.977155580457263 0.954699714308137 1.00883402020882 1.033505029492 1.00784439049239 0.976689159901175 1.01152136818313
"DohmHedwig_DEU063_1" 1.02244081082191 1.02918774603303 0.990533694442666 1.00772512914556 0.979037671627241 1.02005975733403 1.03347719370547 0.945488203776166 1.05203690753837 0.98315167159172 0.955464649842499 0.981060723318605 1.02824752376079 1.02227247270128 1.01709389202773 1.00368721274908 1.02795620363235 0.971573138639628 0 0.978841731175861 0.998732387176547 0.940484633330853 0.982642843840413 0.951802517823908 1.03110835227227 1.02596189234362 1.0279743333619 1.02218397013225 1.046530121139 1.01560405115108 1.04616891917579 1.04184559371389 1.02948827197635 0.984600168502735 1.04144271370684 1.02928712698308 1.01479870736217 1.06237350226242 1.01183122689795 1.01036083860071 0.989078991890124 1.00051690803129 0.931817366110977 0.994461364415639 1.00538001471027 0.972472662071632 0.997968093331959 1.02571249766535 0.989742647785577 0.985464015596074 0.98774133780151 0.972974471803652 1.02991476618087 0.960355136933938 1.00223763501507 0.980372508943989 1.016066309327 1.00230017857742 1.01253674308743 1.04235414457341 1.01523073436141 1.00363725341326 0.978197847638826 1.00482762417993 1.0056612792116 1.0165080739982 1.07258638232893 1.05322826310119 1.0274676047707 1.00539964423776 1.03741304312631 1.05490739601576 0.989819749698654 1.03544176301787 1.01613567738507 1.00397522370332 1.00511625970609 1.01862216160684 1.02137270298643 0.997701336803085 1.02495491413423 0.967936784370304 1.00342507165788 0.997422141262491 0.978018520505397 1.02311552055185 1.03299231772541 1.04151455095735 1.07235805127441 1.00233876386089 1.03284046016355 1.04238401965889 1.02994415196049 1.00309397597539 0.972854412591367 0.968750564786057 1.00745599753213 1.03174553921726 0.984236537529586 1.00126552265078
"DohmHedwig_DEU073_1" 0.966640429974258 0.988108222160209 1.03169122707081 0.999102165614963 1.0457050011795 1.02846004464463 0.97415237351625 1.02338413009321 1.01698591318988 0.970007323619963 1.02178366060046 1.01580016219382 1.07530991083368 1.00926232847193 0.967470723160096 1.00550828337405 0.997617087554499 0.921712093339807 0.978841731175861 0 1.05588925479134 1.00528895476903 1.00596587070421 0.993504529626158 1.02474821159654 1.04693652689944 0.99305043153346 1.04694219017225 1.00808423975697 0.973635585658857 0.993269236825073 1.03240651826493 1.03337217992834 0.988817626242345 0.998421016689636 0.97893984627993 1.04704307255699 1.00413515140766 1.02014961063921 1.05102673720805 0.995418746139118 1.01290139586927 0.975505020795145 0.947009214209625 1.01299662817544 1.01016785986699 1.02869425811457 1.0174955883175 1.04230833973842 1.02825100087149 1.04802614041186 0.965153719524016 1.02197952599717 1.01916808617853 0.995510794623455 1.03297784319351 0.976577246056229 1.00953093848301 0.995492224415501 0.988502237159569 1.01515469951116 1.0096921272696 0.977376344371314 0.937394881345533 1.0023987401868 1.03367258057184 1.0377843768067 1.04066342338845 1.04925642493769 1.02763311792495 1.05765730997511 1.02432683104667 1.03263342010066 0.949004410148641 1.03890844923902 1.0148968853974 0.994148073272319 1.03194732451405 0.967343911654277 1.00018916837739 1.01326179040771 0.993616125073935 0.981321635858626 0.999607611805387 1.00025968823325 0.996464275867092 1.05264778449066 1.00126851745796 0.987685281862743 1.00030892373498 0.968171889532607 1.02387513802197 1.05134281280599 0.982323647671136 0.945924357683446 1.01906396587932 1.02332734848246 1.02952413133652 0.938261079273808 0.991784314306214
"EbnerEschenbachMarievon_DEU027_1" 1.066875955208 1.05629529058333 0.989258893922554 0.975117959643341 1.04254322132753 0.988493019215972 1.07810056364075 0.986833039255129 1.02842321751261 0.941690700293409 1.0193849300651 0.950276220396119 0.973838780778936 0.976364213521655 1.03488039604437 1.02048699610066 0.956622946461214 1.04580202494923 0.998732387176547 1.05588925479134 0 0.926977382727893 0.941676602232937 0.96569193873185 1.00071501334489 1.01645312764614 1.01692762277166 1.02068530024517 1.03895747097313 1.0370134758183 0.995786888404703 1.04496041160587 1.02561048498516 1.03869322771827 0.956567514941656 1.0281305379572 1.00859462480305 1.03201424642197 1.02784988744283 0.983544822830267 1.0344250735491 1.02839445781201 0.990553470719018 1.02192505106325 1.00115878200187 0.96804980127781 0.982962462959195 1.0278329045029 0.992468021676798 1.01155335252993 1.03117594800877 1.01581245874528 1.03793099568618 0.986474202736587 0.967221323360713 1.00723512764124 0.993049314477447 0.990951266648212 1.0484764039513 1.01681167743393 0.996477120311592 1.00837983846762 1.00116448545152 1.03694472091066 0.982664385113263 0.941495571327649 1.03282888004812 1.02509392872471 0.986026060450341 0.991504426764403 1.00566040448674 0.989619460619901 1.01921723927831 1.07007285661118 1.05279565703696 1.02385118714785 1.03380102582829 1.00542728638458 0.990178014186451 0.979913100594848 0.986538906679814 0.9932276445218 1.00382876515304 1.04968505929284 0.984379733788131 0.957883142044499 1.02285837783321 1.01352990900266 1.03912423550097 0.99274876367546 1.04271729682396 1.00953541305361 0.986164918625216 1.04460448284091 1.02646993268781 1.00649126729464 1.00383536204483 1.02398306088073 1.02444405015207 0.991758672117275
